21798
6550
1953
14532
14583
12852
4374
1757
9355
5625
13743
8860
8974
11023
16971
7468
20923
721
11292
13790
11593
17030
4961
19094
11502
21577
9891
6166
1068
17326
4762
199
19639
6311
1620
24305
21126
13971
3380
15086
4964
15124
9604
21192
11057
13630
12506
14066
18592
7324
1637
4425
11657
6921
9269
7219
25394
9745
17702
657
4878
23733
1625
11992
7456
5473
24111
18151
19219
25980
23829
5027
7794
25534
27502
9398
490
14304
16399
7265
19602
23790
8061
23416
2167
4866
20500
25840
5904
6674
14148
21897
26498
8869
4336
1421
18444
26574
5979
12203
15928
16881
4871
15883
17835
25540
23268
4485
17274
25272
426
24499
16968
24966
7753
5029
6542
2318
12079
21191
979
11703
3915
14118
11438
26927
14591
20292
27461
12046
6340
2367
11817
10857
25788
16995
24534
5198
24695
5464
17693
5136
225
25294
15720
24503
12470
10880
16080
6079
11431
20868
20573
24573
1643
14415
5178
10343
26351
8899
1154
15363
21379
20030
7179
5636
23588
318
17581
15419
4663
4885
23547
22118
8646
1401
1567
6468
16847
20874
20267
26067
15453
474
4093
15499
4033
1990
22535
24215
10625
11400
2472
22933
11447
18579
8847
491
13659
19766
20629
25654
26342
11123
26670
8740
6070
105
11765
2226
14766
24516
19687
12209
11512
15116
7969
24543
5510
2575
20792
3040
11268
18367
23320
9974
16619
12539
27122
19058
9035
25090
26709
26772
4940
19613
7324
21495
13552
7648
3506
9622
3455
13106
15602
4617
15305
17794
11956
16172
23489
21286
11255
15625
3427
20300
17928
1866
16842
23171
965
1801
23994
13956
26951
17071
21616
16505
4876
19596
10273
17321
9149
15513
1637
18796
5970
1857
9674
22012
8745
13700
17847
15109
9205
10672
11897
8338
11814
13980
6278
19712
17184
1872
10564
12107
9734
8253
3862
21023
19651
25587
8318
11286
26198
1907
16751
24592
23363
25966
27041
14976
8694
13179
23192
24570
16779
219
6481
15261
11590
23193
871
27295
2567
20331
21931
713
18289
13011
3371
25956
10229
7584
17889
2266
6691
12922
27413
25061
14334
12599
21314
15217
12827
19
21662
21451
18583
16811
945
16787
5956
15812
19598
5272
15043
22501
8392
10700
9153
16920
3393
27095
21320
19208
4870
4228
5728
15778
14210
16000
15675
484
7388
13160
4504
6590
23796
16587
14985
1190
5164
16381
27060
21010
16071
22644
11179
10926
4821
16736
6168
19436
11570
22694
26472
16393
15010
22424
8667
17374
22253
21723
22193
22089
2219
1741
10195
23302
23968
13633
17949
24505
12487
23784
2479
12038
3271
2210
16915
25933
9702
8573
22332
17858
22679
11793
2561
4244
7578
11101
9755
10626
11631
17524
13096
11815
14118
25032
26187
27290
19272
24383
21579
294
8962
25240
14983
20373
18533
23978
22660
13595
16689
9702
1110
5706
12431
6511
14586
17344
26572
24501
26839
3727
23682
26069
8310
18800
17783
20897
14009
26806
26790
17482
18679
17373
16086
8583
17766
22473
25373
12454
1315
5410
10967
21580
23878
27523
13729
23740
8523
160
27159
7598
11661
12193
1279
25121
22730
3037
2153
858
4888
19746
14535
1308
1858
10885
6208
6746
14844
988
20345
447
925
4282
12630
24559
12380
10923
12993
25234
26586
5707
18377
6602
8342
10980
20087
3601
5043
19462
17553
621
8875
14018
7931
8827
4069
2918
11021
9404
13357
21601
4144
7256
27531
19417
14107
2113
14146
21266
11156
13411
16548
2589
8854
11984
25286
320
21635
16016
6525
4783
24646
20865
16828
19271
27221
6027
702
9206
6660
26294
21345
8997
8632
15160
11507
4584
25847
21261
12843
12939
23176
20533
4614
4446
5440
1460
4402
7720
8150
13907
164
14750
15545
9414
5598
6417
15470
18370
1776
13999
6523
2000
8567
6154
21602
23267
8631
5614
6375
20717
365
11784
10655
6050
1587
6733
17670
1483
16956
3228
12695
19302
16373
21894
14920
13326
17837
15122
10877
524
14084
21025
21089
20852
16552
4554
1761
2445
16639
1231
16533
20118
16942
3308
15586
11745
14008
6808
3161
14241
27477
24947
10558
18143
26596
1872
3055
13004
771
21132
307
22350
11775
17155
26647
18321
10561
26972
10066
9890
10936
18946
8730
14765
15151
17692
20895
17211
25818
26691
23409
6284
8040
9958
6208
12939
8481
2677
8356
12570
19593
1960
26595
25796
26652
14206
13334
14979
13273
7736
20019
17622
2228
16408
6878
7885
8161
8917
3688
2210
4902
5541
1044
15599
27052
11940
17277
11126
27521
5013
25454
13696
2608
17130
12433
23859
5274
6617
17567
5569
10070
24169
8453
23279
22769
8851
11527
17555
20863
23254
893
19569
14820
21787
6633
26199
3207
26596
16915
21977
22686
25018
1212
16382
15396
9765
11641
14926
19935
7001
16291
27502
19362
13085
10200
25358
21505
7253
2153
17093
20300
447
15229
7261
24223
22664
23658
13915
3335
24429
18873
22773
15141
228
8623
4823
7270
8838
19676
21027
4239
26620
2718
2155
8275
3453
20278
23953
5855
22788
8621
25707
18024
20685
26741
12758
552
2481
19001
17321
24375
21063
3245
17189
8240
6628
11398
5250
11665
5069
8160
1802
16056
12471
2904
21581
1579
4391
14603
2014
8410
11675
2272
17458
603
24813
10888
15797
1450
21897
3272
11082
8684
8333
9617
10536
12520
19360
13652
11443
5826
5474
6301
3127
5575
11579
18754
15661
13325
20988
9289
11041
7394
4127
17123
12772
14455
5392
13985
6292
18779
8365
20190
17152
14607
23311
12092
26843
12064
3702
23401
10601
17742
4804
13264
13743
20276
8716
20684
13793
21149
5954
23401
20949
18057
549
3717
10653
518
19639
362
19050
9389
11989
11494
9083
26688
9649
3643
26235
12218
1495
18304
11551
1841
16956
2314
13928
24988
3649
18442
20303
25164
14471
2627
13534
17451
7767
10046
21331
24692
1736
228
26012
25862
25861
3242
21029
17743
17622
24129
14026
16338
13828
12293
15329
7159
4402
910
19029
14878
9179
17970
26077
628
7753
13503
12178
16499
1931
8202
4642
10821
377
4494
14832
19730
22960
3902
21379
19115
9586
2378
15939
22949
19563
22992
17925
24575
10246
5617
4201
7958
25465
10283
758
2136
16267
2860
12033
21169
2262
26582
6070
