1822
17075
17720
14333
15317
20519
6530
3941
24002
5279
13419
13845
25911
14777
23524
12225
24190
24730
9588
13065
948
19967
14947
8712
6598
24783
18742
16538
8591
9660
21858
2834
3023
14921
23761
6273
26695
23027
14096
10197
10594
10088
14075
13809
21233
27350
17249
4441
26571
22757
14440
1761
23814
12859
22177
5223
16750
26640
23769
12214
18675
11669
8422
9221
13442
19995
9812
21017
13246
8518
5201
20682
7303
25430
10258
11448
13533
9279
12328
24533
23444
23518
16557
2466
722
17600
12249
1992
5052
10366
15241
2048
6788
3741
2468
14767
10885
19697
3847
5301
25539
5683
21345
13886
11333
11884
6252
1370
9905
19671
1742
10000
30
7611
23787
15039
27416
17850
7010
14874
21316
6968
24443
11032
20989
19384
9627
7090
22406
9979
14587
23769
26802
19729
16899
21939
19489
11825
9869
22552
11841
25287
17660
24424
130
3953
21637
6365
10519
24316
6689
11236
208
11787
10796
14304
9354
229
505
25775
2849
21921
24283
10703
14868
1370
17862
9402
13970
8562
24270
26171
3592
2270
4783
7708
4553
11198
7454
12746
15916
22833
15863
12643
7701
15641
2866
23074
26341
19078
1871
16809
7907
19187
20591
5440
8782
5199
2063
965
23586
6882
2794
3165
9492
10370
11505
6880
25548
16078
3659
2077
24118
19824
25291
10435
23387
4168
5517
4800
1980
19676
22619
7745
3002
5175
24428
14202
15036
12342
4155
6266
9211
15340
8510
17214
6187
4904
13958
24223
11286
3803
12985
10984
20221
19992
4707
342
2639
570
3394
21678
25802
12373
20452
21243
12555
23888
23865
23615
24149
10929
8072
15919
17963
7846
9033
15156
4566
23453
23311
5671
25196
15567
24254
26415
16286
15117
10712
11435
8094
26561
8
22893
1719
23468
24504
13784
20377
25506
9199
12551
2323
1176
16220
22513
930
5052
24501
20967
19794
24632
4216
1785
6576
10311
12334
10686
19801
26831
2508
17248
25183
13010
6898
3079
12842
27032
9196
6742
8336
20926
3990
3759
19568
11192
23769
2582
19853
24666
8576
22739
24557
4667
9910
19712
23326
23346
25286
5105
24680
11661
20913
4643
8781
21223
26797
8979
12463
18381
1154
12979
1775
23916
24209
644
26195
8814
7283
9930
10543
20415
13201
16863
957
10742
22503
10720
16514
12463
13553
19870
23953
5403
8855
9075
9026
19996
24830
7415
25922
9747
15764
2406
13736
16645
13453
726
7525
26997
19936
13485
15896
14239
602
24364
17472
24399
17086
12152
3809
21085
11870
13336
477
17525
21666
968
2458
26671
22787
11651
14460
20237
23398
14691
13333
10810
11741
2076
27276
4559
10896
10857
24673
22483
3061
20897
38
16315
23545
1549
22661
3079
11585
19161
15535
7667
15077
7935
507
11996
12954
7714
6885
8981
26299
16883
5054
19284
26230
7455
2881
6713
25401
1983
18843
14534
24754
15758
596
18767
9434
4898
8551
17038
5396
12045
12307
17199
18796
26128
16273
21462
10281
12477
8394
23562
173
18870
2645
8251
1196
8913
21131
22575
1601
20215
14126
3071
20958
1712
15753
22963
12237
17795
2933
12029
16624
9580
16216
6079
18527
19089
261
4910
24973
17877
6270
15054
12851
19120
15906
21347
17355
1684
24262
27135
14756
17268
19901
248
8338
13264
2639
15650
14613
23585
17840
6183
24542
12129
2583
1814
24979
23837
16335
6187
17842
26564
26343
5462
10773
14406
12721
4654
4938
7607
9901
13448
18667
9159
23809
3803
9846
24014
21515
2635
24050
14186
26329
24525
24229
26443
26208
6901
19821
4208
18689
26331
6217
16957
6396
8790
3042
16275
24239
8348
22994
25738
8878
27167
25624
11554
16817
19614
26153
16101
14432
4668
10621
19998
19007
27337
14618
25507
16567
10113
23926
4734
471
2144
860
6079
25384
10382
1462
13741
20890
2529
1700
7181
17969
9660
14063
19258
4615
16038
6190
26950
9685
20508
1185
21920
13772
9588
1691
7016
16883
9266
10394
12470
11595
5855
12203
23184
14045
19256
23655
18742
10738
6217
6732
19072
25629
14776
1904
7310
4490
24876
24890
11462
27171
3103
2366
8411
7472
24688
17561
13526
2300
1922
23247
372
749
2028
358
13613
2483
8637
1913
6260
9462
9622
24791
21645
27279
1994
20812
708
19704
226
25472
15832
25503
20420
18559
17148
10989
20497
9928
17611
25587
12238
26517
9715
19117
7847
18351
9575
10022
18155
6229
23321
2948
24463
10007
3508
24395
20475
18635
869
14628
22411
21963
20629
14910
22152
19360
13398
26698
15698
3251
6790
22856
18678
18640
357
11402
6073
771
27398
8707
7372
4277
6204
21514
19718
4865
4362
19535
7549
14401
24789
8505
21069
22149
6235
7597
19723
5944
26406
13305
17283
12517
173
25522
3032
12031
26965
11345
12651
9947
16150
12754
25836
23525
21552
349
11152
26003
21288
23391
2652
11375
14378
3666
11856
12710
505
22029
3731
20380
11553
23017
5133
26824
19688
4042
1102
22325
14266
25392
1155
10790
1670
19819
4954
8242
5849
15539
15765
27415
966
7566
26188
17914
14723
1085
12650
20242
16966
4735
16809
24907
23549
22256
18678
20521
5587
7521
18166
448
15912
10563
9353
23125
12636
19211
21219
10431
17613
2415
6848
22524
18865
5769
22125
10798
11881
4505
21983
27122
2939
8971
6662
962
1291
13559
3118
10785
24086
7735
26681
21868
22704
14316
14784
6597
17322
6821
17700
20738
13729
27473
3588
23840
25064
5183
11181
9956
12256
5345
1721
13227
14856
24331
25589
18424
24604
14465
2513
24287
23801
1340
4452
14263
17687
15989
17841
24691
19725
2147
8467
25287
19049
16612
2123
7627
9943
26081
25898
20512
22374
18858
26887
183
21596
2819
6761
13787
6253
11809
16
24168
2417
14305
18753
703
952
5188
10945
14014
26111
2434
10176
12173
10771
8916
15077
8396
70
15489
21375
3182
15172
13251
9780
21760
17615
2408
19147
6793
4751
27043
7095
6894
2021
22256
9363
12725
4339
27394
21024
8272
9223
24174
24706
13872
13882
24699
14879
20829
22430
19987
12684
23242
16005
6079
16221
12793
16226
4000
25819
20849
22812
13313
19687
26445
18612
17378
14025
21949
22801
14156
12792
14804
27303
21856
11858
1201
24042
18519
317
6996
2160
14584
17117
14310
16566
