26527
9037
16588
12527
8300
5979
25947
20396
27269
2787
6105
26658
1487
22869
10626
19802
11629
21876
394
24637
8863
6021
8912
14417
22773
21398
16053
4402
1454
18682
23059
5293
7386
10568
21549
10283
9861
6626
288
838
2617
15237
24280
23310
15993
20628
19643
24419
14499
15848
11379
14180
19250
9591
10587
24915
2714
23645
1612
7555
25194
19533
21906
1859
9438
8691
551
1188
17195
19670
12644
22101
11141
12077
21125
6621
19473
18047
13067
21629
4905
24175
23302
9939
18144
3854
14435
25369
3904
11888
21433
17450
3092
5534
16420
21451
3563
19154
330
5479
15033
12358
14205
27030
22593
1860
14020
1020
27191
1243
6446
9763
11209
10745
8814
14488
12798
6887
7360
10879
25274
18883
13652
27472
27191
24499
6651
6388
27175
7743
26099
20514
13349
11179
21528
9057
6250
19971
5578
4589
3604
5279
21752
24697
15072
15040
7946
8985
19335
4884
19428
13890
20948
16373
4634
526
19091
14879
18340
19261
2327
18973
7291
27547
16478
27028
18441
15410
24684
14340
1106
26836
13031
3824
11578
1035
18556
17283
10907
27270
7208
14067
11494
11519
24457
18414
1147
10537
3295
11391
17314
16451
22077
2506
23152
3248
8062
6269
24665
21490
5574
15765
26023
12448
6839
19360
11751
26108
26553
7172
10922
5924
1870
15824
8236
6426
3580
19837
14997
4815
4226
6038
18867
10347
17224
13671
7171
2158
851
1712
13727
25115
21057
12946
18783
12608
16295
11872
16778
13029
26869
19498
1604
17662
3935
20893
24586
8467
12939
16126
24195
20705
7928
15907
10328
16891
19977
10954
19496
19302
8147
15171
22981
744
23546
27019
21707
16775
1333
7457
17008
1102
24844
92
22261
19992
2822
14875
21520
18283
13464
20164
2363
6325
12727
27270
15798
5604
22957
1498
19267
17917
21229
6481
3661
25657
13342
3837
15906
4196
16769
4336
23356
7356
17959
10182
24179
720
17394
4906
25001
25410
17229
15121
15427
26976
16992
5061
4379
11722
14737
24977
16064
27277
21124
17363
11264
26971
448
6228
17159
5981
308
5631
6913
10168
7871
5998
8818
3758
18529
4121
10170
20272
27459
3357
10345
25054
11332
24923
2063
23592
710
18326
20817
21460
15981
22913
25913
18395
4763
22823
8910
22508
22140
4775
13957
18366
9950
11844
6227
15101
10280
4177
5314
26539
19155
26026
23243
26634
22103
14732
19457
25111
19305
21581
14767
2703
19830
7174
11433
25099
7640
12593
9625
17283
23132
8312
16170
3083
22612
2826
25828
603
25570
14436
27340
24541
6833
20728
1482
20797
1013
13140
20591
4391
8658
2528
7003
25571
27094
1117
20167
910
18093
24723
22202
6938
24685
5104
14741
16186
24946
9623
8926
19298
20600
580
27169
25724
17307
444
15174
22792
8448
27350
16054
19240
11436
3217
17357
20061
8497
27438
14491
4352
7482
26336
8734
4561
25967
27160
20466
19493
8632
2294
1567
9084
4759
16188
18574
21047
13275
15365
1408
4732
16253
23557
12879
21692
22804
12684
24898
19849
476
11529
11855
10789
2990
24171
17407
18812
24904
26378
24370
22384
6848
609
24824
26787
15545
17436
26298
13240
12630
23645
26708
19593
8554
19579
1088
13594
3953
21433
17736
22806
5455
4367
2394
17371
20601
8079
1599
21037
16495
22933
10098
25643
19680
5753
17897
2314
24388
23656
25039
8727
13964
22582
9839
11800
2165
21301
15698
4763
17254
24003
14572
23761
3050
2672
16330
27207
14627
9536
18683
10425
9075
11794
12032
19548
842
2845
18138
27065
4516
15160
20399
22374
19302
11174
12164
4100
7163
25128
6405
4545
17063
23098
25301
10496
21179
15360
24735
17827
4104
15445
20
18492
14338
23587
7569
9550
26000
26514
1270
22489
10114
4172
4496
1287
3841
539
11280
19169
24238
17445
15486
6992
27216
13595
21352
1331
11480
7909
13617
20133
14074
6081
24440
25195
9159
20145
442
5120
6516
3923
18493
20504
9671
6582
11805
2342
13319
24572
21695
18120
5018
23596
16932
471
19042
20087
12206
26753
17005
2346
9310
12238
18143
7901
3666
2113
3092
19055
16573
12364
10885
2742
15189
14534
427
23892
17209
5942
24243
9022
26220
13
13889
19380
9120
11394
2736
26037
12115
11567
296
6801
16069
4879
5775
17613
8752
13090
8399
16153
12932
10019
25824
19674
27351
10727
11127
21962
5007
24185
1103
20770
911
224
25089
23615
20290
6777
20326
13554
83
3791
13933
12664
13232
3300
19429
11220
1991
18536
18840
11861
9624
1470
17237
13405
2287
27384
16460
20661
19807
18730
6831
11593
8337
15318
7349
2215
1031
27223
14356
9188
15909
11233
20398
25757
4941
18387
9721
8859
13955
10095
9565
22672
4233
23125
25708
21839
27299
14713
23551
11056
20474
763
27303
21891
10149
18415
672
12415
6438
2142
16277
13240
19
9176
7196
2827
2276
1072
19790
9928
18883
4009
27161
25982
26038
24955
14352
12419
13565
7000
26672
5368
18301
19618
7563
25519
2452
21066
2803
6205
13096
16373
19520
15973
16001
26449
15007
9578
2305
12066
8120
235
97
4953
17683
6843
16593
18391
23492
10073
1062
20851
9862
21237
22444
10829
12503
26238
8552
21735
19831
23764
8865
1694
1782
8699
23769
189
24203
66
5673
1480
26570
18042
26026
26991
7871
23189
25276
21865
5765
12802
15991
2860
18424
6189
11547
27328
25958
2774
13819
17251
15800
21124
6447
25342
18049
17742
26364
14783
7772
21388
7563
22450
23863
12252
13664
19115
22411
9029
19634
19353
5558
8174
1847
10150
4402
24833
17036
11547
18855
8712
7957
18143
10187
5520
14216
12362
1946
16966
10574
4294
1977
6159
4543
17356
2322
4116
2916
22103
10022
23809
6815
16650
7701
17855
5108
862
8886
19981
11063
15818
566
18964
14086
9206
13716
24578
24640
16882
9584
20664
19574
12437
7130
1712
7495
12238
4128
19138
5905
1985
21364
10401
13769
2265
1035
5710
17963
19147
9527
15175
10946
14689
1602
26797
15497
11115
5887
20572
14920
5848
16889
4368
11090
10493
17645
2224
6751
12370
6820
2455
12390
18278
5140
1628
8940
12573
21315
7450
17255
17167
2828
19714
25939
5203
2306
11749
25150
26728
15451
18113
2481
12479
17423
13011
27008
16229
18652
11858
7924
19211
