13056
5720
18491
21356
23968
5221
23328
2851
11953
18484
18020
2034
16792
3687
27280
10882
5402
15871
17402
6277
13314
12937
16373
6482
19810
16342
5633
6204
12431
16063
14812
2598
15553
17460
22571
674
14126
1135
7497
6105
13918
15083
1533
4901
17094
4143
6922
11374
22971
26617
17781
4416
9933
25167
27105
27100
1562
12860
13508
9858
23017
4035
6041
16994
21236
5414
26646
423
14207
24582
16897
19767
16134
24482
24627
20935
10156
11679
11871
8773
13237
3839
26729
12335
19888
14891
25462
7909
9741
14779
3405
15033
447
741
27522
9069
18167
8596
831
12056
2395
6690
3796
9545
11660
12811
8395
15030
3071
14951
10401
11724
23634
25842
11781
21384
24520
25348
14447
12331
7605
16182
20963
7165
23938
1666
27140
2455
11971
9379
23577
1954
947
16057
13468
5792
10035
19383
27045
10498
4216
8440
16364
3710
16659
254
4772
19529
7002
13345
8230
26569
22714
18779
26967
21043
16566
21233
22693
15535
11581
14673
19277
24316
6524
12480
25607
1285
13360
23230
1269
2338
24596
26795
9617
8218
11670
9797
26982
7379
6212
2431
3090
16505
14787
12633
16419
11791
22274
6606
20150
3936
21683
21215
15341
5383
2967
12459
8632
12272
17394
26642
13864
24644
23909
26276
21623
70
26176
3712
9317
2704
20997
17561
24525
16862
13692
18456
11719
17641
17989
4314
24298
19409
11366
3868
10692
27346
25949
20796
25114
8411
12937
2033
10486
17811
7915
12349
13962
13181
16798
11814
3753
4111
3544
22154
20220
16843
23709
21415
25566
15946
2806
19614
10892
7043
4234
15754
3978
12096
11050
26745
960
18797
14241
14405
22128
13959
13406
24757
17742
24249
22437
197
24911
14461
6826
15498
8738
26897
18798
17286
19556
21785
17809
2396
11596
20169
9098
26833
394
26967
8384
18252
10846
5069
4306
11688
3190
5269
6246
20816
21837
1438
21861
27411
7697
3127
17290
11066
23299
5231
13575
13283
13884
1674
20441
25561
6609
762
2611
8227
8888
6080
7800
23168
15327
25510
19360
2157
11674
2323
17195
20804
14675
7439
25982
24607
16829
11031
4904
3212
26933
26424
25600
11918
22454
23885
9987
3649
8288
1062
32
11964
4529
4950
12376
25542
25264
17766
11038
4946
6106
23587
4072
26386
11403
21140
26556
18201
14959
17035
3992
716
8660
2014
15909
14910
5457
2688
18682
19227
2473
8751
20458
7758
3335
11024
21705
15194
3329
23936
16895
16816
18511
9240
503
9834
17414
18835
9046
19859
21828
6615
586
26844
2152
16338
3416
24855
11525
2734
4373
24325
18204
26000
13507
1509
7224
2786
11710
23616
18165
3656
19483
22963
26056
7351
9621
24984
8720
21243
24318
7728
2908
11360
16994
20279
21923
25448
16841
714
14418
25401
23132
27121
686
18808
16946
3952
20699
2628
17195
2425
11279
16831
22040
16208
11872
6399
13561
10063
9600
1327
17642
15851
4208
7108
4947
10
20214
458
16531
21146
452
10324
2520
1332
24119
23228
23103
3231
11937
19528
22560
9603
25401
26531
10131
4271
20188
23190
26013
1656
12127
8063
26558
20983
25696
14699
19591
26057
23423
1972
10704
19959
3807
5628
17963
19698
15450
2985
16565
25723
19338
10589
12905
26398
23743
4570
7720
15858
2567
26652
19205
9037
21849
12567
23888
23595
14512
2479
9610
10954
22214
16275
25114
15807
4900
25147
6340
19362
25834
20852
12568
22858
10255
1809
4259
16772
24388
2040
7919
18518
2475
25214
7301
11020
10964
4053
9868
6516
11515
2931
11690
1322
3368
4270
14394
24448
14929
13805
11210
4230
12503
6160
6334
23492
18848
16859
25826
12139
24947
17268
8022
2020
16597
3685
18076
23467
8156
6651
3685
12706
24017
22935
24696
11762
2270
12503
26187
2326
10259
2158
14128
6675
13349
13115
6671
13764
19024
3749
10690
7181
10902
4460
2638
21266
8485
18799
2978
23546
24218
12634
18673
2631
26564
2244
7938
16714
820
18359
2169
19503
3444
7437
10151
5744
19156
6894
24002
9666
10706
8565
2140
17792
15776
11701
11159
6500
20763
27566
16940
4451
20903
17123
17812
6122
8190
16802
9669
11905
4837
14851
19968
2350
5734
14598
17420
16137
9848
25191
22356
4967
10201
20922
25660
12644
1860
10452
4711
23319
24714
16627
26144
13418
15524
24322
20963
8571
6325
9416
10014
8279
25440
5802
12927
7549
11366
18841
11302
23286
3373
21762
2506
11159
24070
10878
24921
10731
18880
17443
7431
27000
17185
660
25456
20733
10410
4114
10221
4710
26426
19285
26321
25136
20141
14338
1034
15491
17702
20014
13681
4145
1258
5096
4345
6165
190
22229
3869
16844
22387
26645
6285
12628
1317
5908
11306
21343
11579
2775
6290
5158
5327
5759
684
7340
10070
2502
20836
7532
8296
19212
21662
14437
11605
2163
23707
23723
7478
12071
20591
25150
2446
248
19655
27308
22746
10397
1240
21614
20718
924
14142
12511
24822
13925
19336
1509
19142
4565
3502
26484
13102
17473
24795
22253
22059
524
13106
24837
23273
18799
811
11449
311
11678
7424
15965
17136
934
9789
618
5350
22959
11955
13865
7432
14845
10692
24827
1075
11032
4151
17170
8815
1598
8513
2037
5939
16962
4794
22153
4504
16106
19290
11916
14518
24095
3695
15508
7775
21272
19839
20840
3109
11396
11301
10823
8646
19855
956
10881
22209
8662
3119
26587
6525
6614
17274
16017
2284
3788
5118
6113
14061
20286
16748
21073
27429
1214
1483
7668
17767
21403
1632
20427
19854
2116
11025
14670
2521
19292
24780
16116
12695
7422
10169
9103
24102
895
11919
4019
6047
23227
13947
9969
5866
26859
11287
15872
22007
12245
16812
21971
7246
6853
326
13948
19469
2099
342
21342
24642
11661
11229
9408
11473
11346
23568
23742
5957
3951
1425
10812
2057
17111
25003
10989
5692
10800
15139
4754
18456
21333
15675
11415
19939
6301
22138
8807
21665
958
23322
394
7629
2323
11837
13028
1819
21235
18557
14925
8199
15585
1905
8846
2422
13685
22390
13805
23772
8987
8187
8960
16744
23404
20874
3330
23888
7289
3805
8256
1588
23990
18731
12664
8580
16863
2
4225
18495
20580
3636
19245
13256
556
23425
26031
2753
9000
12870
12954
24804
19548
9203
27252
22865
17666
