21674
3945
13613
5854
10397
3542
7798
25229
505
8189
19877
26113
8316
2217
9150
8464
2007
15317
2331
2278
1352
21466
13374
11094
22101
11601
21572
22140
25763
26106
17146
24134
11164
7565
7413
19168
1621
4020
24983
15613
9659
2007
11858
18925
27274
14070
19152
26052
9149
23370
21895
24792
4349
11784
23489
26230
25345
477
3515
16511
9096
6129
18034
4399
6470
18647
8456
15963
16051
1422
10943
9961
3599
14222
9001
19743
12203
12955
6484
14219
16303
2342
2260
1846
11970
22975
12648
19349
5732
20215
27462
6483
20822
9981
5951
26792
22011
1150
27275
8290
22483
443
18508
23047
5274
26729
14570
8956
17701
19639
4343
8665
23126
25697
25001
3648
2839
11280
7811
19289
2921
23963
4822
11573
21934
355
25055
6403
21493
19111
18128
21811
3688
9617
7620
2473
9659
10530
26290
26279
4380
12638
23453
2497
20531
16869
1235
7176
3205
4469
24499
24411
21783
23607
15063
4619
6342
5386
14320
13487
3916
10720
26323
16602
2749
3975
24776
19330
2675
27090
10953
10710
20787
24302
20113
24227
11332
19036
15649
1074
11980
11839
173
5659
13717
4784
5348
17592
15645
4990
6274
606
5033
15885
9712
13974
25378
17482
2541
20884
7412
16550
20595
1602
23674
5116
21652
26723
19162
9784
15343
8581
14235
13443
25187
6284
25240
1041
199
8837
2788
503
3246
11657
15454
549
6230
16622
1809
9042
9068
2267
3607
9673
3020
17031
24596
3588
18368
9816
16153
14428
6445
20409
2178
21626
6097
23728
18490
852
22821
8706
26906
15676
22910
16299
1634
9947
15987
11046
14426
12540
6042
10258
1415
10296
25998
20067
8388
16683
17815
5176
2490
26088
22106
21370
17258
21992
12573
6735
22968
18310
16484
4
5068
3299
25242
27467
27071
12693
14263
13069
12364
15378
20295
21329
13398
10201
627
2269
1512
21062
7946
15762
4770
6308
15928
3118
26303
26895
16788
8495
17565
6495
17113
26588
13106
21833
22393
19145
2171
9395
19127
9693
22664
4786
6068
5417
20936
11244
15289
6429
18415
20150
9460
7088
17930
6933
18864
5352
6097
18478
3074
5741
1344
5265
17788
23573
4884
22978
11124
8251
8181
11562
13326
21594
26184
8934
4191
21785
11249
22360
22162
24060
13647
26405
6094
438
1223
21413
25230
9000
22185
23147
25483
13234
8563
8932
13724
19234
24652
20292
17978
4264
13681
20201
17789
4542
23453
24351
15416
7953
23659
4232
1207
10129
22037
6252
21416
13685
14669
25020
6442
6281
10803
11730
21111
6841
21965
8525
18292
24757
3640
15731
22158
17038
1312
24274
2004
22186
1066
10011
12051
2149
1232
23129
16653
13671
27037
22461
3416
13123
15160
4113
4670
2037
4580
19643
18310
1343
14216
23601
9558
1629
19240
21728
17195
26445
16774
14934
20218
16344
11150
24284
23690
19015
24653
23768
18318
17278
13101
4942
24541
4300
19109
23022
21137
10139
4827
11030
8363
12770
12652
14479
6484
342
20939
17562
519
3677
21707
2294
4177
12166
22084
25787
27473
17430
9560
24581
3060
13278
1318
15555
21551
23899
23241
17507
2203
174
21574
23275
23469
19494
4548
13006
9973
21888
5849
12799
1882
17596
25223
8435
16466
18907
21101
27418
8467
15475
27408
26160
19897
27522
27072
1538
16410
6918
21079
22697
16880
9115
8094
13569
12977
1380
10715
24563
25929
10712
14228
12949
23188
8093
23582
3639
6813
23216
17709
19162
11222
11377
9725
14357
8192
20614
17855
17288
19484
5241
18377
14082
6469
357
17427
17772
5208
6730
16988
20153
25130
4958
15427
27284
4338
16835
3731
14980
4820
11665
23794
7050
4875
26071
25364
17089
410
6232
27344
21240
96
13411
12058
21293
12578
17520
23744
554
15579
3188
26009
383
643
2755
6711
4371
3725
15238
18764
554
21906
5681
20129
13050
8300
13687
3817
12806
14658
15874
10395
25195
15071
11500
5459
18864
10959
24776
1174
11907
27031
17035
8141
7097
13607
18054
1251
4831
5635
901
17750
18299
13977
10524
9780
840
23760
19361
17202
2292
10063
27170
227
26983
3053
9528
131
6311
13045
17387
20519
12071
13079
2620
5891
23517
6603
4458
19921
18420
4369
15772
721
27438
12886
11574
2004
6300
25513
2459
13315
22895
5833
7224
571
7161
9937
25589
14933
17231
23479
5570
23910
8625
15544
21203
10892
9850
4935
13383
19936
4362
6754
19291
13957
19855
24501
9000
2934
2416
1943
18122
26263
24443
25148
18893
16548
23836
15731
16695
16959
11968
2151
23441
27481
5789
505
13724
22972
11592
7441
20049
20097
15537
9806
12285
15384
4226
26446
15555
25132
26702
5900
15542
22039
10555
11301
6943
14648
12243
26035
11663
13844
10878
2314
25876
13361
5545
20048
2177
3789
5098
4704
9305
8159
958
12756
17980
22558
3892
2152
22427
4911
12243
16724
9101
1901
1321
17619
14013
4803
6818
7247
856
19829
15084
5082
19952
791
192
842
22847
6708
26456
8069
24612
24317
21591
7084
1016
8340
10477
19808
24813
3996
8104
25581
21058
24555
746
10875
9521
16956
6468
26063
1477
1361
612
23476
23271
5680
25573
689
1296
26780
14446
7575
27275
13304
1651
9828
21293
21294
6484
6041
24046
17437
10459
2178
15454
16577
12659
13622
13072
9659
5267
20343
4371
19466
3753
619
8345
1729
25068
17129
15991
15828
6062
16545
18327
2834
17014
12365
12663
1324
15728
13967
23984
13248
16015
19470
9722
24612
21081
8715
11491
2492
4564
12536
14489
9128
27531
1749
23011
26527
10478
20062
3625
21983
12419
8108
9364
16199
14135
16326
17581
13752
27017
24100
6606
26208
19363
21648
10605
24725
6386
16549
20062
26798
14168
23545
18687
9891
260
8746
25186
12643
99
3594
26667
5337
3248
13313
1189
23540
6885
14533
27129
13231
14016
17554
22715
18229
19414
20425
19509
7256
21603
19717
21006
20779
2702
16566
24719
22010
8375
14792
12129
11598
11422
16347
18667
15533
15688
8331
15555
17893
6706
386
23024
21642
10608
4339
26810
26946
2244
25898
19473
18528
10720
4470
27054
16902
13452
27312
23350
264
6900
1141
8272
17188
26671
22838
300
12635
15789
12913
999
15956
7196
8618
24614
27115
23441
2990
1525
2232
3652
19870
4461
