19775
21876
22502
6089
15276
8774
15683
12331
18783
25247
5436
11755
14661
26887
15544
24220
12367
19220
19886
4892
1916
24455
23878
5970
7623
4166
3195
10850
23882
16850
2957
16208
26542
15910
18490
18480
17025
21072
18828
17977
19021
7967
6578
20207
26455
2352
18993
17075
8495
6409
4226
15924
315
21481
25813
19151
16798
20054
21558
10195
14476
3576
11240
3060
14957
3920
23732
1465
13369
8970
2149
26395
13405
2529
4013
19468
21102
16524
14823
1604
8783
4108
14090
10923
27490
7283
7061
11759
7678
27412
20047
25713
12709
23427
22831
17772
3373
2753
21925
5615
4288
6439
27373
12516
2553
27498
11500
4807
13533
26652
22904
6189
16766
14847
7338
7786
20596
25561
5427
924
16147
20099
21997
153
16197
13401
2834
3913
7778
23974
18623
21187
8468
11478
11848
22289
10983
5282
3170
16551
3170
21799
25552
6651
24032
16754
17783
9099
21842
10762
17611
17553
23048
7158
2037
10474
20346
1200
15495
17866
11407
14797
10293
11955
4916
11526
3008
24301
6404
18486
9271
17497
22134
20520
22635
16932
5803
6308
10586
26789
23186
13198
4779
10929
4378
26870
3685
2712
5218
13597
9825
13882
9678
20429
25971
9046
14945
19544
27140
546
2287
19301
25208
18212
11962
19098
1137
12545
4560
16607
10834
25678
11562
9658
629
2990
21072
144
11199
9154
7849
5980
3881
9044
11899
9133
27484
8485
18873
18169
19763
24648
4244
22363
11924
13702
6251
7531
4533
20473
6560
294
8563
10218
22549
18923
1411
24982
18566
16430
13135
707
21349
8880
16478
17867
12779
6339
7336
6440
955
8735
2889
15848
4684
6783
3366
25566
8511
632
10896
11611
24240
10443
23287
5254
14693
17988
18527
14246
15858
19905
865
19233
9000
10488
26095
15747
2052
1607
11308
14035
5028
20566
14585
16829
22528
22115
10072
22835
19605
24300
24880
14311
19935
15501
15522
23259
24252
1837
7188
10840
21464
5947
23912
14709
281
1081
10672
6245
14980
17768
912
25271
3769
4195
21829
1855
9751
22760
15324
1113
19012
11376
25018
6713
17349
13336
21342
18217
1027
19265
25241
11395
14707
26199
12591
8594
5809
12983
18865
862
15263
1761
25816
12852
11737
8693
16310
11574
25625
17467
14161
9979
23182
1943
12983
17394
6901
26935
7872
4721
16125
25879
13734
5710
24542
12675
8625
16440
3890
20600
12570
12405
20822
19621
23143
5883
9190
23633
10782
2049
3081
5362
7986
26496
12284
22066
17459
4211
22263
1808
15639
5959
26335
16799
16879
6285
12615
22771
25061
10868
20212
344
5934
860
20320
24629
10345
2719
25465
22305
1839
6601
12438
3309
27058
24085
5972
5975
27097
19318
24787
17683
10793
5890
13769
25773
20587
21033
228
26552
20505
22060
18735
5522
96
12071
9844
1612
10831
15155
19623
11130
16540
23324
15898
24561
24316
3192
22316
19754
15233
20409
2543
17213
1857
2628
2686
17175
23110
3397
6143
5981
10118
23739
25487
8637
210
19134
6521
9466
19030
15673
366
3217
2574
26974
21678
16172
13326
22115
11451
26830
17337
24455
5031
9872
10889
6684
20078
12399
6659
7774
16438
1212
26890
3278
18079
13670
13457
6009
15474
25494
581
23609
20247
13604
15777
1361
25343
9089
19109
10864
19516
4371
2345
4856
12828
11708
8781
15023
27147
26264
12339
5639
3050
9784
21987
9902
4772
12120
21696
9043
2807
7858
8876
8323
8000
20824
22974
25713
7909
14367
27335
909
16122
4590
12075
3475
6240
12779
20302
7072
913
17328
13002
24555
16829
4402
8491
19754
11539
14095
24811
300
231
24597
22877
22651
14366
26110
12241
3311
1384
10158
4959
17353
25357
16905
10868
25475
9983
8016
17108
24933
18270
2050
25811
10324
14304
20497
18422
19875
24105
23922
2306
2737
5199
14921
6117
209
17251
2044
4823
3552
21470
7164
8345
19415
5573
22676
3331
11227
25171
8168
25212
2525
8529
1820
22006
16500
19229
22146
19046
24634
23710
9662
12648
11564
21757
15036
9206
2035
23759
4198
7675
4725
9030
18649
25274
13536
15751
27431
9467
18894
11248
6703
14568
3277
695
15360
15318
27471
9697
21220
4780
21714
12030
24485
21767
11280
349
6352
4502
24414
1134
19416
12509
21719
3978
9275
10349
13201
22397
10968
11413
25378
22368
23770
5085
14924
11197
14379
6314
23195
12817
15865
17311
22049
3678
1788
1112
17433
2842
1972
4365
3339
24407
22756
1898
21880
12212
3912
4865
1897
17090
19347
6295
17962
18256
11386
23833
17423
27113
5184
17100
14223
3324
5711
2819
102
2378
25809
992
18459
14577
24860
8549
3778
24116
22273
16652
13642
17979
2179
1759
27176
11663
5671
8812
7814
22539
22359
23827
9953
26394
15772
6605
2054
21766
2282
14860
153
11391
13729
17693
5633
2301
5656
27031
7754
23384
16751
12643
7556
1449
22160
23557
4113
14629
19107
2542
14189
8747
14668
7962
26843
10982
24145
890
12818
6556
576
17702
20825
9621
23521
5848
23688
15798
25015
4382
6854
3328
11350
4540
14094
23640
11646
22491
20649
19111
12841
13013
10091
83
14691
22783
19552
24738
3614
6195
15565
22342
12438
14165
8161
15710
15280
16488
22057
12836
14771
461
1099
7387
27563
19718
7412
20780
12843
15149
24827
17745
23348
20372
16556
20240
10787
24215
14473
974
25529
11118
22289
19744
4095
13283
5103
22510
13937
5527
14610
11084
11280
12282
6514
6962
15041
3715
5147
27340
16011
2849
4847
9586
19704
23384
7754
19800
9310
10489
14161
6834
19592
3924
18816
22637
3163
23470
25908
19768
266
2033
26587
26348
2135
702
17462
20316
23298
22810
13737
19692
25641
9123
24496
5363
5939
2262
22342
15793
13702
4833
26409
204
3453
23136
8200
20911
6355
23220
3217
12274
11693
9245
2736
23926
1080
10418
21899
26022
1152
15315
5159
14692
20081
2466
18422
19533
17279
14878
27564
2956
19800
6450
18107
2073
15887
21368
17061
15577
15889
20461
48
13363
3139
11336
902
650
13986
22419
14842
3945
24628
7163
19441
22367
8943
24311
26194
18269
9768
15738
8981
22214
14413
13485
6957
20283
17507
7239
586
11707
337
14229
18029
21651
1002
17535
21859
1113
13526
21933
20170
3591
12980
13138
291
