22458
4696
22782
21200
675
2101
4371
5724
25241
15024
16559
27563
24597
12413
23423
15872
3118
7463
10443
11084
16524
8726
23680
602
2914
15833
1151
10875
2999
886
23686
8211
21890
6761
24124
7423
9872
10037
11208
20332
12626
4139
1481
12578
24684
5426
10028
17799
26028
13534
446
11355
22149
24238
3576
9538
24700
3071
21406
11826
18785
14978
12089
8768
6243
5078
23673
4200
256
4986
17876
9191
8302
9121
9975
278
22763
10621
11179
23662
1300
11793
5894
17421
8460
23696
5430
17447
15094
13204
9449
300
18693
8223
20165
15499
20325
558
21837
12901
795
8781
21360
2202
20619
24518
16762
13071
27452
10707
14504
10882
23056
23607
17011
10781
715
25114
22218
26584
3675
5946
16836
20547
11099
8056
15377
5531
10351
13596
9073
17479
15498
18642
27296
13744
10263
16980
15578
4446
27331
19956
21824
20733
6413
2947
19682
18790
21935
15562
838
26356
5473
6246
536
9168
1116
20937
26779
23392
4321
9720
18065
6311
2834
15030
16834
13498
15842
11848
5776
11355
6553
12840
3217
6894
18828
21514
1886
23461
12897
25302
10293
22015
8308
3029
24793
2928
1026
24527
13787
9775
23121
25556
2299
3110
24530
822
9932
9964
15876
14705
311
16649
24653
27512
2140
5181
2931
7310
13669
18165
5502
14846
11141
9302
13103
2453
24613
12357
4468
13210
19027
9816
168
6198
10794
2429
18863
9424
12482
15537
16558
9318
4425
9939
4872
12801
6388
7107
25932
25354
22411
8390
6867
92
12651
12421
16970
20351
2371
22104
20342
5920
9152
7882
9133
9275
6195
11769
26295
2923
4589
25071
1240
20985
10358
24501
9261
18881
10407
272
169
8236
9666
10121
23288
23969
7957
9773
12868
12066
5265
20802
9977
25689
447
11534
25277
18766
22192
17183
11959
10832
24220
16296
23885
6015
24995
22155
16776
6432
3033
15662
1112
10777
21762
26319
4206
16840
9841
19961
7157
12690
3055
13135
11657
22999
10011
16646
22241
10290
17384
18904
9558
5956
26553
6426
4566
6739
18357
17307
20282
14402
21315
17642
2476
18725
18231
18161
18748
21061
9096
27532
4180
23277
5156
14815
25327
23288
26882
14702
18337
4481
7869
2310
20845
7429
7007
13570
10016
480
20093
23325
22568
26071
26033
6278
12097
22286
16293
22137
19496
6236
27390
11537
12794
3953
24783
23922
15373
19375
2804
8600
16560
7519
23422
20485
17700
22385
11127
4482
14400
6761
26565
25065
997
23051
8865
26092
7300
12162
23857
5933
24809
14763
23917
11136
19480
2451
11722
18452
8525
22526
23264
6678
647
8285
15906
27393
17460
19220
4365
23492
13196
24183
2452
22733
25087
6260
1418
17008
24964
12475
22142
16817
24381
15320
20517
15593
17694
15348
22363
1752
24371
15573
27154
4987
6531
2719
10931
5007
17477
10850
9247
24038
9980
6827
27251
27325
12846
9423
11731
3232
18464
25439
791
19446
2503
4989
20887
2694
22154
5238
18136
11226
25462
11079
5232
7160
362
3104
5749
14214
23347
4831
22766
12378
19247
24946
2713
24563
9975
1478
19397
14793
12004
21234
2525
8112
23104
1915
4197
18645
24708
17484
13125
10842
15535
8988
9553
26190
7571
8791
10586
9991
11259
1718
17965
5990
20985
15553
4601
20188
17884
16508
2314
18193
5124
26901
5382
18114
15258
2088
21311
14312
4072
12893
3663
10885
15343
11196
15095
21834
23179
21919
6284
19375
16204
17300
18375
24338
4220
5109
12463
18254
10919
27007
26224
6253
4762
12139
3283
21214
11853
8302
25952
25636
9355
14523
26153
19430
6096
26816
6944
3504
16428
24434
3905
20286
22925
7089
2262
7377
281
26657
6319
16499
20883
16430
22999
10167
17451
2689
14561
7196
22404
2789
11479
2611
16736
8822
23363
19170
22522
13493
11920
26578
3509
12386
20398
9347
6668
24957
26656
13503
16303
19782
17810
17509
18721
23884
14165
21999
5322
18376
2560
16100
3648
19955
3197
14109
17272
11008
4419
11596
25570
4216
19840
10263
17062
13240
4261
20420
3547
2740
15848
19137
17357
17753
10762
12172
5916
27043
1951
17484
10025
14126
23695
17033
26314
21875
25951
7053
12508
25681
11850
17993
16370
19833
10879
10030
9830
15397
27315
4177
14850
6897
4840
13761
16497
13594
10048
8543
5586
2306
23826
19151
25005
24296
10034
6805
684
4128
25269
27316
25540
2123
9317
11011
8071
14501
16946
21549
24937
10957
13394
9914
17643
22693
11403
17854
17410
568
9186
25468
536
2057
11112
20373
21871
15023
11605
9203
13216
25332
22754
19422
7805
2519
4307
17185
15734
5873
25664
10718
7018
23285
2422
10349
10318
11467
20151
16961
25214
2160
14368
5439
24798
21199
18352
16675
13747
17858
21837
7059
19547
21167
7657
23274
16027
25568
27515
12194
1983
8153
3430
2349
10951
15860
14599
2532
16046
21602
20844
15304
27274
10147
12671
6045
26951
3752
27040
2407
13736
10018
1065
7218
22453
1609
7454
15007
17966
14264
12955
20220
5309
18691
7801
3551
19384
16002
23777
7190
4065
22464
20959
22975
22641
11535
11898
15725
7012
12406
10655
4827
15533
2423
24507
26740
8314
13005
5584
4628
9718
21586
9120
22499
10213
2856
4636
22703
27013
8725
23361
14290
10183
18865
21539
21344
2446
21552
24506
22313
11029
14190
8179
26043
9645
13786
17869
9547
22220
22515
8231
23834
736
14793
1787
17843
12181
13143
18182
3408
20632
20413
24899
6957
600
11107
24821
22780
23047
13432
15607
17128
11413
394
7244
1879
18008
26839
25796
24907
20069
25587
23391
6008
24844
18848
9454
13518
6032
7441
7477
18624
5218
2740
2909
20623
25232
27004
16299
26582
10543
3159
3085
4623
22765
26261
26041
7499
21823
10388
18815
15403
1541
6058
23468
6660
9990
3740
1115
1242
4020
8882
7898
18675
27069
18832
18105
15741
25046
26889
1582
16797
12698
10729
17540
10640
388
7762
8832
13248
8792
3478
27095
2839
4139
18110
5342
13694
7810
9272
6696
24898
12164
7875
26974
11675
10496
15387
429
8986
4761
3385
6132
972
16311
18634
21548
2196
23816
4583
6290
2394
11051
4256
7973
16838
6854
23255
5859
16039
23662
4402
17865
21410
2276
21812
17848
12095
10141
5620
5121
193
9509
21636
10538
18397
