7148
15666
23538
19899
2314
7256
7827
2215
14269
17507
7712
23195
22837
7043
13858
26526
7529
13824
17168
27241
6250
22683
16354
5158
15740
18180
2922
13040
15563
11920
26441
26590
11324
18699
22670
15237
5418
27125
13386
536
16823
16609
9729
19651
19112
6325
22592
5769
10536
4748
12194
8525
6619
21808
11476
12194
4157
5382
16537
11731
13262
4369
15753
15559
19582
442
11050
10901
16368
3070
6481
15830
19777
9613
11699
22226
22343
5823
27406
11115
9025
3000
1926
16000
27302
24094
18735
16528
19936
18079
23356
12631
13397
27067
967
9752
24239
934
19724
12539
4110
3795
13906
16768
25509
9025
1342
20823
24998
26003
22136
2847
8349
19094
1177
24151
23612
27294
24164
18339
27141
14461
14393
7184
1922
23674
5442
6300
17040
13210
23161
10843
1243
24317
26027
4232
10911
12579
7042
1196
11298
14047
19572
18744
21978
14161
12542
603
11752
11360
27437
17799
3745
559
19250
9414
26325
12402
19400
17591
4477
21771
7211
4224
8612
19691
5021
4402
4741
20250
13493
4316
984
17071
24478
6213
19496
4413
1038
6432
17434
5765
18989
20843
21004
17965
1340
19224
6107
9775
14115
24213
1282
18997
6297
14398
4416
25467
6597
5297
5173
5633
22068
23835
11123
24693
10461
2497
17328
18620
24080
12265
22068
24237
3497
14049
27154
21349
19250
23247
22508
27382
3228
2935
7886
20204
7462
11306
20508
16904
16277
1733
6897
3241
20919
19311
20267
6663
8455
22360
20207
26442
5353
19761
25901
12223
25065
7342
18967
5334
7431
12484
21394
20679
23331
6144
27366
20554
26928
22804
28
21576
21755
690
19265
17071
11095
26596
20182
4396
4500
5649
6936
5284
10643
24273
5528
22422
27135
23964
2210
9524
20971
13728
13167
886
18758
1081
280
24974
12054
27398
25996
22673
13621
7982
4353
21373
12204
4442
2790
18454
26010
22924
24527
7681
13459
9610
24541
4934
19238
738
12587
5538
21872
854
10681
19977
25870
12710
11366
14015
10942
8135
27289
13990
20481
764
3077
20603
1252
3590
4392
15452
22714
4195
2309
16950
7003
10322
7495
267
13237
2250
12325
383
19376
13262
434
17118
12437
22333
27235
13411
4382
19250
10584
16859
12187
13588
23019
164
27202
27018
23572
5681
11915
20542
20482
5571
771
7117
22174
10710
26171
7333
22736
23668
26731
18362
16271
129
13179
15578
19860
24275
10809
18258
6409
19059
2410
26344
26544
10881
24339
6202
8400
1226
18039
14977
7507
5565
10722
6714
15107
10137
20036
20964
11460
24283
10904
4723
11279
3058
15863
7137
3145
10068
10484
18085
26759
7196
961
24208
27401
3929
5633
28
14991
13095
26612
7645
27035
24810
726
4928
7163
20551
23260
18214
8364
6079
11593
11904
14189
13516
22368
26440
16311
23202
19002
24536
27159
23374
21452
14315
4028
8053
23932
3576
5847
5577
16603
19754
8632
2262
15043
11784
13338
19415
9897
17508
23261
10752
15224
656
23451
7306
258
14217
27381
7463
17455
9249
12581
14911
3597
10870
18367
27531
20837
21211
4409
19283
11372
18548
2143
12067
19693
23388
7415
9548
9280
9711
5046
18381
25683
5249
8065
10227
25855
13362
25986
19730
19715
22851
10055
10937
7327
5254
9038
188
25456
981
19834
145
20048
2931
16914
5183
7490
14356
18810
15785
1975
1212
7727
22989
11243
24442
18155
27071
4595
7818
23460
11930
18748
19939
27233
23086
18125
16606
8017
7203
13177
16407
18016
21832
26517
22316
8645
14352
13957
4827
23724
10743
7933
20685
25829
9581
9584
11383
19323
4536
10812
16292
13919
5699
5912
6959
10833
26270
14695
21094
26696
8143
13053
3811
1626
8430
13961
503
23206
23551
23578
19249
19494
22197
27013
12059
26609
25799
27399
6447
8497
18185
14591
20014
19704
7939
18696
23283
15743
8640
6245
5020
6368
11929
26388
12468
6319
16371
4876
19063
1990
1465
7276
18152
16424
23032
2454
12434
11841
22682
5875
6815
25850
6334
18697
22582
2124
22895
2629
8665
13628
18439
5171
18755
20395
21689
24985
18369
27339
13451
25539
17736
9955
8911
26820
17422
2575
21563
5980
17919
23965
4164
15546
18850
7203
22160
16208
2148
2343
8052
26256
22570
7027
6946
18254
18146
15292
17274
11619
5672
5643
10885
27302
23941
10369
2763
13025
23069
15751
16318
4650
3501
20150
27167
51
2531
26597
19879
21617
17010
23214
16981
530
19124
25650
24625
21983
9211
24035
12140
18243
3379
1308
14274
12248
15585
20897
18027
8727
12512
20908
16466
13841
20940
9662
15422
60
15663
18168
14939
26198
25008
19649
3894
2199
9588
2142
23033
9836
19261
22012
17837
18883
4243
24953
16716
9199
23143
9916
9947
12241
10335
13127
2467
19845
20030
7574
20327
21048
2046
23985
15910
8002
24921
22803
27511
25345
1374
24375
9289
9343
2449
4177
20626
4877
7403
3824
1578
789
2387
20829
6910
8586
19735
23847
24363
1283
11917
2550
17605
25814
10964
17150
19533
26368
370
4491
20710
16193
10459
2440
3218
11264
24331
12291
11141
16331
19655
12991
13508
13341
8908
11782
27149
14067
6459
3966
16378
20686
23534
2720
369
11660
11134
7768
1136
19126
2186
20086
11809
18838
25258
10830
20167
26802
17730
11823
5311
23597
24428
18495
14596
344
963
6310
19468
19250
2328
10187
22327
18865
10857
11013
2077
6279
16817
11280
27560
20061
14330
1174
13750
11593
5965
7812
17488
22321
22838
24299
5513
18708
7288
2942
2940
12285
17615
9669
11129
17856
27186
24137
1071
22131
17455
19598
27009
988
10077
8019
2110
11400
13634
12156
26363
7865
11404
9436
11733
279
22526
24005
16006
2517
160
13957
16919
15509
4148
18422
8374
19375
8889
6311
3984
1886
18182
847
7506
20720
26201
20039
25775
17055
11919
5703
15376
13028
16126
14532
7542
8041
24740
8968
14310
18708
24103
25555
12710
27325
3545
10838
15387
563
18749
203
13132
18445
19628
25588
17178
23443
22638
12710
13639
16484
20728
18568
1260
24605
160
3750
5045
2375
16164
14489
5554
3394
9025
4371
25160
4870
16812
19489
1079
8731
8319
26124
23711
847
25917
25346
4175
22004
23654
1365
12009
16569
26531
6523
6581
24928
26232
6269
2906
11539
6266
