24425
11110
20865
17600
21765
11675
6017
3269
10951
26507
26511
22561
1063
22871
12230
11315
22462
1103
2584
13273
6283
22539
19381
10213
2123
20112
26193
617
11392
23884
5274
17345
24565
11898
7337
9459
13793
12902
20439
26136
8734
16332
20112
8304
15466
6482
27094
454
24424
21982
21012
24506
352
2944
646
1230
2343
12716
13950
254
7944
6850
14465
3861
14132
23570
18694
9873
13327
23053
8356
9833
25963
9044
17476
8344
16763
352
4736
2733
20978
13065
10857
7481
16699
19918
7529
6030
26084
16018
3055
14199
24386
4517
7
5007
20115
6288
17802
2666
18364
9649
20440
16566
687
880
19240
13356
27071
13853
3483
11407
12053
21185
20076
19144
2018
6848
1474
5018
2854
4238
17186
7371
1826
21796
6462
5783
21350
19891
22009
6093
16787
4363
4435
27016
23120
3620
20120
15108
12437
1188
6159
23018
11665
1666
20564
26604
23835
21577
15981
16603
1157
26006
21569
2685
14415
19770
26105
11506
6708
5759
11357
22231
14903
18623
22679
19295
2673
12436
26429
13067
3241
25422
20222
2314
22320
8304
19138
25481
12618
27372
21011
25832
18828
10449
12081
7079
24895
22769
16211
11882
759
9584
10848
12840
18418
2626
13219
18814
12699
21498
24570
8668
23598
13017
24103
1740
7363
18190
14724
18632
11334
5449
24146
5383
5943
14418
947
5784
4213
15030
15701
13238
23713
27518
2787
12004
17534
26422
4349
24623
4216
5568
11073
7409
18751
1467
26717
10297
16002
11593
22831
20871
13360
8471
6473
24790
383
21887
16282
13776
13747
5907
22146
15746
19036
18890
20362
24290
17425
18211
18000
23460
5310
18582
10394
2760
10629
15602
20358
16471
22636
19244
15450
5946
21017
19428
11988
14542
17377
7174
13240
5481
22420
13739
1189
27203
18443
2590
5628
4561
8920
12776
24360
17226
494
19923
25138
27352
14675
6183
1490
12456
5386
12029
10181
18421
16758
4977
7650
743
20583
4469
19078
25953
23825
5432
21075
8397
13761
23696
6290
3083
23519
17939
8495
18679
25562
2781
4030
5845
11273
24119
7779
19741
10772
16889
24900
10445
24538
5088
8274
22213
13203
11662
23831
4911
5357
21129
14817
14733
15316
17673
20908
21842
18362
27402
21218
4784
25119
10643
8270
19597
5203
24876
27183
23532
2496
9787
15704
2314
776
22473
23987
1920
4821
12708
25739
7263
6327
18188
11985
20199
25383
16198
8141
4405
6278
26547
5733
5666
814
1411
930
23862
11120
14820
3180
10913
7289
12390
503
13611
9588
18472
5106
12862
15324
2346
5125
24503
6478
25494
9471
4766
22111
24745
11372
1170
13931
6307
20456
7699
4603
1583
21004
16735
23865
25833
1633
25888
3369
2410
10762
1817
23346
4148
1712
12874
10895
59
24076
22893
4653
7877
9718
6266
2364
18544
4326
10125
21661
24180
2683
7314
11835
7099
15366
21262
1078
9059
8175
24850
1460
14490
27389
12552
23560
331
5552
5282
17185
23025
5832
10832
18561
4763
1943
22586
1015
15039
25914
15569
23806
26516
19299
9010
24781
24549
34
2769
23712
22649
26253
13170
12356
21288
12441
25955
11125
26983
13226
7160
8037
26654
24993
5242
26912
6779
18157
14777
602
5555
2184
20312
22569
24585
12131
12884
10856
21015
26490
15433
7705
9933
12691
1697
8749
1248
4279
8314
15014
17850
17933
1318
19812
7763
23423
22013
25512
7795
979
2367
18778
11529
2921
13145
22727
10131
4444
20448
22712
12693
8428
300
27079
3287
18196
18584
23278
4524
15769
10432
13008
9159
11846
25291
9024
9256
23896
9596
13204
15610
8691
5511
15070
17508
24917
3938
23966
14951
14088
24879
27115
25371
16052
3511
19139
6414
22990
759
6484
2314
19976
18207
17975
27307
11024
16551
6929
281
5638
26452
13720
23858
18894
19867
20150
25624
25045
18079
23328
1371
15261
10266
26850
8809
24787
25468
17650
4995
8331
10361
6168
10519
22507
15535
21962
19459
4386
22809
6153
25967
23303
714
18842
8070
12919
9278
25875
3457
14084
20966
11500
10307
2077
8725
12032
19240
7813
15245
13385
9423
20087
7363
8752
26210
21415
23432
26694
24050
14631
23656
11262
9733
10243
14023
20790
16541
22877
18597
5145
12561
18312
12421
13370
21836
973
26551
25633
21553
5581
23017
25769
20202
17675
3645
15001
8444
11493
14668
18597
24133
20955
13234
19104
19
3456
42
23092
1406
2627
10462
10393
26425
22149
14161
12772
5413
27275
24278
19464
9296
24532
3120
1452
20405
14605
2355
2035
18373
13927
13845
24035
17940
3611
2168
11699
14352
18955
22347
20148
1376
26392
12239
11531
17920
20686
12072
21004
24541
13332
22184
13846
3011
18065
624
21112
12634
12818
23319
11062
10063
6039
27029
23649
16031
27031
11493
12024
6217
16642
1781
20295
26759
24628
20047
88
19948
2051
16790
8707
8535
10030
18082
18641
915
19093
23022
17530
7240
19426
13325
3778
855
23247
6395
1965
1618
14494
13298
380
26003
27459
21527
16387
22489
8650
11662
9302
20955
26530
22633
21481
20791
6932
6246
13461
16577
12849
3954
10014
24084
16311
24508
23761
5863
20365
23521
13201
8095
25489
4248
22114
15942
9220
17372
15520
7943
1548
21003
2661
8065
10735
22089
16642
5868
19817
18705
15978
15775
12532
21361
23077
24499
13906
1442
20483
18948
22647
8693
14293
21489
13066
27348
11562
4547
19366
5187
7029
5531
12469
9152
22382
8891
11482
18789
5642
18332
2393
2349
4842
7801
22284
22737
7410
8007
8867
4991
12201
14942
6308
3716
1136
10463
20308
20097
2475
16673
12619
7600
6761
19847
4183
24137
12894
19065
21481
21850
4356
22143
2969
15700
25596
25488
21049
7543
23471
18142
13266
25413
177
13178
10243
19413
13712
22449
20204
15690
8492
9343
2722
23269
16185
27145
452
6980
3222
11981
1248
3284
2405
7945
12444
26928
27359
2088
923
18789
19811
25520
9858
25628
11444
26043
22829
25249
5789
6994
19339
2404
96
25661
16601
23509
24055
26069
4756
5395
22482
6156
24703
10690
8054
11699
10113
1591
7004
3483
5266
20295
13800
6107
23770
1106
2313
7053
13019
2619
7289
26271
7519
25520
3539
3117
10747
4075
19801
15975
7648
8187
16181
4541
14396
25160
328
8693
6060
22384
