19573
2745
13104
11564
16752
19302
23066
13484
12437
6947
22238
1177
3902
18166
12633
5832
13864
878
27082
10959
20562
5902
6626
22873
15526
13388
5596
11585
13814
2503
12355
19635
1393
25101
18012
25594
8977
62
25880
3102
25570
4367
16682
18847
11623
18685
25605
11307
3978
6965
13488
13521
7705
6426
18459
14764
22037
24316
16458
4497
2172
25004
20047
7203
10991
11546
21787
23289
16212
15697
7811
10639
13938
7218
12935
14246
14258
17761
15683
15795
361
13023
22357
22629
5100
7360
13809
1787
25219
14469
6839
12860
22838
26067
8901
20506
4713
19889
25926
21846
25773
11028
18665
8448
20784
16377
12983
22933
2569
26578
19791
12670
18512
10268
19302
8053
5239
17738
6580
11889
19438
8784
11436
4835
20462
7618
8583
24734
7242
25495
19127
21707
27553
19023
13276
23307
8076
4378
25162
15026
1214
9954
26294
22308
19641
1669
548
13949
14385
5810
16478
21354
7271
8844
350
24931
8397
24689
18689
18008
12359
4583
22764
14169
18860
19179
16299
26888
15831
20889
11661
16612
17353
4295
21002
6999
72
17612
22340
23207
11547
14504
18772
13882
20422
11016
17061
15474
4488
18048
3174
10041
10938
8738
6290
24652
1891
4
25912
2148
13950
8813
1777
5679
8443
10695
2396
7496
27046
10629
565
3910
14779
2736
18672
14920
9942
16763
8815
15520
16110
12846
26457
14559
8399
10504
22936
6822
24730
2477
12581
9721
446
15498
14755
17507
24317
5966
19391
3950
20581
21048
36
25527
961
2310
26227
50
22770
222
9780
5766
18128
6467
20525
9109
7844
18534
17438
23614
25190
25701
6552
21531
5165
3559
6792
16106
16166
2422
26323
5453
25721
23380
26773
23718
24013
19181
12384
20939
6071
16332
19949
4577
10389
12098
11109
6204
16593
5808
27072
23752
13672
21396
27171
14194
13339
6495
21055
3576
14920
16910
13518
11994
4402
22859
19474
6379
13752
5269
3014
3621
23091
24619
25668
17830
9945
7020
9155
20573
23210
5638
22171
6566
259
2986
19594
26215
21742
15369
17910
15508
2094
18981
16746
16338
20509
23763
21177
5480
21258
21366
1988
6662
8552
13890
23474
2126
20751
14242
25788
25053
6646
5271
16420
10604
12598
21962
4502
3307
20787
6216
19936
14414
6303
17269
22720
2084
26595
18751
562
8944
11596
11195
15562
6976
14067
13559
5361
25818
9065
11391
11902
21910
14817
8601
10641
11309
13934
228
15825
5312
26355
11421
17112
19713
3626
26349
7713
11928
23474
2354
12444
2314
3271
25183
6188
22968
10287
6885
10534
26921
25961
11180
22644
25474
14594
22056
1212
14933
12351
25064
11637
24736
413
17836
14390
22738
24456
10384
23384
26702
26661
18233
11880
372
18216
6829
13202
3841
11812
2175
26453
9727
10500
2864
347
23459
24263
14414
17121
16181
23748
14990
18125
2576
9987
22206
6463
14674
19292
2004
11419
25234
14375
12817
4423
22499
8979
22398
17074
23571
8735
7310
3155
5730
9572
23123
1317
16527
8644
7481
5183
18362
1640
12572
4148
14921
26413
22145
26703
10491
9850
14279
10700
4066
9621
27472
12258
11531
11021
16699
15676
17315
5137
19249
9268
17741
4626
22839
26499
22600
21538
20905
6274
22685
19517
852
21737
11164
1813
26371
25784
794
21007
24317
6185
7258
18949
7668
20671
20510
22888
27310
20453
19875
17184
9795
19423
871
228
18033
10504
2174
14955
292
26572
18534
8757
5045
19389
11393
8547
23672
21570
20168
16845
12586
2067
4522
19704
529
384
5824
3560
10820
6233
15551
24537
4843
8924
12128
7085
25645
27100
74
8251
11334
375
812
23909
22458
14400
5492
19756
14559
25663
25937
8875
27505
19719
15886
8325
22333
27445
2189
292
21831
4657
8638
10036
15982
5053
11852
5881
26089
9859
7092
16277
17833
8515
11977
6949
24211
3759
11885
3269
13497
16113
22477
2145
22269
12510
2428
14506
18832
1468
25155
13249
10139
19331
11668
18239
3415
12439
6441
22474
363
5295
15169
16296
865
20229
13959
21020
2645
3051
23108
23617
6773
5844
13633
8573
23571
24864
14387
19639
25218
2911
5980
21722
18570
16025
20049
19089
6050
2832
20246
10320
15413
16476
9806
16382
17392
3472
19365
20223
16681
15466
15876
960
10659
17689
24033
7555
6413
20675
24992
22183
7008
21807
11895
2085
8030
27067
12897
6386
9976
716
26201
13755
13178
9884
7978
9385
14534
16661
3583
9962
5326
3467
3924
23665
12387
4198
27066
25568
12530
13814
11115
8208
7232
21855
3493
968
12677
630
10901
8962
15481
4842
6543
22636
7325
18212
20318
14756
19323
8680
21330
9247
22884
18555
25784
308
11864
19753
10366
24621
5656
4951
5550
19185
24789
7845
15579
15282
24042
16279
24364
26860
12783
8280
18039
18310
13598
1196
3443
21138
2688
8426
19458
8848
290
26641
4369
21261
9590
1670
12171
25720
12753
26382
4898
21321
6094
1823
9255
10014
1628
2276
25851
18473
25899
5483
2716
4324
26028
26212
2591
22731
27328
26929
4416
17522
9307
17804
2764
4568
3573
6288
8163
18606
20866
20845
26706
11662
20205
22095
462
15623
4208
21095
9772
16252
5723
20701
14349
7030
15433
24157
1058
4420
12656
15790
10149
4475
18566
13252
5778
1163
12316
303
15799
7721
13357
3154
19643
14019
2396
20924
23807
23545
19264
24553
2863
18633
23439
19664
6323
25005
13306
5469
91
10097
20974
21338
11174
10500
12938
6894
15961
13908
2799
18729
6089
17876
21331
19664
2719
6455
1247
20512
552
19866
9800
11930
2392
10332
23497
9625
3563
3385
9282
12884
6370
21065
6262
4771
17208
16352
16887
6453
11748
5100
9435
13306
2229
9220
26496
24134
3852
9158
8248
24948
11766
20910
9890
99
23996
17925
7832
6338
24128
1033
18113
15054
18260
15270
17287
18374
14390
7428
13159
17387
886
2180
62
4510
12579
16652
22923
23261
1324
2514
11250
17273
6169
17474
11300
13472
13461
5070
11247
16956
288
8142
12724
14551
5358
3441
6114
23292
8348
24966
23048
17117
4074
23461
1502
11349
13686
22819
23638
12379
7475
27168
21293
6332
17137
18968
26554
6995
7371
2597
4546
22170
396
12579
2059
19189
15121
8575
826
21890
20399
4113
25502
21823
22823
