5351
11341
13121
14911
2274
10590
22144
13934
23407
25799
11367
727
13413
6005
9312
4718
25535
23086
18690
14576
24827
19377
11791
16348
20055
3641
13202
25514
16149
1867
5924
19302
274
29
1115
20296
15457
25228
22506
22575
9592
16880
5250
23434
3069
158
9066
27312
6855
11859
27317
7242
11834
18675
19104
20833
10248
2916
2441
2586
6465
6208
4651
7351
15624
11731
25713
6188
25595
18192
19262
26663
14615
24816
3685
13419
17826
4616
9409
1066
23602
15953
21758
26696
13432
2738
10569
19562
16284
8401
8801
10442
10094
7047
550
3917
2990
23352
18268
6837
12617
26431
20948
7830
11652
12106
26006
13289
7215
15536
12425
10400
3467
7615
17382
25361
24898
10760
12466
9741
10547
11677
23256
9063
434
22272
23244
21814
1560
4541
19628
2123
4496
3810
18866
13203
10705
17300
20159
23954
19240
21040
15787
9385
9073
8240
24665
1129
10894
11647
14608
15946
23310
8046
12414
25090
8805
17655
24348
524
15857
1364
145
13234
4688
7017
2452
15248
10176
13728
5312
14959
559
6009
5866
6707
27307
8656
4203
9169
12710
21983
23825
7992
11479
958
21657
20215
24498
11164
23311
7361
24199
5961
9982
3235
270
22410
6744
6876
23549
595
1785
16294
27464
17905
5785
14101
7611
6961
18029
24813
17233
4383
8232
21499
22349
11906
13501
27153
9874
22851
9839
19598
7761
3379
13641
9613
14775
17746
18582
13289
24254
9031
9854
12383
239
6128
25215
4320
1966
23891
14117
7088
25319
15728
5306
6739
23727
10955
26877
26197
22295
9586
4958
1868
23995
5812
26675
25572
17755
17004
2305
12625
13055
10839
25045
5475
13631
24128
4436
12812
23984
9035
3190
3108
16210
25404
24866
4349
19347
22262
21548
13045
23381
10901
11673
22683
23511
7188
1623
5684
7640
5186
10415
26543
9182
20722
9010
21294
18727
25816
14484
12437
24374
21043
13556
6409
1604
9570
17508
5370
14604
18641
14920
19104
10411
20746
25418
12298
2700
17428
19750
23502
4695
21759
11588
8356
7407
14471
27503
25900
10248
2925
16546
19316
25590
14078
8723
1545
11246
8039
2952
15989
12689
20312
9028
22771
17988
10426
9815
307
11301
17315
11104
5514
18583
5675
18418
10512
26615
961
24528
4921
10015
19366
11500
6650
2580
12083
10563
12086
2993
13361
3586
24
14598
14927
4102
24077
17729
15747
6408
8497
12014
9362
7218
16549
15292
976
4546
3283
3768
19987
13004
23831
26059
5798
1061
17866
22333
24265
2093
4235
12405
13114
835
13662
22123
11545
24252
16493
18010
10454
11210
18688
2302
10320
25321
10286
3768
25273
15852
8225
6003
10398
25459
24207
3169
20891
20659
13895
17950
2306
327
9865
24637
12423
7233
26382
10920
9280
5877
12137
10477
17323
20409
8108
3762
24580
22791
22205
24113
16532
669
21303
15457
8878
11580
11824
773
8937
11156
27100
10792
25437
15912
26277
4015
25878
692
17957
10794
8293
16173
7160
13492
13576
6226
7980
1182
24986
6882
12154
11996
25882
736
27153
25500
4464
18419
5478
21629
6268
20709
3743
440
25850
11141
4190
19262
26779
16333
21766
7638
13779
13368
26179
26724
7517
4148
2564
24725
14529
9766
8000
607
4193
1649
9000
18149
2424
24304
2526
20461
16456
20737
16988
23418
6763
19887
12282
4643
13812
9797
21454
8862
17500
1481
25929
9376
18790
26076
21085
23336
19967
9333
4336
9776
9542
2491
13046
10868
23054
20541
5307
14657
10233
17367
20379
21577
18611
20429
20442
16372
21411
22717
5626
1019
17287
7281
25562
10084
22865
21088
23451
13701
13225
4216
19030
8456
4961
19809
19878
7647
9820
3152
18865
18158
25581
18038
24855
2757
1942
26616
23230
6499
21893
20874
11527
1026
16962
11333
9189
19560
17197
7535
26732
18378
13724
12525
27341
17759
21460
19092
21934
8962
14405
24472
12063
6511
17017
12559
24537
20882
9231
16204
26693
14911
4937
5584
6572
20275
4600
27175
4773
10349
26548
22865
23469
19836
26946
11920
9118
21129
744
27484
14428
13140
10313
15691
18465
22950
1776
14237
3098
23331
19499
21022
2662
2976
18930
23804
868
6309
2048
17246
8399
8391
3688
23880
14099
15980
15870
1437
21321
895
5722
19674
23799
22948
6989
21754
5812
25112
2854
14677
22672
2495
4921
9131
5753
4101
26991
3342
16653
20047
18158
10141
6998
701
3779
23731
24469
10274
2711
8495
24234
7940
11147
5265
5859
1837
3780
21187
4729
18987
18824
3428
20792
18842
22865
2911
17068
3296
27205
16471
16514
11802
18061
17211
22266
25257
26034
18446
9759
10034
13326
8144
11054
2180
1081
8183
16611
14173
5587
8638
16129
8304
16602
12565
3766
14101
20686
17618
14878
15842
11375
228
7533
7835
24316
986
24262
867
20596
24612
21860
5507
25019
689
6388
9536
1191
9486
21970
23875
20342
14619
6451
24008
26194
22632
11727
20522
9701
11853
6693
11149
18299
22113
22380
6661
25441
10431
14038
709
4531
10929
16798
2209
3381
2930
5464
7376
11753
2264
27339
19841
12627
7669
722
15239
16094
12337
19622
4243
1809
9872
9725
24599
14108
26632
10292
11703
10233
18677
5418
16292
17789
2541
25042
731
2430
11372
22990
20887
27332
6337
5229
11338
14479
22977
6913
20121
17580
10432
18813
15096
17852
26544
4232
12390
9182
12988
3310
12273
14071
13641
22386
3621
16240
27461
23335
2153
24317
3713
14897
7280
7297
6615
20288
12071
26756
26979
21030
8395
16342
16981
18110
23116
20715
1273
1584
8286
280
25273
11587
25883
2310
2248
15297
24819
20338
3478
8925
5644
10713
21892
460
17989
9806
15914
16379
15893
23913
3655
25495
8288
7279
18141
22114
16705
467
25086
19928
24522
3634
4450
16428
23449
593
10096
21960
19142
6579
27127
7958
11602
2805
19759
19639
22543
9210
14866
2226
7928
14590
13241
13729
3487
19889
1427
24575
14919
8272
24839
11900
8661
9464
5658
18994
1572
27307
81
22534
6904
26446
15494
5291
15086
4650
6040
3965
13808
22848
13560
7043
21094
18752
24594
12280
3369
13774
14493
19170
12302
3621
25672
23204
14221
7154
18859
9489
4866
1837
3021
17926
13347
12175
4223
21490
5410
3355
562
11435
11139
27424
8344
2482
