6368
26149
27519
25000
4049
7302
9996
6815
17754
12359
17770
5716
6499
22085
22949
15570
19405
5334
14486
12122
5581
25153
16183
6292
21742
15245
25738
13207
6070
1787
11365
20374
11364
13924
15518
3147
25546
23830
18598
23724
16841
20456
16578
10736
27106
20271
22609
10927
7837
1065
2674
19486
18718
27441
20502
20949
4189
16718
9382
23947
6744
13788
4522
2333
25657
16098
6012
3245
1
17774
23903
21751
3929
9035
9087
23871
1902
8759
19757
18504
18159
12421
15399
2791
7471
23498
12228
981
11992
5005
23000
7536
10793
5978
25941
19788
21963
19092
15403
17
12793
25344
26491
23086
5734
21891
24415
21767
13264
6447
3364
12014
9887
21962
11836
10034
10096
13153
4146
16064
24437
26885
5865
348
24605
11338
12730
25353
536
17866
11338
8600
16419
18915
3865
9991
13279
13356
13082
3354
479
23220
2909
2994
20459
457
13949
4657
25734
6188
14194
3225
25149
13343
26010
21519
3211
23968
13870
20662
5470
15669
16469
4188
20145
4031
10477
1553
17409
12489
8089
3413
18148
15047
20341
22879
1135
12442
5825
8028
7521
7645
16097
9307
10660
11836
6012
17209
6413
3989
9165
1462
14043
25834
1470
21797
15286
26362
16121
9352
11136
1124
24633
17840
4805
21842
16494
12694
25636
2889
19035
16238
5233
8119
17998
16275
11682
27450
87
2219
26885
4964
18825
24814
13348
23709
19929
22146
4062
20935
21907
15207
27414
25197
11578
15141
10889
549
12578
24032
3134
5160
3748
14170
11777
5361
6098
19839
24063
4887
24237
26780
26564
24222
6309
7475
11884
21733
24068
8810
7696
22788
22804
5682
13071
15995
3388
9473
22646
15966
12606
2147
25511
16659
5101
19932
9761
1851
12293
17607
20171
15845
15726
24147
26267
25472
15309
10246
20017
10956
14177
17957
23697
20013
25642
1009
14825
23946
9973
15071
16880
13763
11503
3013
10094
26564
6401
14580
5980
6144
5614
26125
19521
15274
9792
7269
13247
6602
3654
24769
19078
4097
11675
17581
23182
11344
25505
19609
7522
7943
916
26267
11328
20290
1263
13266
16019
21026
7014
22560
3618
23597
23546
17238
13928
12068
594
17933
4681
3388
715
21834
12643
18057
11219
21231
15943
25358
25084
12500
5250
19008
22164
14843
9414
9659
7708
21158
20866
12652
14275
2661
9987
6114
9236
2473
9424
866
26502
22979
15639
9406
19154
18048
5599
1748
26766
12517
9198
2508
536
16097
2276
9704
13237
6819
12975
15355
12565
17895
25962
25803
8529
3978
25638
9480
17426
20260
18199
4870
5989
8314
11323
23306
6723
980
2299
21667
5279
10937
4807
23423
16664
17459
6324
10686
8861
5666
21552
17965
26982
21653
24128
16632
20036
13255
12956
605
27337
1773
1803
23979
7073
11332
5191
11049
11693
17600
4785
15798
13062
20713
14284
2575
14500
71
25008
2802
18048
26856
1339
5058
18671
6258
19028
12494
19691
23722
1230
9054
6309
11196
16094
24050
2205
22471
7502
21812
19859
25553
1239
26446
5846
8508
16740
9369
4035
6255
3669
27434
10713
22480
7603
22433
3214
18721
6319
14112
25961
22113
26267
23193
2057
3753
4030
16212
23285
26959
14753
654
344
3133
19391
1570
1658
6744
27400
22794
23331
2948
6266
11708
14094
16180
22703
26883
26219
17885
14118
524
15594
16306
25466
7248
26594
21414
6087
6924
24966
10229
22257
27186
8720
13661
22931
10580
10838
1957
10516
3007
1471
7037
10843
27300
22571
9722
11205
399
7989
2758
14246
23700
801
15681
21201
7025
16457
13011
4550
27129
3486
23818
5457
4049
11224
11782
16612
14122
12759
11996
26142
20480
4195
18445
22142
19229
13140
8228
24616
6942
12751
22031
17841
8448
23926
7761
20529
23273
16171
11666
16926
17796
5198
19290
14599
2506
26301
12982
2056
19428
22125
2984
3643
5361
18064
16441
11405
11422
1463
2395
10426
15097
17509
10225
25676
14659
24027
20389
11390
4214
7282
10891
4668
24048
22341
4305
20031
1045
14628
19051
26194
22555
7690
2113
12261
22891
16271
24381
19240
26734
4232
5749
19207
801
23582
15141
7155
3322
5853
8636
12867
1937
542
20434
14750
15378
26011
19180
9607
14695
9707
4984
24886
7587
9620
13816
25060
2511
24302
19467
12647
8249
23824
24049
18945
12563
19398
6072
20640
18831
22958
24137
24419
3796
14936
6156
13411
4250
22625
1803
8397
23320
21548
21140
25894
1697
16499
1394
5572
17114
13652
25539
1740
5148
12437
26460
26107
21324
19425
13972
16191
4231
3618
8457
6923
16690
20652
8772
25193
22010
1777
15306
26899
17540
3476
22382
4889
25689
11899
26575
11902
3633
8753
20859
22673
6170
26619
16536
22873
8301
12674
21983
18796
17663
22935
8553
14274
65
5113
2193
13377
10809
9516
1621
25148
20246
9789
20937
18463
25371
25630
4593
22844
12999
20626
24397
15719
6026
11225
6548
1022
18471
14094
18605
25136
1989
25250
12640
15781
6
26528
2447
1944
512
1204
22366
15553
13836
2586
12508
14557
3757
6119
23136
2856
20469
18523
24164
18776
24344
7833
22442
480
8635
22899
23738
20852
25944
12892
20128
14985
14784
19417
15327
26385
9161
24521
9362
5020
14349
15048
1062
219
3809
10313
27188
25006
16714
14248
4579
17574
786
15552
18154
10101
2449
10957
2108
6583
15020
24689
18134
25440
21731
26491
17864
21465
414
24757
10308
17922
15745
2314
20110
13473
3501
989
17421
20875
2977
5633
947
5577
8145
7096
17915
24996
25671
7140
9394
22303
20649
20622
2916
25959
21064
18212
9455
26569
9468
10652
18415
27040
5016
17140
25792
14807
10229
23651
10997
1115
24187
26977
2211
7098
24926
8850
23973
14552
9862
3118
14169
23913
5073
2304
23351
23233
25380
9049
4402
8268
22422
1127
12333
25044
5906
26819
2736
3171
26267
15681
12421
19754
15703
22839
3438
17367
16575
6181
12139
4792
12056
23007
18459
27069
676
22422
15800
19257
2493
1747
25765
23576
11514
12257
2679
10738
11169
23188
23581
10120
3780
14481
26477
3400
7628
13990
18150
9715
24534
396
21659
16566
14167
22140
22191
18310
12742
14058
4132
966
17253
6213
16017
8536
6741
2464
21200
11624
1466
1714
6631
4458
1475
15613
17134
279
26293
10014
16328
