12512
9520
9435
15167
20594
4840
12357
21592
13799
15189
2771
12282
19585
8876
3422
8515
505
6048
9761
23232
7570
10812
9079
17334
14969
17710
14829
17497
24897
6252
172
454
10885
9054
25818
9655
22291
25519
10429
19216
2123
20754
1721
3021
19572
15822
22300
23721
18045
19421
4195
23978
13051
493
7558
12894
1641
4848
7788
10491
9345
21547
11376
16871
23520
26724
25322
10359
5640
11218
27213
7436
25853
3038
10851
16492
17997
15705
6577
18377
14081
11487
14525
26489
25770
13523
13240
6101
1203
4995
24117
3944
12744
12883
25954
1588
12976
18895
25332
4689
6174
24733
8677
6695
18772
23551
1237
951
17559
10707
14117
22672
22073
13659
9862
12453
27434
9206
10477
17612
26268
13075
12922
6161
20714
13843
27522
9435
3030
5769
24105
6561
12651
702
22438
2870
24816
3920
21725
6324
23062
7616
11426
19050
5663
7270
20310
5481
9303
4128
916
26938
13549
23616
26487
4908
1277
4936
2030
14929
12106
27248
2754
2384
8034
562
6401
4059
19242
11801
4608
14228
4187
12850
15143
23013
20785
23175
13736
8378
324
10692
12598
9251
21767
9357
16701
6827
1023
18668
18306
6278
10491
24002
18291
16367
16566
17160
18999
19256
1410
24823
19286
21080
16901
2003
12223
4691
11711
21886
23572
2703
27540
15389
25565
16743
22655
21485
6222
14954
1900
15992
10592
2348
22080
15801
4876
23787
11267
5266
26990
16956
9525
9617
12189
16131
23567
17738
14161
10355
2313
24946
13210
342
2209
13359
21632
881
13099
14712
26514
12664
2972
24760
8524
6343
25266
549
6730
2265
19245
9013
22336
12463
18230
11841
319
21948
13758
11143
15668
1600
6311
27245
8462
7207
13248
16098
929
19417
25545
17178
9847
1169
10456
10316
22056
14608
5947
8334
9452
9540
940
7833
1494
11493
10681
18479
17398
24079
11134
19888
15370
24947
25692
7026
2579
16841
23695
267
17843
22248
6246
5467
11788
20586
13301
8959
1663
13500
11843
10215
26386
11238
8523
25610
6113
26789
6231
24682
10752
9907
9098
23218
5751
16091
9366
13438
12014
1918
5364
11461
10622
20092
13901
14687
11570
2730
16538
20272
23409
738
12098
26470
6706
25237
7105
13850
21777
11307
25696
3059
23423
5865
7227
27413
16820
19263
4902
23232
7560
26387
22662
5040
11914
20312
21634
20978
14163
23451
12673
27350
335
3156
16339
8550
20312
4665
7017
21876
13341
13627
21842
23211
17961
17065
9633
20093
12634
6293
13965
10745
6071
16844
6154
20362
26582
26974
20133
17415
20
2256
15554
7777
14104
16221
23636
2308
17819
25830
20803
8134
19160
11765
16839
25477
4369
24474
11148
23134
1087
22794
21414
3568
9781
16193
6354
1921
8724
16500
13549
13907
24320
17073
13079
15869
4066
12282
3952
9786
7591
24961
18097
17691
17593
25252
19515
27530
22717
224
13880
4553
24503
4980
26788
25708
3168
18662
21273
22963
7804
2277
26921
27286
11127
16279
7702
6692
6331
27438
22130
4342
14409
6145
14345
6658
910
3474
10698
11490
6317
5894
807
8672
25219
27353
17112
2280
3898
24594
2300
7193
1163
4168
17126
23716
8222
18050
18299
16289
10902
19401
14849
4617
7276
12187
20890
16194
23210
11165
9969
16097
1295
11358
957
2674
940
22829
21921
15768
13263
22405
23661
11884
26314
4759
8902
26575
21316
20531
26566
2986
10164
19578
18031
8834
8991
8945
2702
20865
452
8712
2492
23925
20320
26146
22780
19366
10632
6455
25807
1646
7197
12090
26174
13960
24107
14281
20117
12336
15937
4180
25519
2860
26201
14091
2694
21927
19680
13327
22617
6295
16686
1175
7916
14390
8814
18611
5204
13953
3862
18746
3452
23551
25241
1831
18963
961
20136
25682
24975
12191
21877
1977
10052
23689
3247
3855
2145
9910
17517
26218
26376
20114
6342
1503
23551
7874
900
3882
11271
18062
2569
15797
843
13604
6010
23671
18338
20066
2021
19612
99
24765
11327
6180
17485
7318
23704
22699
19101
8464
8776
15959
2226
22466
338
26466
15218
17707
2832
21517
16248
25032
12385
18624
1347
26238
23770
11032
24900
2802
14150
9329
14077
77
7752
17819
19522
11494
22733
5049
4991
2909
15666
19970
738
21358
3956
10610
25322
25819
14121
18498
940
4184
8632
12708
22967
21834
3176
20155
11447
8452
9610
1151
2586
646
14922
8454
23576
10979
9253
15261
5149
4351
24261
4899
8448
6672
26624
9188
23031
16659
20562
10283
2424
16693
23687
7326
6040
8949
8491
13014
21620
5711
2050
2487
10318
14175
13001
22524
9907
12708
25406
6620
17070
14232
7324
23317
20715
12551
24674
64
7035
13445
4401
3776
20458
11579
22980
8596
7682
11348
3703
22253
1442
23420
11506
23847
4799
12625
16551
18795
5622
4804
16402
10967
26301
24867
5505
4089
9607
9739
6605
25466
16626
6800
13790
18942
26696
22173
23348
27392
352
26835
27050
25444
25380
4823
8198
2460
21069
13424
24625
21614
7736
8848
7811
6484
3276
2742
8408
27273
4846
23377
23211
6317
12842
15404
21678
11723
2315
8540
10646
16933
1673
4662
12497
11537
413
2462
4363
14587
26961
22418
27066
22538
3662
21398
14761
21299
3517
27486
10609
11577
23787
5309
13732
13535
25960
2139
3137
16139
20074
2933
24017
8608
6304
24524
7010
14331
88
9658
19967
16910
23390
20195
6836
26666
24182
25398
9177
21276
17034
3123
16041
20962
8482
1509
20220
26831
5451
21878
8106
6081
7222
13823
25712
6165
19927
19704
7306
1838
24681
22308
16900
11889
11244
2311
19008
18150
22723
19253
7626
10829
12498
11323
18950
23286
16101
19884
26864
5217
312
10975
11117
10791
20305
2140
19267
17220
21184
4326
20882
20079
365
27509
8725
253
19021
12498
27426
24088
321
26718
6290
21907
16068
8366
17729
22858
26518
25778
2112
7024
7431
13716
10499
8298
22143
711
22352
5021
2287
5609
6411
22923
595
21537
16226
3983
25455
15100
27488
18244
12630
22312
13172
9270
12386
8849
4349
26584
12864
3899
25649
9415
18566
16086
3843
26349
21645
14536
10787
2460
18287
4156
20714
5209
5954
4114
19299
4971
11104
6180
15721
17582
20143
7283
9293
22181
27063
6610
9814
22169
19563
16518
24542
12643
