21583
10960
11156
6262
11747
9376
18590
3940
10830
170
20448
12016
10987
8974
10762
10643
26890
12236
6115
8834
17092
17090
4136
280
7018
13701
20507
8452
11163
6566
20117
8976
18368
6383
18873
6246
16513
13232
7782
6411
2914
12177
4958
1280
2847
24182
27145
24632
16273
24350
24822
20768
19936
14154
19164
8174
17622
9475
17644
5279
16015
11895
8479
18442
4320
19124
24785
12719
174
8995
9441
17513
24262
7297
18593
14533
1068
8151
8762
26348
14674
3856
9373
9384
17988
9800
27471
10066
9683
18667
10435
4719
25065
23687
25743
16861
6767
525
10112
19603
19935
4716
2499
4378
13653
13705
16540
11465
22329
27492
12592
7980
779
20170
843
4213
415
8363
18320
8286
17183
6393
12530
16941
19098
25001
9946
3722
8361
26282
26685
1371
24563
6061
17688
19211
10953
5501
23393
21559
6036
7172
25046
1519
21861
22923
9331
3779
2017
21900
27367
6091
19270
19207
8990
23153
141
14829
2153
5680
24921
24960
1328
7598
9707
27176
21186
10963
9694
3360
18383
17261
23908
6462
8004
12870
1226
23428
11905
686
2882
24043
25734
3217
15592
7712
2262
26617
20277
3444
7671
17437
16187
18347
22333
23464
4250
19657
21045
24225
24015
26330
6093
20511
22150
11882
16006
12053
18930
20712
21088
2539
18663
21094
15974
11280
27071
20036
475
6655
10269
15638
6423
24249
17751
22134
9574
5201
11208
18361
3994
17513
14114
18983
22636
15678
6269
11388
27214
3678
11640
19334
663
20340
11561
22409
21827
12123
11183
25377
14806
2380
19757
9207
22601
10752
24658
12885
7243
17933
16793
17933
18129
5947
4656
17397
325
25541
11345
2320
1692
21238
8419
14539
7789
12781
12259
8366
19423
17326
20700
24242
24739
10245
26679
8198
21767
13322
13866
4832
22867
259
17959
17877
21972
12271
13106
11056
5756
23357
20923
20715
6485
16048
12661
15335
11127
8662
8195
16061
11711
16255
11357
16920
4785
9168
18374
24577
13240
4680
3290
17686
24554
23478
9605
23211
24507
2133
19491
7398
26241
12407
25899
11396
20988
19723
15326
18596
9220
18038
8632
2469
1612
12016
17264
759
9685
4542
5671
22756
12463
14048
25711
18798
15771
27259
21821
23255
16103
18397
22759
2707
5864
5243
23117
21161
24805
2663
24185
18009
15909
17658
23474
1755
14907
25919
18859
1639
8722
23215
11964
2314
15985
12355
12762
13536
5202
12325
17442
22893
13785
16017
16115
20655
19939
16473
14928
7119
9056
22134
7495
17554
13296
1672
14797
21968
26613
7226
2895
16316
13595
26183
26040
1183
10477
25622
27537
21733
9857
16040
10833
13462
7916
4420
11647
9269
20520
14924
23089
2442
1671
19976
8772
17959
6088
8147
4197
11696
18216
202
24086
2430
10733
18554
4032
21263
3154
7704
17690
25856
17928
17976
19089
16899
4059
20009
19262
20755
18662
12907
11816
20330
21841
27164
11136
13796
18000
23506
934
2882
18894
20469
5532
11292
10902
4709
11461
16748
25831
18217
4295
5993
18050
24012
23922
25045
17932
4382
15040
22348
25862
559
21624
17487
10609
980
11278
9584
27190
7905
8579
14811
8414
19612
7724
2262
22416
19821
8109
25701
16538
17958
22412
2669
3737
2240
19173
23193
8187
8363
6169
12347
10278
5210
19467
21731
14238
548
6515
22005
21100
24538
8362
1457
10227
18004
6327
25771
11587
15450
12503
23999
23400
7392
11698
9423
2278
24557
14714
26770
19745
2466
20635
24671
14612
3913
23202
24916
17100
9612
1616
12467
11747
2644
8004
14056
6290
1732
26477
18748
18102
450
16021
10734
24042
12576
9758
20074
27275
13106
3107
13589
4485
2310
24722
7092
7428
14296
2127
15426
10565
8636
8104
9618
8703
26111
1494
11664
2528
16976
3769
5782
24726
23460
4418
19800
25481
7489
20795
17462
24506
23067
22393
11364
11607
23348
6438
8765
442
10862
6606
27122
24082
5558
3339
24333
13728
17861
15752
24411
23149
6514
9815
13574
24331
1246
8244
13725
17892
19216
17217
12930
4413
3684
25902
2910
23116
14434
13301
14466
27174
8869
8566
6537
25666
669
16488
24845
25032
25519
7718
13125
13085
8583
19207
1921
717
10457
10223
3144
15083
19446
10798
27397
23642
20090
6462
14108
19450
22407
6617
6025
11500
17353
24023
3878
26621
9313
16720
12935
10039
17941
8005
15335
18159
18678
5619
12155
16003
595
3444
14704
17927
27150
6959
2498
23257
524
25214
12903
5691
12890
2521
1932
7973
9546
2900
14220
13827
3245
22162
18907
3336
11074
18623
13015
16988
21603
25928
21961
3449
23820
13948
3852
149
9056
25445
19137
7555
2623
9001
15637
21024
14291
15414
265
3612
13467
20139
315
24730
16495
15065
25747
13739
22382
17518
13301
21053
17864
11225
8556
24577
3871
15326
11834
19104
25699
26096
6850
6789
8758
14624
8916
24026
15848
8221
9321
10283
27068
9129
18851
26479
7555
14099
6477
7311
16709
16277
3198
18599
13539
9278
20625
4961
22302
26236
4504
3805
9566
16187
11122
14491
13206
11415
5685
10218
23382
552
14182
14091
10798
247
24207
26007
26596
7454
7416
1801
3852
19744
20815
26632
18465
10172
11587
9796
9446
4708
22756
22752
9422
1107
14222
27299
2604
22804
24086
21678
21763
11274
17180
26419
13825
3700
6963
2032
5239
13788
19173
20317
24256
13444
11114
19636
21419
8297
24232
22899
10966
21114
10903
4419
12678
19964
10238
4173
11906
16944
19877
5005
10089
7643
15922
13422
10154
26911
3629
13357
18130
23380
25973
22942
13832
26287
17218
6729
21476
2402
18283
16216
4636
14397
20285
5723
16056
17221
11188
18646
16049
1436
19628
22408
2863
9411
1801
8140
2785
27008
10151
9982
19995
13184
5427
1610
13868
18334
15026
10626
13952
417
13196
25765
7548
19025
11422
13874
19085
13999
15454
13062
9784
26690
21881
4208
3650
10553
20089
24520
9600
6661
16802
24558
11892
17113
13679
7440
14944
15841
25458
9490
9303
2956
20810
17778
5364
13628
14963
2566
27043
19283
3436
5121
8306
21569
13822
6240
3526
24175
5495
11038
22268
19639
16726
23633
23075
12834
12482
18792
20618
754
4250
18279
8898
11531
17183
130
13247
10415
14386
18838
21453
1602
24762
16302
19311
3519
16607
21882
22111
