12818
6431
23391
27220
13687
4924
17162
16685
19876
583
16379
11312
9613
461
10413
27434
13451
23205
21643
17346
23475
19741
24596
6041
9199
15259
4079
22928
23843
5316
19320
26238
11967
10896
17169
2104
7905
18311
21875
18746
23617
26335
13016
8632
22768
12070
24507
377
16872
9432
10692
12121
25296
17373
24560
21503
12549
3876
22899
21257
14784
18311
17561
27182
27011
11326
18484
27120
18277
23847
25353
11377
8462
21950
25551
18640
7968
16056
451
5848
22154
21161
10140
14363
12880
15336
16586
18725
20451
4721
14607
7758
19135
27053
7852
26720
18102
6232
4608
25535
10838
20041
4572
16634
15726
26234
13782
25429
1727
11396
3028
9540
12011
27385
20079
2642
18754
22518
6336
11911
12467
16181
416
1162
15561
24537
7938
14566
19100
25720
9405
1783
23707
13240
20759
18038
19391
6283
11283
27109
16926
10794
2698
16995
24039
22328
7106
4581
5621
13656
10844
2867
8959
13736
26830
14089
9179
24296
5293
22200
10643
7139
5637
8242
14702
12652
23551
25276
18741
8329
11254
19700
4043
9265
14272
7810
16280
524
9950
22367
15177
13075
7291
20633
15027
10791
12788
17982
9830
21728
13721
8354
9896
25576
17421
3675
10310
11208
12925
2118
18643
9018
8435
11880
16212
13717
1767
11357
20338
21055
7826
6352
3022
5257
2845
1407
18450
5513
24105
20607
8055
3427
27226
344
6528
27183
27124
20907
227
16710
23674
16884
15811
10734
13572
11920
20712
10808
22235
2043
13796
27345
8601
5007
9021
5791
8454
27353
25232
14944
5055
19613
9857
5977
11954
14037
22631
3093
6430
407
2827
12077
21978
14799
7126
13971
21849
5587
14487
25857
23147
19799
14257
2476
26918
17772
21873
16376
7249
1212
18083
6030
19774
1634
24515
15402
23678
20898
11817
16740
22932
2320
7063
15812
16894
15553
5550
8634
928
3659
7760
23936
18010
4459
19910
24263
7377
16000
21816
2133
2396
25189
10370
24703
26519
26709
5969
14019
5244
16461
8074
2310
26698
10077
22572
15421
20043
25006
1615
8592
15903
13492
5626
23493
20860
15084
6794
22119
15688
18098
12768
16591
17165
6869
20830
24099
23413
13637
23268
11525
13038
10532
22683
6155
5283
6481
16256
20576
4645
8607
3876
26894
15631
14559
8454
21073
27437
13549
15155
2349
5894
18570
88
22461
12362
24298
18561
19936
11594
3383
19488
341
7374
4963
7955
18076
6759
20732
23730
20581
23241
605
9483
2700
1810
27242
16099
19886
5399
4574
23645
15445
4413
6406
21916
12588
743
25588
8365
632
1983
2466
13122
7659
5793
7376
14349
10720
24722
12401
819
18071
25375
27230
12317
4607
474
910
16863
25293
4500
2271
24062
2115
24325
14968
22761
3196
16061
21689
6503
24759
25680
3874
694
16851
15603
17309
22436
22537
4077
23517
13145
24249
15756
11931
7644
4387
11633
15874
19936
13191
1187
17645
6234
24850
2314
7938
3112
14447
22541
27247
6252
19275
340
11702
14208
3066
12848
16762
12673
21685
2116
7695
12997
10567
26234
16168
10892
8954
26757
3078
19655
7289
25837
3769
13571
19268
26668
17807
12018
2527
14075
5043
3392
2394
4552
3116
7620
12709
23224
15630
16100
16358
18516
9650
1182
10870
11585
13734
25537
355
8166
10902
26306
3557
10974
13721
26715
21776
1482
11287
21436
3989
22804
4032
1372
1858
3424
15514
9044
25810
17213
400
5942
2049
15963
16730
3956
27061
22122
18631
13242
10664
11865
8003
23238
18903
3217
23410
25330
8380
8520
144
17163
19227
3370
13606
22723
6254
19443
21910
21617
11968
24583
23552
13334
16780
5360
20982
6974
24604
13973
20154
381
24399
1727
15271
3727
11904
22886
25817
24164
26999
27003
12463
16846
25068
19643
7589
26008
9271
24746
8672
5007
9172
12199
12253
4756
19458
18166
16059
1659
6907
19029
11752
743
16484
5903
13470
12135
5689
3507
4914
8950
1541
23869
13722
7592
25431
9346
3339
22478
8751
6114
21857
9273
10523
20785
23064
11668
20672
4564
5531
26735
3387
15235
4176
18493
300
23796
17522
20914
25389
16111
11714
9948
18463
23305
24721
19314
9279
738
17295
6938
17219
3210
19057
7899
11112
1328
3879
21270
14960
11642
6425
9711
20263
22690
16177
12136
4038
15848
1071
3548
9210
7360
18039
2267
24865
6217
14210
21393
2278
14555
10011
13914
6453
22544
4674
11435
27311
13404
4807
3872
17019
26157
6638
22176
7480
16686
170
26068
7798
17683
26188
10682
11932
8797
8459
19053
21910
21023
4208
17077
20556
8632
15007
1329
18677
22027
8414
12814
14475
15343
15897
1543
12240
18333
18311
10154
22756
14178
14834
5030
22891
22154
8747
4249
1190
24691
9939
20330
377
4087
9413
24316
21412
16214
1058
20136
13003
23638
9749
10631
9914
15219
2324
11858
13455
20871
21865
8393
998
16370
18350
18352
2954
2270
17805
10354
17147
25046
23066
23710
11342
24325
22882
11302
8782
6311
21591
13562
24412
14584
27378
23858
6846
2408
26579
3385
19134
15219
2714
12336
16700
7060
8107
14305
16277
18684
15016
6892
3021
21681
9081
110
15086
922
5466
13476
5108
24230
19541
8131
9279
4455
16514
437
3723
11767
3100
23252
342
15502
11727
11763
12474
696
21206
5943
14899
2644
18636
9976
17725
25625
17366
26820
21060
2193
24240
21388
16694
10346
9001
25093
7279
14941
11278
14678
3712
25861
2858
21259
2100
22751
12695
16817
11333
10952
4771
21483
22152
7720
15251
101
10378
15988
10168
19397
14857
5205
26596
25773
18612
15256
10240
9239
431
5259
17025
18094
7571
1722
24243
22996
5625
15262
7342
10656
3399
12555
10201
17715
11929
15593
24668
24477
22386
10335
13000
6278
17883
20150
17349
26724
1320
5749
24808
15458
9796
4792
7004
19302
13821
446
14841
22056
1976
23682
564
417
12632
20333
1606
5257
25102
6437
22494
22381
25735
24164
9137
23469
6965
7883
7864
3495
12034
342
25314
21523
27494
5888
22933
15521
24392
2443
935
24759
12968
23833
15305
13945
18675
1886
15261
17419
14101
21780
11773
6737
358
2026
19247
24562
20227
19680
12488
17477
13222
18010
7639
10389
20731
20997
16852
16927
20806
10107
12141
26105
24882
4447
6843
11962
3604
10934
7016
