1033
22296
9780
21355
16761
6590
9498
24800
25680
16757
20396
12867
42
7355
9471
21096
20915
3246
23471
19728
19091
14706
23631
2958
19127
10807
20530
23467
13595
877
11679
2468
1885
12967
6618
19640
9228
5188
13335
24153
17132
25273
24017
26360
20412
22231
21218
9190
11163
27189
26924
3367
4601
7612
2000
14209
16848
10165
17856
3125
1935
21318
26361
3011
13561
15247
4192
20276
6635
11024
26347
16393
14187
20442
4897
10706
5688
24773
3566
12112
26584
23478
11360
4504
12134
6058
8138
19092
17473
19273
10854
1847
16158
9569
15086
4868
22993
11339
13191
24634
6314
22581
7036
26110
2797
22334
27450
1307
186
21253
19609
12455
25600
19918
14264
2366
2306
10713
11596
6986
11779
3700
1288
12701
988
3940
12580
12444
17177
25240
21682
13392
4990
24240
12480
1299
23843
23908
18513
19480
22169
6079
26432
4544
2715
21859
13328
18032
20382
22457
11090
5922
11187
8739
21784
1451
4329
10427
7048
18993
18709
11142
15810
26394
2033
24419
10346
6240
23328
17343
7426
14328
26679
9454
5472
2408
9687
23963
24497
19647
9873
24047
19197
22977
10804
5255
18916
11296
4906
15988
21367
16002
22298
10497
6243
12819
20679
13625
14056
19292
25947
2509
11587
9319
9193
2539
16781
20454
10301
9884
639
4718
3964
10671
14565
27242
15017
25923
2350
16596
14572
22530
10720
13709
15911
22970
22988
7339
637
25455
1558
2610
10740
13185
5896
19329
5773
969
2784
8563
22152
5601
19013
373
9948
5779
3136
9946
12952
21380
25077
14506
332
12010
8292
19804
16024
19127
24602
3913
19613
27226
2467
6175
17681
6075
17717
18141
23933
21003
3266
21913
10957
24490
13439
2942
21447
11374
11299
11398
12331
4344
509
2424
14248
23133
12900
17656
19918
4958
668
13073
11938
4481
15911
2566
5442
8805
2012
15187
15752
3289
6443
16148
2596
14390
15575
13153
4020
14636
13634
4174
16682
7589
26795
26504
3844
24448
13546
12387
23731
26435
12227
24962
20221
13814
19213
20137
8476
4472
16633
2652
25655
14187
10812
12141
18299
26630
6426
25835
20825
4709
1385
17654
20582
24637
26129
28
16450
9471
11066
18375
25763
26205
3852
19052
18066
21167
11249
15488
21268
12435
7222
10111
16772
8012
10989
1846
10925
23903
16593
8336
20693
25543
8307
2466
14383
22508
13870
13257
18257
21353
8394
3784
14394
13538
8219
4292
17963
15497
13622
26512
375
6289
6876
3103
24535
16379
3217
12602
9400
18041
11045
24736
24558
6259
22437
13393
24574
23431
20377
3456
25514
11003
27206
19812
1194
16998
23103
16446
8653
2248
21423
23777
9360
8749
25775
1512
6295
10404
21900
24452
17454
19198
12381
1696
4774
11312
13019
23211
8429
615
2294
22049
3438
6753
11507
2497
1941
19802
19900
11478
12732
12018
13640
26413
23183
25064
19450
12651
14488
17682
6553
23136
7483
26407
19586
17071
16905
15609
24724
16074
7205
21621
24358
20042
18477
19594
17702
14876
23113
2498
7589
23896
4978
13133
3501
24273
19868
13898
3811
21678
14844
23208
20901
13734
18453
19315
13204
3530
20873
2213
16073
8354
4098
21268
21127
22631
20887
15245
580
3792
14016
8126
22499
26899
18966
25363
17320
25069
26169
4332
22904
2200
2442
26596
1477
21070
20645
21780
16474
2800
24129
9073
22960
10923
2990
17830
17410
12307
26160
2461
10849
9883
7580
10467
17653
22871
9324
15216
26422
21432
9054
21035
10851
4621
15038
18058
7113
26500
4626
5963
16057
27372
11401
10648
10826
24211
25061
24248
17700
26376
20835
12241
9684
6936
3077
2353
6390
4271
18222
294
12949
25907
13561
7317
1539
21282
4276
7416
26971
9380
9447
15443
14447
27126
4867
12271
20843
21339
25984
10678
19015
8345
332
3694
26412
24842
27063
23183
19825
4775
26158
10810
23905
19114
11866
24491
10655
21996
25080
22801
9605
3773
3043
7956
13368
12327
17132
18689
22566
415
22489
12126
26099
17154
14605
17451
5734
452
7135
15286
16970
17767
7998
19319
16766
10238
4668
25272
21808
16002
21313
20432
25490
22906
18977
21800
7397
15219
23624
24588
14296
19653
23406
10626
6383
3677
2755
14467
6099
26852
1071
8061
21408
27437
11542
25291
8010
10156
5924
22928
14963
22418
25096
9073
21160
5363
24061
23920
20878
732
2890
27406
13456
26184
15902
12303
7096
3988
5765
602
7037
14783
4263
12232
7991
23678
4549
12411
5834
23978
16449
23655
8960
26407
20507
7548
12987
22390
21438
19724
9211
13073
2439
15668
18708
15288
8316
4295
942
26729
19991
17741
24931
19753
26188
2502
21208
11130
25863
5121
11486
17232
14655
8427
25978
20637
18906
13350
2053
17022
20578
8515
9791
9551
12397
6367
22239
19101
5001
27145
9643
8045
26570
14228
18214
20670
13068
7193
7746
9330
18955
2909
25489
22907
14230
2276
12090
13971
3779
14899
27031
3867
21128
11994
18674
18529
20056
2846
20626
15150
8064
17295
24151
27458
10151
24901
27434
3572
7565
15694
18445
24897
4856
1944
14941
12981
5408
15474
2300
5311
15054
24175
5342
14857
9434
18378
26755
5757
15032
17844
4048
1126
13606
9780
5419
19790
12268
16114
683
1212
24171
3807
25698
9329
16879
9104
11395
24412
12385
17973
25721
18757
12286
9159
1727
6362
26377
2171
20209
10814
15887
6328
8959
11295
4987
5942
24455
2546
11210
6225
27287
7246
19876
6870
3984
21125
25814
10298
24902
15513
897
4682
19704
12707
19011
17766
3731
3159
19162
8909
14878
26257
7052
7883
19006
24479
11107
12133
6579
23771
14557
22913
17874
17965
26152
15288
18252
23682
165
23021
13292
24542
3195
10535
8769
18171
11276
10122
16355
22601
20346
16619
9587
3436
5201
6854
21606
2440
5928
1970
13498
19051
3202
11701
19165
13156
4504
11507
13233
19128
21684
5718
21691
14516
21377
16383
7395
20424
72
559
21066
5097
17831
19749
185
23587
9160
15727
11405
4051
17055
17187
12707
26148
22324
2231
20113
10317
8702
15232
21971
13037
13557
9921
13937
10901
11069
21430
11312
3356
17005
24183
16306
15881
20315
140
9068
26434
2702
25659
22242
16016
23580
24140
26882
23549
27285
8550
1497
6375
3797
24962
11336
12015
4359
23265
22629
9059
