19426
15690
26231
11254
8903
1432
11282
5675
3595
5880
11144
19405
1207
24903
7304
25465
8516
14125
17164
576
17886
6289
8342
10686
7013
9946
3740
16139
8835
20706
8460
17315
27145
25681
16471
3196
26798
25966
120
11110
22467
24336
1127
5939
17826
21922
11478
2022
18356
18844
21488
23477
18462
2620
25595
456
19257
823
18069
24568
12258
11060
11221
14700
26993
1846
878
18649
4462
1542
26697
18922
22521
25868
23133
11123
20055
16123
9736
8395
13350
15341
8667
1049
13309
8212
23913
13692
7700
15109
26653
15030
1068
1112
6823
5620
22956
22723
7345
584
27272
11227
5069
3552
6432
7102
24233
17247
14645
1220
13206
21848
21484
7024
495
22278
26443
2337
7521
10547
22215
26048
22631
22122
15294
3425
25861
26774
6269
4599
6936
25802
12021
21946
910
6851
3511
1644
17102
18323
24140
14513
26090
8950
21942
7389
10624
18379
2715
17061
26900
6208
2131
27155
11817
20455
17663
7989
19771
21271
8719
7431
12154
23267
24665
6091
18649
27498
19744
401
11993
5726
8882
5250
3453
26001
6269
26951
24998
6193
10727
2662
27429
11931
16176
12795
16817
22185
7850
8987
15915
25728
17963
3227
13062
8991
10599
772
24588
7328
17601
25596
19365
17867
24179
10297
11858
8313
10173
26599
7607
15399
10763
9180
14309
21105
10946
8847
10653
10425
1306
15491
11442
19179
22824
13112
26290
5318
17983
9376
5149
19805
25480
16586
17322
14656
7092
26726
230
22896
23043
23330
26317
12578
11148
22090
27053
15800
22958
9502
25652
7515
26627
18892
9111
2825
6631
17107
17811
26148
18940
12680
7319
23018
11226
1404
26948
23545
25958
14629
7065
16899
10954
12348
16039
6456
20527
5695
19405
25723
10851
26183
3788
19521
27496
27403
26692
19625
16967
1966
1222
17053
10949
7833
6375
11232
8495
3740
18153
21990
26905
17404
20137
8211
20562
1444
511
20653
11927
10753
545
22550
6324
2845
21812
12999
18840
25273
24536
10047
24581
21382
15823
27038
1303
16203
25366
5499
17351
2017
14601
23167
11530
4460
21415
12884
23915
21755
19328
15899
12005
2315
14304
16172
7358
19081
26472
16263
10940
23119
26184
11347
11587
6219
3922
22222
26223
880
7967
23801
15535
11594
529
16223
8984
8543
1450
11052
35
6814
6838
3430
17289
16492
11716
14357
21901
11515
6002
419
17986
11699
22940
26009
11481
2314
1248
15703
15178
11147
26589
17553
6290
23315
17071
9159
25429
19489
22305
21825
5563
18916
1966
22337
20385
14393
13457
1149
4949
11803
4085
25215
17441
1217
7858
21286
24185
22561
25089
15671
22020
8104
8771
7946
19871
1715
19274
26428
11731
19452
25134
18894
25748
11849
20678
6364
17335
13760
219
16961
380
8467
6756
10626
7059
16305
5105
22315
8718
600
11935
11115
9677
7789
11789
2289
8947
26266
13435
3087
23375
21686
20063
6491
6802
6297
11718
13096
11413
6465
27009
2697
7244
5874
11083
13968
19305
2314
7708
16075
19556
9612
26190
11273
6705
8270
7066
5112
27266
2932
16734
6024
17963
21425
21169
15982
12165
22576
595
13316
12480
9355
15723
898
25034
26593
10821
5368
19447
4307
26497
15115
15838
16484
3843
11787
227
19694
22973
2053
24150
12489
12731
2437
1800
22715
1362
3898
27017
10587
19031
23940
655
15879
14488
4128
660
7243
13695
5830
14075
25569
16492
13384
2447
22475
2558
13741
6590
24541
10922
1076
13351
5398
26596
328
5619
1225
11531
1182
5643
11254
5291
5390
20439
12094
2972
5555
24925
16164
14400
8840
10935
11832
6252
20623
16827
4332
7552
7251
11081
12912
10699
26484
4469
25293
1233
19116
19269
20312
17826
9502
19211
8441
3886
21824
23792
14196
3124
18275
8471
4017
8794
1370
4931
16440
4283
23363
3032
10709
18151
20500
2422
4117
15752
16436
4183
24270
23918
25065
20817
27518
19601
16304
20531
9712
20389
21749
19389
15159
25912
21064
11508
18935
21326
4783
678
26526
10798
27184
2213
9140
1305
2332
24790
20260
8272
19104
11302
25444
7884
27184
10115
9540
1813
21496
1765
3887
10131
20055
7442
3122
7918
1970
1114
6935
10034
6576
22434
27432
16484
5428
23794
10399
5642
427
21750
22656
11395
15668
3
26667
3698
22858
4104
6490
17534
15788
18873
24442
22298
19637
25879
22338
6582
13185
5250
11321
9498
17494
20189
15975
20388
12893
21292
25204
24044
2109
1924
20325
8607
8796
608
3515
15800
4136
11270
4432
1549
5063
18301
11246
12020
20056
23008
8
20660
2377
6776
2159
14723
18406
24559
23448
17330
11542
8532
5123
6042
3294
1901
16507
21734
8373
20641
26148
4795
22399
24968
13368
21444
21386
24910
17943
10232
18521
11481
7141
20701
793
9649
2223
16581
26641
7452
27261
14699
4400
7231
26418
14080
18019
9222
21696
4231
13664
4113
4089
21959
20231
8111
25621
15255
15425
6976
18709
17867
2486
18693
26488
22165
17160
18687
21062
10167
3225
16373
13742
17546
14921
23091
27119
2882
10961
25766
8733
10791
18058
10169
15246
11554
12849
18511
9035
12734
9716
19277
15880
14168
3005
2527
13267
8494
4466
19409
4950
12977
21242
8556
12028
9046
21314
3149
2871
1698
11149
24317
5885
3641
16042
1542
17946
25582
3424
7396
12973
7661
15134
755
22584
3257
11179
7915
4529
3710
17604
25079
7848
9931
17641
27115
25552
17146
19761
19211
11123
20471
2015
3439
11844
331
12710
7653
17549
19047
7289
98
14588
25510
8616
3659
9512
20198
24299
28
23640
8031
23032
12941
19096
27163
22013
10218
13423
13737
17416
21775
18795
27471
17597
11523
25558
4946
25800
14676
25378
21663
14754
17777
11115
8487
16508
16364
15163
23317
15813
26209
7152
17159
13205
18614
22736
2715
22205
14620
15611
12332
4336
1570
6901
22287
27162
8054
25589
8369
5857
22707
11333
8814
22770
15400
1318
5886
22701
262
21488
18229
13809
25947
6009
21742
19384
13462
18420
4542
22631
22778
524
15966
18399
27462
20188
25052
14387
1878
24450
16974
24037
2819
12665
15260
17571
11345
11655
25381
2072
24898
8440
5159
9378
23836
19756
22728
7052
3454
16680
15573
11073
10021
11171
23903
21259
9108
12863
2161
1204
17724
13457
13844
17113
