12639
2346
27229
17683
9967
27048
7943
17266
22161
13452
7673
12654
5912
1135
6976
19240
2240
15954
14613
1892
5471
3495
7891
18775
6864
3757
8985
11736
6537
22626
4583
12291
24141
15930
11635
23987
6440
6089
24906
20226
10367
19467
3613
27494
6936
17279
23950
26712
25898
27270
24804
27065
22257
11270
11353
7736
9776
7319
15753
1232
17729
2105
20836
26389
27520
15448
3936
20998
16615
27401
2343
35
20589
18618
18433
4134
5995
17446
25626
11440
11579
11871
27176
6276
24857
4774
23361
7031
5855
8424
24722
7258
16718
13920
22729
26299
20203
13668
14995
20717
3517
12373
188
27253
12475
9668
13211
3724
22797
15518
10949
16122
16496
25425
274
2118
10793
12338
11888
7894
10124
26796
12868
18472
856
15559
4550
13333
4753
22505
12948
12845
19063
26449
1854
14994
20057
21223
6042
7447
17896
7682
1897
11996
12699
14302
23620
14611
15215
25351
22856
22447
9454
450
24690
5923
2736
24660
11319
26866
17796
10107
19358
16897
2494
15201
15758
648
24302
25053
23465
27246
13328
21331
15561
9540
17268
14571
3107
24323
15357
12333
6352
23215
1639
5886
13831
21367
26510
23574
20548
13800
6596
18558
24258
4365
17965
20875
9841
11417
16649
1135
4727
7017
8460
19501
4521
8353
4037
17883
9273
23627
12957
22680
304
10354
18255
3626
10303
13528
10764
8632
4568
6505
21106
20383
8419
22936
3100
16183
17869
4461
21462
5732
7987
18377
2282
11626
828
11250
2172
20079
2992
4056
22950
21022
16496
9482
12734
18951
26919
2515
17324
23155
22582
2569
6157
18152
7708
11398
15077
13106
9010
1179
18605
14722
16153
2817
10778
685
2271
7440
8726
5361
26153
274
19256
16163
9889
1515
22254
1492
26880
9727
11030
13389
14350
17600
22909
25611
20439
11089
17721
5250
23667
2314
11567
15586
4663
19415
11358
22749
25401
21714
15788
6173
9850
3858
8745
19886
19365
17572
22594
23035
10882
4958
2059
6609
18191
6280
6901
8452
3905
13565
12979
16334
8198
15009
14877
11436
14170
7558
8717
11826
6270
12157
16262
6219
2945
17172
8401
26728
9860
25879
8593
18494
19769
25179
24432
35
15326
15371
10809
14563
19039
13407
15643
16495
27341
1612
8538
17500
15544
11049
16300
14761
2592
16616
16112
26240
26858
14131
23589
1622
10957
26551
3688
7718
11587
25604
9388
5535
3877
15383
11209
11458
20456
3438
24196
22268
17297
21410
6674
18834
24900
27407
543
13249
26104
25641
24983
25403
25538
21691
15002
10757
4114
22311
4299
19439
14128
24909
944
15726
14289
6245
16995
24587
3751
1139
10586
3184
11231
13406
15673
12764
394
8692
13443
26192
4623
1169
22057
27241
11042
12831
12220
14821
3402
26728
5
14925
16718
813
16159
14478
13130
11714
27025
2697
20480
4438
23050
20834
4967
9310
22174
12802
23178
13232
13598
18331
22116
2726
8078
22975
23755
7305
17186
15386
1612
8384
11508
6300
15746
11168
9989
26568
25493
12307
23719
12608
8077
15524
15754
14685
5968
6057
4838
4219
8890
10523
22261
13363
8827
3696
10455
8046
27528
8370
10038
15441
21437
8240
15755
18077
13094
2235
6589
19187
13313
14257
6400
23597
7341
16668
20424
7508
20129
2324
8200
21054
6284
22289
10104
18158
6906
15738
13392
12207
24921
16885
1339
14773
1130
11510
17098
27505
13443
6401
12257
24542
11720
5758
5969
17187
27080
25079
3469
11464
20338
7283
17769
27376
4181
10881
13461
2583
2312
9170
10971
9968
1473
17879
12060
931
11580
20133
25780
10657
6460
4194
20927
19194
15752
25820
9068
19983
27444
12173
20449
3707
3302
26403
7674
23717
17041
20093
4168
4758
3081
5706
7351
10809
8115
6986
11187
22338
11522
16561
4776
27384
2182
23118
27129
395
841
3098
12414
26094
6570
25397
8549
10138
649
11772
23419
9767
12578
23916
22782
22629
26858
5120
25907
11737
2287
26024
21983
20626
10300
21709
10204
15340
3040
10794
15626
2545
24118
1873
19744
9032
13197
18717
20487
20415
9063
144
6532
10957
14025
897
18933
14025
2974
17211
18395
14366
20801
21292
2367
20408
3615
19579
16081
251
23838
590
20062
26944
17819
1923
17426
11847
9372
13574
15471
15248
10732
12016
16353
10733
12100
3577
683
14658
9266
23023
16519
25035
6805
2595
6717
25534
6038
15633
18206
15342
21472
17935
18661
17226
24447
22867
13511
24553
22498
27054
17656
18703
12920
17117
24673
14062
137
8502
23257
250
14161
19240
1396
552
13868
17398
16128
524
13037
5869
17249
8846
20623
14808
23485
7983
11301
11032
22918
24012
6650
18830
35
10961
20055
25900
17773
19354
15997
17187
5240
7948
5638
25403
6302
24354
10
24114
8868
6410
26652
4726
18152
17213
4259
16392
3903
1012
22024
10126
11007
12651
18845
2514
23272
24538
6284
26586
11574
7358
27206
10128
4957
6442
5474
5885
24165
19498
12457
1826
7366
12205
13548
20654
9155
23750
16943
24898
13326
10238
21216
16336
26018
7036
6968
2221
2313
21022
1943
15664
16539
14123
245
5709
5015
25922
8907
23769
2318
24257
1657
25040
27160
17519
21328
9858
21983
1610
25321
18642
24590
1828
16238
29
7266
9125
26278
4037
3582
5483
23080
9023
8360
549
2354
17782
5866
21020
24627
13798
21268
2412
6645
26952
12630
8743
2588
23063
25455
1257
4327
27400
24467
2250
19144
5267
13778
22788
24099
21138
266
13575
23225
6414
21035
11
16298
5357
2282
27230
10156
7964
920
392
9605
23858
13765
5210
1036
12016
12096
21246
3812
26186
25
19341
1983
14367
21935
23695
5043
6351
10167
13436
18306
26324
3309
7800
26051
17160
3
2864
4196
10955
14374
14195
19141
2223
3654
26765
4477
13208
12292
2226
17308
9682
8646
1182
6075
21404
10453
6942
9604
4242
24701
8596
23377
15228
14290
468
18062
22146
19488
10326
10970
6754
18625
21186
10004
14726
9299
24112
1883
3976
7484
9405
24407
10911
19624
23026
1671
10495
15239
8982
12624
8551
12355
24691
9406
21873
26218
12999
19336
12397
22890
12424
21318
2360
23645
5695
2301
20278
6136
26596
24550
24402
11190
23598
18740
169
23371
25742
13852
25385
22123
6426
22792
23149
1900
10501
13866
4319
