2787
14746
1884
3488
24022
4280
25398
26968
23785
13814
17993
24411
20899
12619
6370
8455
27228
15839
17729
25364
23567
13698
20312
24294
4062
20988
14089
10215
1800
7735
21666
2736
4046
8645
13357
25552
21142
12399
4332
25190
8142
16313
4720
6048
20245
6165
23467
1854
9838
23704
5762
8266
5926
17912
7956
10118
14269
10765
17586
12357
21350
15350
27179
17162
6089
15809
9258
25791
11101
18157
19591
2652
18919
13213
4030
2061
12796
20820
9312
11965
13375
24173
10151
7159
16526
17886
10111
17983
19410
9454
7860
2459
802
11284
16760
3436
15754
22106
14479
17238
22758
22090
620
23465
4267
20257
259
2316
9217
16664
10976
9494
10466
24216
26190
27160
23080
9716
2904
11645
15635
19851
5001
27063
456
14764
11144
24439
19966
22605
6354
15448
3876
17541
10346
9766
10939
17104
2668
19137
3727
27232
13979
10746
7366
8719
4946
6569
11411
568
3500
9967
5511
5712
16389
23092
37
11228
16483
11957
13087
25605
18162
16388
26215
16996
812
6535
25097
2513
21204
19058
23325
6436
20814
9653
24864
16198
18403
3773
19434
20254
5733
7699
16182
27171
19846
2300
8495
4838
1023
15718
11365
18350
20375
8332
23374
17534
4977
2791
26013
20311
12942
16577
18806
22410
22896
16951
15573
20900
18477
13959
5855
10533
7771
3647
6922
20566
22810
14377
13241
12178
11306
16543
14661
1913
9255
18097
20936
19098
8973
11660
19562
12894
17832
12521
289
2209
12123
18239
8631
15838
18942
10527
27315
3760
5577
3101
1021
6922
3128
26618
2542
7256
20793
13975
19838
18347
11167
20980
16810
7499
16656
12884
26676
19516
12634
281
4861
6478
4627
10103
20220
8578
7560
24317
17772
14844
7775
15964
8725
20954
15962
11213
22944
25563
17231
19537
12496
6767
6334
21201
17319
615
27549
21935
3027
10681
5993
21550
5564
8844
19936
15341
6726
10249
24571
5344
281
13263
21292
25849
5417
16919
3477
9008
11297
20187
13519
3851
12570
27358
782
1956
10902
10087
3769
7231
1819
18751
9150
25832
14006
3266
10235
6580
2245
11295
11513
12933
9414
17519
5440
2947
11170
17304
24533
19485
5651
1370
17254
18228
12919
22336
15061
19156
3262
2832
27060
24359
21295
9043
13743
7981
7669
897
8958
16670
5493
8542
17735
21584
12319
9252
10677
2494
8784
23533
24535
14936
23601
10500
24970
9098
8684
6646
22224
4668
15825
10793
6040
25723
15710
10087
21574
436
10762
5862
19563
5413
14162
20197
7678
5931
6888
23731
817
8496
2927
21314
21616
12466
25386
1599
24614
12353
24467
26410
15567
5082
17799
12433
4437
4379
15088
25382
15797
8770
3325
20369
12493
1401
12771
16199
25068
2716
23145
3812
16096
25182
15778
3749
9940
9278
22122
22078
10885
13972
6416
2890
7992
281
3782
25039
10344
11485
26807
6227
5293
16066
8449
24241
23709
398
21891
19302
26669
13534
5825
839
21570
24648
4429
8873
24216
8489
16261
2114
3927
20559
2695
22272
13910
2295
18039
14636
4958
2925
20826
22006
22426
21458
6466
5299
525
22085
18293
10328
27231
9119
18310
25705
22387
15246
19673
4291
25110
6942
26766
5104
235
14892
4198
19201
19189
5104
7890
21722
22520
15948
6462
23148
9273
16661
5733
2088
20519
15593
3260
10283
14725
14296
5449
4575
5726
1342
327
10989
2265
13867
17050
16572
15591
2442
6547
21678
25572
25649
12068
1171
10802
23953
5797
12684
14117
20030
15680
9426
6555
6584
12507
8931
12272
6278
20481
14869
22397
10126
410
18076
6639
11148
12021
22347
19771
18114
4651
21828
14344
10406
2379
15318
16072
640
415
18399
20225
23911
1819
9224
18388
22544
13936
13170
8876
22676
960
9124
4353
5292
2804
24843
21269
6955
11593
15923
19798
9382
503
18547
19842
7842
14625
3989
23970
5620
23085
20455
14311
6484
2408
20603
8198
5037
22575
20215
8625
9291
24418
17642
4745
19399
2069
2656
537
7102
2294
17957
13945
12860
23129
1754
7034
13708
10426
22256
2102
22196
11030
18603
8730
20558
21633
25237
19996
3347
9672
24181
2002
23942
17223
17659
13067
21683
26148
10051
26120
15535
7868
8656
23306
19900
27193
26947
2177
6821
899
5657
23310
10839
14211
23072
8803
15376
24179
14716
503
7440
12910
1713
27142
23712
2852
20040
19081
18409
26666
5481
23899
4457
9064
17523
24082
18597
22147
629
10026
22148
27220
8471
10828
13285
23763
4266
11270
26781
25828
9456
15437
9662
16115
10885
20199
2661
22805
4120
600
2077
4477
725
21471
15811
27328
2581
7536
6535
13705
256
8904
23485
17365
24467
25590
11749
19284
2231
27202
8939
6386
14191
8687
3163
7572
24062
23607
5180
12970
15633
3493
17061
6180
20950
21115
12515
13751
5061
14556
9175
9991
12223
17632
4757
1708
5357
9778
17963
21442
2742
17118
17849
12677
10763
18512
22716
15301
16810
6143
22517
19772
10669
25254
4918
3972
23082
15987
8922
16209
1785
5020
23047
24525
26942
1537
26606
26148
8415
13652
9152
12027
14264
13983
9548
4030
21603
4812
18924
19215
22373
20889
24227
1572
26791
10778
21501
8314
6743
11770
26271
3667
22462
12619
23430
8116
4954
652
5464
10981
5431
26074
13086
7467
14111
5687
14927
12832
402
2845
1248
22975
9276
20138
10561
8272
14089
11914
10038
21168
5037
17968
19816
26606
6458
4928
16429
12033
18656
6008
24236
26606
23365
5231
17653
7315
3477
1039
20157
9796
5232
10302
17327
21836
11447
1555
26071
3693
7305
12307
21122
6773
13084
18441
13125
4971
22852
11016
10454
3972
2724
9863
17851
8657
2938
5634
13334
1198
13738
6272
23175
2276
27556
1411
23126
6830
9295
16483
10946
1109
5110
21866
19971
26381
20826
17596
1619
21871
1536
10848
22666
24820
10791
23092
4542
17381
19998
23424
8597
20394
1189
8496
26579
3147
3874
24368
16402
7877
24619
1191
20093
3308
27388
2109
364
20700
6312
16535
17812
13337
14540
20527
26843
4702
12622
20727
21356
3799
17117
344
23431
7635
2231
20747
12308
3183
9205
27394
8655
14630
18046
1382
8424
1482
7569
15124
23509
4404
2133
18600
3340
10294
25039
15764
332
4346
18165
6626
24676
12811
19632
21955
661
