11614
1158
16982
2363
15591
17849
13926
1839
24017
8852
26176
24947
26324
6344
5527
13422
14382
1148
1027
20790
12451
18430
16172
14218
26313
10880
22106
27511
16963
6568
23950
1446
5212
25481
12004
21384
6901
27259
16277
11252
25665
9862
15862
4637
16232
15086
15771
9384
5049
14787
21858
9940
12751
24407
22724
23876
26031
7422
1212
4184
3159
18693
395
21965
6519
24954
7044
26187
9468
21704
2412
18103
7098
22085
24304
540
18085
19481
11500
4753
20830
4198
10695
24147
24564
13099
9401
9139
21316
25014
24853
10181
20486
11834
18819
20284
3968
18085
3724
18248
18025
524
8134
3170
15924
16638
21630
19302
25858
12824
14692
12483
18642
4367
7711
15307
10802
2827
23286
12703
10337
5759
15573
12504
13503
13561
8683
2849
8430
1725
3615
6665
3827
24268
2902
25579
23067
12295
5010
6622
22511
11259
7826
24216
23839
22430
1071
18536
22909
6886
1866
16281
831
14459
5919
18301
461
23211
5720
20771
6283
1895
11481
16020
26744
18511
10785
1385
17307
2395
8527
16441
10812
25657
26513
12910
26494
1912
5069
44
23981
23588
492
200
8741
21987
14297
26391
2750
22525
18670
22277
21321
11698
20521
24962
3658
22565
8340
7154
22668
6267
5565
21871
8161
10149
477
16117
14106
456
10397
9284
2976
14017
24298
26792
19859
14255
27558
9291
9835
302
206
5486
20741
21684
9170
1465
5122
15810
25370
9978
6491
3478
24246
12831
9141
8674
19350
10529
8884
13569
811
21367
19211
21239
6678
8211
22435
3579
18906
25806
10697
10141
1429
3295
2580
20577
23751
27474
2497
4477
12894
25726
13622
5722
1300
17635
10857
5853
1210
12406
15432
19793
26730
13416
10076
20534
11406
16790
22894
2561
13479
22353
10246
3526
19725
2500
20696
19090
24080
23209
8791
2563
18775
2233
13646
11628
7481
18922
15418
13426
1291
25038
7348
18727
1240
8704
495
2787
5676
25404
18626
9855
27378
1681
13716
22057
19816
16196
2861
14757
24363
6704
10688
6684
11286
18166
25321
4639
24606
18591
19564
10567
22623
16901
22823
2231
612
295
22087
2466
8984
11030
27339
27066
5793
9975
5007
4641
16763
25914
4190
23224
20116
10360
6850
21433
8699
10211
26169
11679
13204
1510
8279
3295
477
3509
8013
6175
17545
10199
20250
4515
22158
425
16118
8009
4209
447
22627
19480
20985
26921
8269
7244
24255
11101
12704
19779
3965
11190
6225
4446
25629
15577
8272
3161
18921
26411
1307
19284
23812
20156
26639
25853
4468
19286
15936
9973
13471
22841
5834
26327
17364
15596
11797
16252
8244
23877
8976
8351
20652
6811
3370
15655
3458
14283
14615
7008
15874
6232
7439
15307
11967
23167
912
5112
511
15205
1370
9011
12191
24006
18684
6148
13018
17826
5435
26977
25271
2956
25773
11089
6278
621
16540
25141
17525
16989
5835
14926
12490
15846
14165
20247
16777
15554
8731
15706
1194
3922
14765
23728
4382
11601
5404
19009
6633
2220
2386
27234
27086
24252
20705
3024
24905
11642
22684
2318
7890
9148
6773
20860
13822
7440
12476
18926
10207
18488
11133
177
25985
22793
23858
23642
13984
17781
3106
19292
21409
13034
24446
4089
20648
5029
18731
26596
1870
24839
2279
13554
9527
6136
21025
15171
7720
2327
14082
9207
20673
2075
14488
18539
20691
11367
6498
5002
8553
10758
8965
6707
15918
17628
12608
8037
16896
24433
23984
22812
21493
14271
281
10664
24125
444
2845
4990
17394
12702
5970
14153
18476
20220
22443
25241
23522
14107
4558
14724
24520
14848
8473
15330
13141
5998
27493
27339
22797
21039
22125
17285
3702
24998
7102
27351
12200
17235
17909
1374
1072
7330
1944
17136
9337
15248
88
1959
20406
1268
13800
4542
20777
16147
24552
22533
18128
16860
27257
15670
13054
17953
22185
3861
2704
27055
22672
19612
4695
1878
2240
21631
8259
17979
21765
16743
15198
22918
12105
4663
281
24926
17886
10065
16789
4262
3677
3420
26401
16557
8590
7600
2561
19114
23726
285
18324
4437
15403
20608
4196
13319
1828
3173
17877
12906
13252
9664
3911
19004
344
4414
4345
25404
19220
4208
8619
18711
12012
585
9098
21411
11103
20203
11407
18561
24824
21214
12279
11666
128
23511
11492
19307
9684
21349
16399
14615
16737
3589
18488
12861
19936
10126
13216
19650
27230
22836
27468
26784
16525
6556
26386
26261
17947
10971
2408
2650
26458
25431
23311
375
12906
15226
19295
8348
17442
11292
17135
6370
20793
12773
9187
3436
17138
12173
840
13700
70
417
16081
19288
6186
20969
6388
18115
3787
14171
5538
13559
13439
14211
22335
21249
16373
25562
17765
2314
1925
21708
11339
6258
20484
15249
17927
3760
16859
14669
25627
7
2198
17641
12190
9431
13202
6388
8154
2133
24705
15351
3370
13290
12927
11413
10731
11901
20490
11889
45
6568
12999
16920
7365
8827
2870
20962
12508
16382
14908
18690
13929
3793
10139
5369
749
5989
6451
4649
22681
16320
19193
14270
10185
13119
8895
17383
25422
17369
16897
19875
15810
24335
17542
6898
2908
25271
756
9565
15225
12489
14032
12170
19740
18184
27391
26720
12158
1996
24206
5455
26529
25376
10564
732
17743
21673
26309
15020
17763
5921
13363
16993
9338
15799
4060
2084
15909
9761
5621
1844
12692
19662
6511
4896
1309
11598
6099
11679
20240
5675
16604
8915
2782
22411
1878
16955
21220
343
6575
26932
18240
8099
15481
6656
1449
4954
10545
25294
5407
1511
9895
22968
27280
5257
19525
27181
26804
2275
1927
12509
18162
2944
650
4731
23032
4538
8886
10740
18101
11433
16068
5079
10077
10613
13645
22494
2267
5382
20652
24043
24326
25968
21967
24136
3817
26716
11334
4206
3967
14925
4897
7944
19818
26453
17121
5553
3416
907
9429
4814
622
17988
13074
22893
1579
9068
10995
8413
15167
12084
20479
18734
19452
12852
12461
13382
10266
24979
17553
23268
17446
4020
2944
8391
8988
19715
20409
12012
20097
22458
26448
17028
1212
2736
20885
8355
24568
22647
5194
24117
6485
22210
25492
4419
10157
17608
12633
2734
18740
7458
17865
22859
16561
1712
15347
26259
9129
22566
2012
15210
26091
13341
9257
13466
14289
25469
6397
17702
15805
6411
