12841
2700
19148
13068
16938
9317
26065
14135
7555
14717
27040
8774
9795
3925
2882
18139
10838
23753
13968
19476
14656
19877
5544
4937
22615
12444
2955
16089
16995
14415
16090
3476
4853
16969
11208
17117
12859
21513
25837
23780
13781
22123
3357
7616
23571
12333
24486
10368
14974
8275
5131
6927
17243
18999
27435
12133
21524
18072
8305
5359
8344
21163
7867
6266
4726
3647
20554
13178
3829
21610
14765
17171
4234
25552
25709
13626
10677
25407
1533
24460
12840
17752
24975
11021
1814
1235
23068
11639
291
3346
26451
9219
23617
2892
27493
6349
18789
15344
18158
18325
17144
784
7620
3344
24422
9301
17718
13166
1920
11838
13805
24063
5577
14420
3143
17066
13562
23923
18784
5072
6434
349
4707
24856
1120
5629
27528
16863
1527
1093
14265
26817
14606
27133
27344
8491
20316
4109
20153
27099
1301
13900
17145
17090
2127
17096
11500
20820
25505
24034
14213
8082
2837
25372
1437
18173
23677
17856
23801
1889
22787
10578
13787
652
13251
20945
9803
161
17684
8886
16473
12427
18096
10099
17733
5485
15820
19321
24196
5079
22637
12708
26966
9695
3725
23677
6154
15075
1440
14610
15709
3333
13480
26355
9133
13503
26151
24916
1006
8232
14896
9021
21758
20610
15712
14511
21085
24419
21757
24045
12739
1747
21456
22470
11416
631
4464
8991
24534
23118
236
5230
14673
11800
20588
24399
8227
8848
11512
22164
6295
12652
7675
18623
5331
4231
20682
22527
7855
13444
11688
9934
12319
21920
13641
11191
8815
27031
13752
18902
10160
5228
5144
26778
24252
23582
13476
19857
14289
22968
8217
20707
4429
14073
860
3893
5519
13586
24696
24182
13327
22923
13373
2572
3956
25548
2327
10439
27375
5022
1223
4767
20382
24741
5431
11210
27164
14230
4727
23178
13259
3542
11840
8101
13174
16199
10931
24681
9105
4485
25495
4371
18933
13300
26737
18658
4134
14710
18727
17661
3741
19406
7603
17124
7217
23712
1246
20903
10448
1448
5742
17544
15016
13832
8358
20978
11080
1346
9540
20088
6268
18619
13127
17190
4850
21843
2430
5407
6252
12235
24459
738
17644
2473
15627
10904
6076
4577
9569
17617
22359
11148
19827
17145
2240
14568
22014
19524
8309
9032
2576
27079
17812
24316
2189
24577
23654
9233
25733
2177
2962
836
2314
1467
21949
12551
9301
22883
14884
11760
21254
7955
21843
22969
19555
1034
17185
681
4504
18379
17265
26459
507
9940
9258
17101
4343
16393
23440
23930
7190
4372
3203
18745
25064
25936
140
1613
10167
8814
12947
14438
14856
24028
11350
20429
8507
7946
19435
4678
19088
10168
4513
14913
8176
6125
25119
8708
18877
2420
1743
18782
14268
26099
22578
8730
13256
25630
25214
19545
22315
2690
16015
8102
22386
12357
26903
15443
13952
21966
3854
10193
21618
5896
7992
27477
25701
16268
24354
15992
6482
2974
18033
19225
2293
6832
8387
7297
13865
10901
6579
16505
18500
12083
15983
16175
9596
9962
14532
6553
2937
3822
22094
6542
1216
22886
24705
7997
2080
452
18131
19953
12843
25155
2733
14929
18575
622
17837
27190
21350
1867
22873
7286
6866
4683
22128
23769
9690
8722
12756
1417
16530
22011
13708
13537
17610
1317
5265
3662
18128
5460
26385
4096
9718
12831
8641
12206
11306
1103
11088
11280
19662
8518
25554
8241
25466
15767
6345
3086
17783
2405
16988
4539
19453
15249
26296
11154
4854
14609
3935
23075
24549
12088
22594
15874
15744
14702
11414
21620
6337
18817
8297
19590
4348
20788
26706
22712
1412
17222
21951
18119
4865
14492
173
8778
25667
23028
19292
23351
26429
7265
13447
6390
2985
21367
10180
21413
10052
8485
417
25131
10208
5409
1935
498
22123
1292
2307
19339
509
24012
20112
26018
7172
6748
7661
7527
577
21572
22837
25797
395
11779
8028
2852
9584
21554
18046
17807
4972
6465
3979
14031
15693
26523
21984
10426
24604
16048
1833
6924
1932
6985
3147
17680
17749
23198
1324
11145
6481
12273
25129
24597
17129
7656
14924
24941
14587
1376
5198
5545
1268
10586
10287
17563
21292
13539
13187
23942
23748
6415
18178
6877
14443
13351
13115
25388
2854
20227
5527
26755
1588
10311
26726
1858
20164
21945
24505
239
10676
19518
23921
16277
23149
4872
1239
17614
8405
22094
25041
1216
16984
19024
14930
13296
17995
16671
3479
5034
25572
1387
11665
6996
7418
12631
741
10901
21609
8333
20561
7843
21694
10916
9086
237
4113
15068
21852
23279
24982
19330
10903
12963
2317
18954
3675
23363
10418
12825
2481
19235
21548
20884
10670
16694
26078
12246
5471
20856
5920
1955
25826
18942
2063
4854
3748
3360
2318
20896
27224
23171
25225
138
20537
2716
23331
853
9923
18556
5031
3159
12898
15380
23849
11071
12726
21274
24043
2577
3365
17438
9096
7265
5113
14893
25150
13181
3642
12164
12706
9423
14711
25337
2138
21695
23222
22272
9986
11254
18597
24746
9268
9428
12843
9378
5279
26475
22227
25842
9387
12331
9825
2077
7953
20819
6915
15986
4550
7238
14672
603
2464
15960
6509
2909
4385
26693
16090
23360
4345
24922
8568
372
22204
26181
22296
175
13612
27531
7385
16502
23122
14722
1987
8479
19320
21127
7881
22967
26624
10554
13981
14807
15029
15268
142
26592
11343
14221
17049
24090
12041
16090
13273
18524
25574
13932
2469
3852
16341
18187
19784
12899
6117
2132
2473
20873
9122
1212
7014
5008
6218
14735
19188
17154
22314
2348
11858
22730
2394
5384
27462
3406
20423
391
16060
16637
22838
8563
13810
897
1636
4245
4748
17017
7187
1732
7525
6278
19582
2349
1220
16760
3990
20695
2607
22301
11018
11414
13666
20996
19240
13822
23545
8235
5140
19949
26907
14604
401
17673
7387
435
24967
25853
6196
3876
18865
27046
12288
13611
15679
12328
15924
2209
1941
19966
14161
23256
342
11803
7176
26533
3490
2718
21367
5084
22822
1355
22377
18678
25409
18597
2181
23124
3278
10090
2396
17688
15400
23988
13138
819
605
18407
13970
24138
7407
10970
3707
1143
18771
23247
2542
9167
7440
9069
25843
20619
27182
9535
10411
7036
11937
17238
4347
2441
11827
765
15095
11587
59
139
11780
21180
9294
27100
16974
3795
