16958
22694
1588
2440
10001
20621
9565
11736
13922
8782
20844
18296
3132
11752
2708
18542
2793
20235
24942
10328
24538
6114
20575
445
15277
14795
18123
2643
15782
3218
20155
11014
16506
23959
13364
14302
14076
11383
12442
12614
3266
21629
3111
3555
20689
4361
14190
18834
23961
23249
11320
7483
9410
24584
21669
1096
8738
16376
23903
562
18417
10079
3422
22927
1545
15333
27477
21303
22742
6314
8063
11680
5256
5337
416
15637
4343
26108
25422
20500
9478
13778
6881
26019
13911
26414
344
23699
656
3729
6485
1240
26679
11268
7646
6882
20806
10718
27452
12598
18133
1040
892
10418
7173
12510
22057
8654
18175
27356
25014
13806
27089
10801
20163
5814
22003
1441
12353
14545
25551
2313
13587
9682
1003
6062
27150
25551
2939
21480
12103
18005
1618
15274
8885
27260
7623
24165
6989
8730
16250
81
7747
4414
15757
7811
24517
11097
20373
29
6531
26441
8064
1214
23973
1035
23082
19688
19396
11333
24745
7702
8718
16742
17821
12895
14627
14899
23554
5825
4257
25428
12252
16873
16319
24758
17516
25166
10904
6930
4244
24179
20335
24385
2882
10465
3388
14350
20325
10613
7905
22829
13529
4341
18358
25310
21626
3956
19404
14223
13384
5733
17261
24809
9237
19516
19146
27526
11781
3887
2376
22278
2370
21078
6244
27402
22042
26151
19244
4717
9430
25505
6426
7687
864
5733
21931
11536
27159
14198
1185
11574
1292
21195
19707
8841
24974
6285
5301
16548
7730
14544
4780
23682
20874
13004
23529
13918
8232
19343
13258
15702
21424
7425
339
25524
4140
21134
17242
21841
10832
10323
24572
24345
17270
699
7619
9126
20168
12255
18447
4057
11578
16568
15421
5791
26986
17189
19756
18257
17958
2152
7056
22578
7141
21725
20130
5870
21524
4454
25065
10499
8287
19759
11579
11502
25639
15816
23666
3050
18372
10772
3311
24411
27531
21282
22704
16932
14769
5688
4581
10885
22110
23656
5717
2145
8191
19603
24227
7575
19876
25110
26428
12103
19561
12358
26031
22319
15548
23163
3985
11675
18424
15773
3367
485
5486
24430
5373
17100
27105
18341
16873
2964
7530
5320
9337
15611
10896
3972
6022
16108
13577
13202
7407
9791
12372
8670
27415
17653
4603
24388
8492
21801
9710
488
17581
24604
13115
2226
13121
13957
23286
22458
13103
12701
13639
3969
3901
15820
11928
19656
11315
7444
13262
10386
6818
23208
13372
14082
10330
12381
21483
4417
20090
6723
25560
23288
21752
18298
190
11650
18757
27002
22209
1852
581
9108
5261
167
414
13513
15061
13093
8787
15428
21841
24015
8797
17309
536
2501
5244
14705
16622
25032
22884
8344
22369
17893
23497
23775
25022
6283
26669
11444
15310
771
8607
589
19089
5250
23646
11291
11056
6703
17893
6496
2369
2575
13985
6434
12158
10989
19137
22749
11407
2583
20908
7095
1385
6162
10486
6379
16662
7964
11123
7745
10857
13215
8477
12730
539
14266
6272
15089
7716
22025
4524
26594
24581
25161
12598
7974
14921
26533
8981
2377
13341
8028
15370
13989
21428
20487
3939
14604
21603
23901
4408
8005
8477
11829
3137
27253
25714
25315
7351
787
23951
1105
21540
8214
20115
24812
2016
5993
11716
14849
10967
11589
7374
4475
22416
6834
3779
8597
7472
23459
5686
6235
14881
817
12409
23118
6757
23918
10746
7440
19633
9436
13136
12511
22986
23523
9889
13736
25582
14431
1854
19860
21186
16518
8394
21039
25084
21580
21874
9285
12665
4807
16879
16005
12439
1396
23587
21512
11601
19245
16926
22835
22469
15393
10812
23215
8590
16924
16277
9122
25818
3819
14084
10379
24179
8671
14792
1576
11587
11527
14526
1712
24615
65
3611
17193
2232
25352
20096
20170
4068
9669
2092
17840
7165
18200
20880
5472
15794
7183
18373
5302
16055
15523
1036
10809
3491
25030
13875
12320
9170
19078
10825
17466
4441
17414
19549
965
24778
22471
23592
16102
12100
6460
12140
7218
11686
15350
2381
21772
11578
2744
15761
16399
20429
2636
4976
7564
22587
5785
21015
22180
4946
125
17172
6225
20571
20540
26280
25132
24869
4310
20231
24188
26590
4013
4709
24063
10644
9081
16352
18709
14778
12285
6112
15629
6763
16481
19376
4109
4059
20960
12559
8713
7658
4669
5280
9914
2381
19960
10834
15328
26153
11109
15448
18865
4549
17780
16956
18619
16978
3412
4183
24319
23308
19665
20909
6915
26423
2361
23119
22191
21609
6387
13327
22651
14867
10183
841
13973
4172
18695
27002
19936
20116
3822
23888
2797
16885
21955
13528
21858
9601
27224
5783
12061
11705
11259
8482
6176
26503
2201
11430
4764
21262
19007
1460
7133
12472
20706
15194
22279
10643
10084
463
11933
17246
3266
15551
18965
21721
26317
8145
10842
10101
11922
20783
1941
11280
4407
6687
10911
3991
8617
5927
6254
12247
26882
13025
4601
22868
12117
13476
18439
1992
4906
18830
9649
1712
477
15826
13857
886
8436
19592
21716
6465
13628
13514
363
19770
12650
9564
20185
1423
4571
21419
14697
20657
23386
1718
4017
6508
14020
20410
16544
15535
23459
25394
24937
17988
5431
11387
18223
21592
1378
13093
19887
17628
4264
5955
23166
730
26685
24760
10653
9632
11168
16265
1520
6795
5515
13146
9570
14613
25908
10210
18004
23217
8220
8768
15966
14395
21845
22779
13356
12578
22285
6088
2628
19101
172
13058
22486
258
11675
5152
18790
21654
26721
24033
228
2651
7430
2135
16350
20035
14556
2407
23926
6370
25756
22369
22364
20055
7821
6252
13113
3764
4168
23875
23987
1926
18177
12076
3512
1054
8626
4017
5946
8735
15738
2821
1947
4907
26206
15794
2990
22303
19232
11143
16961
24488
23622
1042
18296
6047
16905
4434
21234
25298
24243
14269
6702
3715
6550
1556
8541
23533
1518
817
18289
17437
23298
24069
21810
15889
25909
8414
11913
2591
9799
18753
6937
19495
21868
10273
5407
5529
17090
7017
17148
5967
23860
20974
9274
24521
2100
5666
4752
10589
12283
24008
8899
19989
18290
15137
26377
11199
9320
22907
7813
709
22428
15886
6568
1291
742
1468
8029
17104
27100
19811
5855
5798
15002
4875
25947
2408
6516
9809
4400
21345
23455
1904
5753
1943
19900
15768
11262
8886
17734
