15398
21664
10544
27206
23964
26667
8725
24689
22683
23748
15083
21367
11153
603
18948
25003
11346
20217
23393
8361
17663
15503
16053
24962
1693
16021
584
27419
15412
10696
4580
4485
6669
11605
12470
5377
2546
26607
22034
19986
11709
3097
2137
8393
875
13153
23053
785
14126
13635
13644
4085
27523
7681
21371
16590
18202
18278
14138
7196
22173
13641
20284
18070
3470
6126
4529
27051
12580
5167
25688
25243
8153
4294
8442
11665
20144
14114
14623
2250
19623
4382
26906
544
9776
24308
3901
7295
22411
2564
24826
7258
17457
12290
9772
13889
6993
26816
5102
4974
11333
13110
18667
19605
12903
19176
3274
21234
10131
10165
16053
497
1738
7708
23642
4202
204
1726
350
1686
2455
22431
6040
26648
818
23413
6053
21706
2972
19416
7440
9967
13952
15375
23387
4786
26445
8685
27366
2442
17156
8477
6541
5283
23087
11994
14750
12634
20574
20910
24705
21050
26137
16777
26805
471
6854
16564
20638
10960
19943
199
7927
24922
2800
26603
13587
17257
3085
23031
26647
13437
21377
709
1877
20490
15483
14173
14601
1724
8257
8764
2294
23109
25423
5855
18040
25704
26235
4960
3101
19720
23021
13509
17937
2580
11526
10527
3887
19556
20519
21610
15774
26952
23120
23127
17143
9240
2314
14485
7602
14130
25810
227
4707
15718
332
25805
9925
26674
18675
6873
25404
4030
8030
18738
8739
23643
9134
7088
2775
9333
19885
21859
25437
19542
15075
15326
559
22262
8565
7451
9999
27298
2445
381
12616
19103
3398
26423
428
10423
1731
11890
11198
5720
14597
25801
3765
25224
11669
19992
22578
11702
21524
3139
12852
5376
26706
20971
16847
22218
17643
19948
24367
8579
5690
24559
19763
21815
11186
7588
22804
6111
13641
22397
7079
1695
15649
23703
27367
15967
16922
60
20058
18351
4933
8467
27315
3984
27456
21829
19837
276
14691
617
10113
3366
23609
8730
26929
16442
19011
2973
4272
24019
13930
14203
7876
16352
10547
3198
3585
16276
696
515
1163
20308
7118
22300
7136
9789
22974
13206
21800
16797
9222
4603
7583
21902
6758
12499
10751
322
11699
24375
13043
3578
14736
22338
16882
20821
25810
19729
11878
7973
9899
1191
11817
25850
25535
18750
26648
25796
11028
15481
13126
14616
22135
24574
20840
458
7052
25955
17901
15652
22901
22260
1145
2478
25947
22456
24155
17435
9953
17609
4537
12987
15815
6235
24837
10091
10966
8093
12741
18110
22248
2276
26345
12382
16705
23924
4317
9771
7396
5037
1308
21150
16240
9175
16634
23620
1197
17490
3624
9160
23161
11498
16404
20511
11425
13452
5532
8478
5793
18463
21443
25432
24316
23176
25487
21289
24362
3079
24896
26189
12141
5784
16446
19271
12310
25986
7005
4588
2898
25205
27491
18385
22313
17261
5209
18673
14663
6118
2971
11647
10612
2586
11105
6738
17158
8275
19127
11146
21531
8828
2398
8632
7693
21236
6344
12931
1473
6083
26779
3039
1874
2712
394
2543
337
9617
20916
19289
14522
25886
3592
12536
20862
7673
9022
5413
11496
23033
24898
1943
24190
17234
17941
4541
22250
8823
16990
5152
14679
27515
16106
10710
19739
23271
8576
19638
10655
22783
9463
173
4210
12163
26567
9412
13086
8518
22633
17292
24893
14243
13503
8298
13656
3750
8788
14317
24412
15964
9023
24486
26959
12027
25493
12751
21306
1928
24477
15267
17528
11068
20652
18879
20089
20054
4478
17934
18280
9656
8890
11560
19728
17580
11192
19003
3366
11345
9742
8503
19221
11958
25505
3195
13720
26102
4776
23859
18485
3753
5753
10198
8974
8681
12280
17214
3416
930
24155
1987
23319
25963
4421
3417
9351
26471
7567
19081
2869
14000
6290
10615
7712
17242
23766
5058
20697
22677
6291
24086
15145
19786
14283
9486
20555
20290
10525
22839
12231
14966
16464
23225
13799
9434
26423
10195
23463
19441
23512
6593
5212
20810
17897
4190
5046
13335
12779
24942
1431
9082
7073
12987
13256
17423
9170
23116
14528
18284
23072
8884
605
6282
3941
247
16909
27301
10815
1312
4743
8357
2264
386
477
2864
4656
14668
20155
27029
27402
3614
21619
13835
13595
26699
6465
21713
15026
8910
583
15137
26239
9422
3758
12651
10695
20805
23551
12444
23355
20660
7724
27367
2242
23982
11842
615
11508
2596
12678
14639
17452
4079
1259
11053
18940
16621
27294
24170
198
25118
20620
25736
12668
3618
18923
1930
18806
6901
12641
25001
3076
26690
7208
6947
22881
9864
2128
4754
6375
11808
13154
26827
7251
9240
6679
13817
11061
20804
9934
15256
22994
6176
10478
24856
963
11273
3029
11889
12095
2424
10184
16393
8032
495
882
6012
23960
10645
23111
37
4423
4470
12529
20019
21513
7252
19530
26399
11015
1366
8517
25288
12853
14856
6252
7867
14724
22187
18067
12229
20955
24543
10683
23365
16343
6107
68
23732
2838
3500
396
1425
3607
26020
16264
26943
26568
394
17804
26796
23506
5969
16602
9131
26068
23054
3800
24989
25639
23730
25371
3442
23115
13688
26421
4144
19358
10550
5710
5731
225
8313
11648
15682
4771
11419
7414
15627
447
24383
11911
12091
2561
15110
5736
19037
7744
24059
5544
190
23104
13542
3986
20665
21766
11027
26962
7399
25065
27271
16963
21172
10746
10402
16
8359
6798
13810
15629
23552
19841
14759
6788
17604
21481
25212
3960
228
23181
16863
24241
6050
7442
2301
21122
15385
15975
1211
21931
11741
20316
4425
10498
11245
3818
105
25085
27084
886
9560
25654
27313
20965
10933
14689
17987
10567
15026
5670
20054
17051
5249
21816
6363
3041
577
24057
17994
24615
18545
3969
11534
19138
18829
7896
18638
6808
23404
25943
22464
23459
26160
4064
20031
15131
17952
3721
22878
9105
20845
7756
11725
12172
2347
6801
13137
5033
24316
18776
18006
13413
10453
12621
7237
8110
1446
3053
23190
6029
25827
2420
1776
281
10122
22823
13912
13195
17243
21066
8735
1612
18821
840
19268
10226
12503
3449
7079
21430
25722
13452
17123
6906
4781
22344
26437
5121
3104
25716
12527
17964
21492
6467
941
22141
961
18023
26143
26715
26862
5017
23473
13420
4701
24
23572
24238
6253
23726
14293
342
19031
24135
16763
11403
15181
