5217
6283
7469
10489
12916
24404
2988
14779
15055
4958
5993
8495
20376
10221
3688
22311
14523
22686
3995
11218
2714
4008
5014
1998
23646
12820
23848
11708
16193
23286
24019
23683
14055
6474
6591
1400
7038
26148
27555
10098
12818
12446
4100
19447
9520
17319
3812
2549
12696
26039
3495
18237
22486
18217
23494
27454
7436
2224
18675
1312
17928
8989
21671
13341
13755
16520
20972
7678
246
2264
8571
15280
18162
2983
2282
12365
373
14593
9383
27472
4505
16587
9045
2633
13095
21280
22209
27152
20326
8530
17673
16927
24331
26903
14728
16374
17515
19374
96
25500
26795
26410
10740
19781
19532
2779
5025
9610
12280
23494
1299
26721
6725
2859
27356
5069
8372
21841
9033
14441
13896
23782
10297
5457
4761
1315
16108
17046
10902
7645
13415
23168
16652
852
13094
12481
9777
26263
22229
23621
12397
21010
19442
20379
3062
12213
9971
25552
26154
8276
22675
11096
2394
9433
12610
18221
8738
14151
11264
14585
9482
5521
7442
15017
17085
19347
18754
4807
19702
26588
2564
17473
3341
19316
18033
26227
19700
1730
12536
16897
11482
23091
8425
8390
10253
23348
11183
9015
14183
10774
15152
25333
7110
12806
12447
19184
17742
12284
2986
14541
10263
12962
1082
15307
11254
3351
1987
9021
26334
1733
15886
5332
3025
74
2145
3750
7330
25883
26018
527
22125
18737
27204
2380
1684
22772
8136
26407
18668
8656
12188
13496
13572
18379
577
685
4796
7609
10252
18055
23167
23682
11995
2794
5810
7141
9833
8727
10085
17611
17575
27241
24793
22339
7377
11736
15617
7164
13709
11980
7233
27138
27015
3726
16820
2919
20672
19590
17918
18410
22494
8286
20086
20953
8721
16995
17433
25
8833
8881
1328
6956
2365
905
21349
934
26583
12645
12789
9890
26973
17893
15749
7772
26508
5925
23786
7598
19240
26683
26274
12983
17236
20988
18485
14351
5793
24920
11738
2450
10932
14263
25366
12565
1064
1520
18619
25795
8904
11024
11782
8111
13166
12663
8242
19757
17307
1393
22367
22115
8627
20494
6233
12261
11640
21469
7423
26408
2188
13853
17448
3116
5252
10730
10875
4449
6297
10500
22088
7971
23751
22410
20017
2424
23876
3939
12467
14351
11882
13381
20831
17985
6936
16622
27266
17378
4432
22330
22336
15570
13421
8999
15148
16199
10273
21295
27176
14099
373
15742
14839
17373
7149
12503
9719
9331
7080
19816
6309
18961
25601
556
18650
7008
7133
23150
5031
25818
21718
23931
22812
15360
6283
16905
11030
16294
16820
15533
17992
13965
9405
24723
20812
21024
11891
13267
8525
7392
24122
4962
7007
1729
3859
16819
15152
13095
4655
9323
12463
2025
3870
14684
23395
4059
5424
25339
6788
8281
24985
4977
13846
9608
2677
16823
12393
16726
26979
24813
18015
21002
2646
17730
4857
9291
8842
2660
26204
26978
19743
17261
15900
21504
141
25542
24408
23548
8998
27320
3210
18301
12014
8063
25703
14362
3607
27449
12072
3735
507
17059
819
6243
18931
24063
19160
23365
19397
23913
26673
26187
9419
3255
15514
18434
20127
23122
8539
6058
747
12677
23578
24818
24671
13356
22563
11863
6565
22525
26724
505
27027
15364
2360
2013
13573
25216
18608
18897
8812
1799
24906
13860
27016
6040
26525
19209
11678
14023
1
5593
22651
9446
19140
18204
27465
4063
2152
27566
26762
7426
18561
26671
2698
23727
25336
4900
14922
24231
23564
13830
25378
7032
17986
26667
26957
14464
3641
14761
3606
844
432
6245
19867
12282
11577
14647
18103
26574
6788
12118
10284
5731
5793
2497
4018
15736
18873
23018
6322
17358
5196
26791
15361
25075
25149
8079
9884
15633
16860
12283
10975
25261
24358
4030
7538
4028
16262
4091
20312
9642
13624
4990
4216
15384
16220
13526
1650
15371
25291
14705
17790
12708
15279
19406
10119
17074
12109
3164
501
687
15638
6462
19502
13481
20285
14093
11374
10527
8443
19959
6482
22738
22796
22194
22926
19610
16797
26456
9995
23996
12116
17670
5521
182
9283
3223
22366
11289
13519
21095
21987
16784
14083
22043
18953
12107
24362
963
14156
4091
6654
15781
23714
15876
2647
19163
18558
3030
17359
11013
2381
14352
4536
15847
6483
4367
4706
4446
27440
25405
13258
26130
17548
11259
22773
20112
11855
14979
16563
20099
7166
7994
25880
7217
26001
23272
835
373
17622
10474
6918
22076
17727
12084
24440
14776
10620
17423
11331
23479
8639
10907
2882
5333
24706
17755
11677
24206
18841
1566
16854
3460
11232
10139
8004
6227
18669
11479
10730
6226
5834
13654
1643
3965
22164
4116
652
2044
10382
24070
17214
14072
17670
6363
23668
16022
17522
6784
20211
4461
22251
13776
17051
17455
23724
12861
21118
5429
21736
11321
15378
9385
22615
24153
7230
1152
23813
25762
13609
26638
1379
1889
21266
6355
18110
2230
6825
25621
23499
23022
24293
11637
15580
5506
8401
12421
14197
318
11708
24911
13484
15758
4840
6115
15880
25542
4279
6006
13726
11394
19848
11548
7086
10881
9073
7119
19649
20568
13153
6661
23327
7770
23083
5104
18009
408
3356
16692
17131
2474
18545
4633
332
27173
4929
8781
26075
17364
26762
19520
11664
7104
10229
13477
7911
9304
11565
18839
18998
9398
14984
18631
14621
27366
18131
10891
21030
13607
18461
23152
17463
8498
6718
2858
17643
19165
26357
6363
11891
3754
2265
6798
25937
2881
11570
14118
22622
22176
11649
23768
21278
22144
4906
18619
15553
17109
10465
18128
11224
2304
12008
26299
19230
2892
20816
9085
9173
19437
341
7289
13867
24662
21274
19133
19551
11715
3786
27251
25633
21577
16384
8719
554
3356
26338
7842
27275
23326
695
5006
17945
14581
10079
12027
21554
6154
25814
6740
24132
9456
8564
7536
22046
24332
11793
10556
1502
26058
9775
21215
14091
11010
26919
8183
17556
24175
21551
3582
9347
15844
15947
11569
4449
8918
1543
17873
14897
13053
17887
8696
4342
24925
9717
21897
24675
3557
13977
19470
19248
17692
12050
27330
6289
13350
23065
10711
15701
2178
24915
23506
11816
22841
8875
7329
25232
24058
1078
17150
3199
12739
23742
341
1547
4757
25373
12915
15236
19102
26690
129
26749
1670
1584
25327
6941
11264
9931
4903
2954
16129
