11354
22343
4030
8551
24111
9226
23262
21579
21769
16178
7095
26165
22035
916
16571
10420
17827
24542
51
24405
14914
3670
14899
2536
1139
21701
10673
5578
1203
24904
7033
21028
11400
708
5400
8317
16924
26526
14048
11460
10979
24169
24916
2753
4747
19793
24442
20997
19464
4326
5197
9036
26305
23160
5722
4007
23821
4402
13835
11957
8692
1816
18409
18763
4624
22492
19302
1967
20321
11016
23652
10757
456
22344
26180
7709
6612
8324
17771
22101
15916
18657
23151
24123
498
15766
11509
22593
19804
7107
9120
16277
14806
22699
16915
12012
25573
10115
5230
5312
8716
16951
18923
19790
702
18238
23522
9920
12536
22475
17131
3853
26735
9755
10922
8657
27319
2586
9350
10680
19533
18300
18408
22577
18927
7713
855
19664
27232
5873
4663
9458
10613
24604
4822
4659
12293
14061
22367
11849
23232
2730
20178
2822
27455
10644
23477
25379
2086
1774
1518
1960
19130
12769
16251
3053
22889
21845
6312
13696
6017
2982
20135
13866
1584
11050
8398
13993
8875
17740
23066
466
2691
23176
7961
20778
8346
16792
1809
7440
4881
90
3921
1258
23259
18484
27528
1992
16545
3702
5486
4890
12868
21311
10138
21371
17683
20312
23020
21725
12499
5745
12397
10885
25456
18888
6091
19291
24575
18559
3242
3726
21772
700
19145
6230
26582
2886
11270
10717
4154
16841
22585
17134
20740
17237
3798
23673
19709
9690
10414
8791
17918
6482
27374
10392
6676
6825
9071
22885
9849
6123
15753
20542
8839
5732
1964
9923
25464
16086
22894
922
13392
18475
6654
22090
9445
4911
24252
17704
21646
2033
18682
3774
15040
8004
15321
4177
669
4346
12432
3500
24828
19392
22483
21256
3270
3761
5969
16525
9021
6258
2301
23073
21714
2313
9568
18428
26267
612
16810
20867
12420
8250
19987
14364
4125
20386
1625
2868
7140
23896
24486
8903
1332
18437
18706
24367
11104
13707
23364
12331
9060
14827
15797
14045
3419
205
9994
11044
27078
98
9855
4053
1088
2276
7512
3330
9690
24927
17216
5778
20509
6246
9550
6480
10476
24308
25853
3573
1312
1050
5959
26325
11595
20430
14145
7888
12086
24777
11884
2466
26950
23873
12987
8710
26183
12532
26698
20171
3240
2819
18026
1855
13650
8089
22663
27391
17113
2272
4508
9617
18729
14524
20417
6085
19058
24599
10482
1670
7975
14738
10867
21342
18097
408
16994
1510
14260
19621
12157
7999
6569
3178
8297
3540
17856
13771
26763
719
10595
9993
16578
2062
9888
5168
16342
20808
22484
22695
10622
11250
18197
9483
5052
10988
24136
12421
19816
19472
24068
3550
12432
6221
13721
13085
25660
720
11609
19451
27243
6775
12473
14365
13166
21238
26005
22708
1941
13267
27504
2705
9874
8643
5096
9577
2878
11424
16956
18355
23807
21730
6426
17019
688
12800
13138
6499
3288
27063
12907
3188
11072
27284
26763
24327
2267
5499
25544
22121
9268
5738
24362
17114
6690
17656
3525
2512
24195
13953
9806
4650
1046
2242
7107
1548
23833
10927
14401
26110
19060
2981
4870
20743
26870
20603
6252
631
17289
18754
9507
14424
23468
6212
13338
21865
16953
17613
21356
12251
2669
4830
2988
4402
3874
9210
26596
5947
7877
7916
16367
11624
22377
20686
4499
10911
15168
10089
20260
6675
20715
21269
348
391
20133
692
10241
2012
1770
9261
14211
5209
26406
12774
10966
16343
19393
6060
22576
11977
2054
15840
27025
643
22426
15582
2961
5101
25716
11370
15974
25709
13386
17192
8730
10729
14123
11600
4201
20238
16506
2719
9823
4943
13423
25877
1385
3233
21600
26590
9728
2619
5272
11488
18539
4362
9868
18447
17296
26469
24039
25913
6559
23998
5158
5210
20215
18770
10245
19786
20549
16673
4614
11530
2332
11135
8316
11685
9722
12081
22175
12081
19214
23428
27062
25630
3597
3576
4176
1830
19902
8880
13059
17965
26702
17804
2937
3305
9112
15323
23018
4967
20028
3902
7365
18259
2974
24417
2783
10177
21757
15016
21136
24199
12865
16377
24330
10809
11803
14085
21142
20705
25668
27047
9953
19488
19875
17194
7953
8009
21906
13232
26772
2225
18607
17329
1127
15105
19026
23284
1837
4347
14082
904
10805
2641
4392
10428
2903
15159
4125
5589
12358
24097
6269
24437
2862
6832
21815
3039
10398
23374
12164
22146
24644
9009
8431
4039
14280
20409
7813
6600
6609
19764
18331
7946
14692
2284
1641
18585
18498
20047
2327
10771
24986
4405
7584
13823
18878
13313
3606
21784
9503
2839
17855
11953
17548
25702
22959
7245
14362
24207
12515
4641
14728
13869
5821
16221
7903
8654
12469
22336
18876
18957
4962
25273
5630
23814
26125
11703
8763
15687
6820
17166
13078
9674
24558
15078
2562
26278
13656
17043
7769
5684
15546
15507
10395
70
10347
10421
11580
9482
2389
6423
23169
7452
4206
2265
4596
5379
15963
20284
17062
15488
6024
14337
13240
10614
18920
19172
22576
14160
19072
17672
25697
6687
14909
19889
12819
13840
27025
21666
24529
20962
22839
15932
11188
549
14837
26423
3871
10880
23648
12862
6007
511
5008
20552
6814
9095
23846
25502
18174
16892
25923
16043
26290
16575
10086
9064
18774
19070
2416
9534
9585
9504
26776
21771
23313
10924
6223
7131
164
13163
15978
23004
25683
24547
6333
10341
26230
7991
12940
26045
4447
23466
14784
25636
6323
19756
5790
6498
11587
3521
7656
3256
27536
6538
12608
7332
18888
19728
26375
16153
13304
20300
4253
7779
13084
25659
11767
8114
22386
7053
7341
2115
1679
4054
3547
18530
1963
3261
8938
7132
2294
11500
18995
20817
10905
11353
23641
4242
26813
19877
18340
24573
5253
6772
20029
25584
14929
17408
27094
22828
2063
4760
186
18015
14167
10537
12224
9580
14979
6061
11512
12867
3086
17276
25563
1032
11512
8051
17860
17628
26169
22103
5625
24501
7876
8124
597
2337
3954
23996
22634
21988
1246
14751
12849
13101
11458
26032
4026
10196
11481
13347
9659
19569
15239
7412
228
1184
9513
7438
15278
14892
8154
9642
25780
10015
2621
26241
27532
1433
11643
2002
26515
27184
20822
13971
16961
1315
18589
24412
9689
22888
9011
2685
17338
12069
4901
2412
26550
14177
18097
2755
21144
1628
25929
6345
