18331
10337
23916
4615
2679
3810
8804
22380
17908
6281
19124
20882
14473
4134
6283
5037
21273
26723
9653
23972
4166
22351
7663
1307
4914
18314
18272
15774
3439
18712
460
2840
26132
6714
26216
13560
11651
6474
23795
10502
2332
8890
21190
22715
1429
8180
22540
13956
19982
11117
6196
3803
7360
7445
11210
769
11399
1359
25736
25925
15465
21009
7731
2394
23908
9404
17954
9666
4322
16616
2135
26045
16956
7392
13326
18963
21710
13648
2267
18201
8144
26155
14595
3677
25055
1468
8386
6055
23763
23900
23644
6233
9662
13379
14793
12773
22937
5185
3555
820
21423
21723
17729
18747
1050
25655
16227
3641
20903
16708
15636
13544
22815
9179
24096
8305
18517
138
9036
12161
7692
20961
3516
23360
21560
18492
10480
23786
4709
5610
26497
11562
16142
20520
18756
11795
16702
4364
17604
6503
13816
15317
19578
8886
27307
8545
4450
21663
1313
21662
23628
2704
4507
377
7574
199
20746
24136
21770
6994
16906
1334
20016
9052
18489
8641
5643
17965
29
20433
20017
14991
27461
10292
23348
26310
4786
7317
4713
25683
18417
9229
12795
13180
10191
11551
24598
8491
19255
21857
26718
14305
10812
23066
4348
12612
4376
5638
11829
13040
26800
17536
26498
21060
24808
581
25563
6338
4230
26461
12340
2140
23645
619
24412
22086
10417
17825
9171
5755
23273
2265
24738
18077
4576
16576
27402
8948
11907
13433
1400
14921
11885
4812
2937
3530
26094
14795
2318
22683
12660
24926
5094
11583
18661
24220
12385
2145
18453
2341
1436
27234
6206
22268
3707
21549
14466
6252
10979
4281
11715
11398
8421
25868
6466
27514
1438
23682
15873
15890
10637
12920
13244
21940
11446
16427
17149
14123
10880
18684
11365
6301
21131
5234
8948
9296
11671
23060
21850
18051
6651
9388
12102
19174
13312
9363
22101
4489
5682
23190
11547
25812
21376
22721
7265
10467
25622
11849
6918
20014
15019
13568
9315
124
7489
23185
8441
25852
18122
281
20000
10264
27532
5316
3931
21938
26588
25271
20966
11544
1342
26425
4102
3674
19394
25978
20237
15160
3810
17190
17012
23270
24740
3107
2088
14605
23137
1399
21840
325
7865
5821
27019
2379
19578
22079
9247
26453
21533
12327
11064
301
10296
1122
23116
1568
4487
27260
9172
14364
25834
952
4512
4416
21217
834
13067
20296
20894
8202
5150
13376
703
11441
15777
1855
18496
23930
1224
1852
9984
4729
1645
8758
23594
16131
11259
13395
9416
3319
14403
10733
16195
9208
4995
140
3454
14449
4136
11413
25276
22692
27186
23474
5270
8744
23127
1773
21823
19295
9607
10996
1730
22959
7916
24578
8204
10916
23490
12678
13449
18488
7371
22515
27509
20435
25592
19312
17471
25405
20702
4163
23236
27055
12966
25591
14330
18982
18557
26481
19381
20158
7474
23872
3144
10570
21069
22889
13588
27517
18008
2437
18832
16470
10023
468
25555
5846
2323
14758
11544
14230
24545
1845
2019
5154
17371
8595
2607
15144
11441
19262
17838
26109
15004
2422
11453
8302
19799
5158
4138
6034
5532
10728
89
17477
15000
25211
14367
4096
4779
27427
21658
10968
5966
10526
11496
1926
22137
2246
24543
24120
2783
1912
11634
24386
15687
26780
15478
8464
22101
12706
16978
5584
1046
2354
16364
17229
11007
18836
5695
2012
6252
4188
19454
27531
10631
485
17070
4590
15950
14262
9215
19402
9428
14652
12463
344
3391
18890
10778
5853
2845
11508
7977
17335
2168
2158
21979
20106
10407
27185
16397
9735
20713
19509
13893
2777
2757
5319
19127
18651
23254
16751
21557
17006
2946
6112
8417
8392
25245
1498
18968
13373
13800
11981
22891
12577
19773
10853
2955
10532
13921
19120
1101
6050
22767
12576
10146
11375
15170
12601
5147
23118
15460
10103
2440
10190
1989
5028
26015
22137
3195
26602
16350
18345
6390
25662
14344
237
26730
24144
17563
2313
17415
1926
7998
16955
688
4177
19768
14317
5141
25178
5694
9495
4169
9976
20014
719
15154
5775
25174
13892
4129
22782
20425
9223
16858
16573
16512
16157
701
10438
25930
17889
25555
24308
19222
11750
22308
23449
4842
9505
15309
4807
12382
4761
16021
21334
17787
1553
18636
17949
1355
20790
850
24600
19188
2314
8959
3610
6311
26748
26747
22114
25321
18500
17473
13242
27345
19642
10239
2085
19886
13754
14020
22331
22897
26012
12955
4679
4631
16202
26859
25449
14975
7676
5990
20894
5775
11822
9445
11270
22105
735
6187
24902
23075
22821
4096
8173
20018
16297
16019
25007
13464
21675
22046
17664
16236
7945
26596
25299
17644
4559
4639
8729
17175
7510
8109
24442
26982
23359
13226
24015
19250
26215
6807
25345
20552
17870
5960
22484
11547
10516
12684
7099
15949
26704
24161
26532
13795
13633
15022
23304
23031
3307
6638
9002
19836
18468
8769
9693
8851
12404
23896
26225
15252
25951
22850
7136
9048
4369
26590
11037
23749
25248
21524
9265
1827
20793
16125
15256
18551
16968
20136
19690
9018
6750
6180
25586
11858
20641
11038
19218
18093
25092
20036
8549
24361
7708
25195
27212
12348
23348
8974
2188
27476
7144
16633
25302
6853
9433
20962
13982
9539
9600
21014
2678
2094
26370
24913
9991
2476
9909
18705
25116
15176
15999
9398
8557
394
11141
25505
8960
8083
3574
16754
14727
25353
5579
22835
10349
21037
5727
24243
11880
24518
9667
18817
15943
22449
4315
4353
15256
15498
23990
16209
13385
8120
9766
22697
14021
15203
20276
17856
27309
18653
16126
20597
15514
21850
25329
21030
7095
26036
23677
15962
3976
20275
15871
20572
1643
11092
24412
24033
25807
8998
2396
13231
2409
23860
2720
17352
9025
8469
23400
15394
12791
17255
6700
2640
9693
13902
4022
3203
23672
7033
8848
7471
19289
577
149
2154
7745
23574
2313
24956
3784
18297
5617
8699
13460
106
1135
24221
1837
16113
9136
25065
17997
7213
10631
4133
20341
894
27009
13498
18038
14568
11668
10758
6040
8715
17468
19678
615
9497
10014
3016
4479
11675
5671
9700
18611
21024
9105
447
4206
7673
11238
8283
12125
8960
3754
7284
13977
22030
27255
18412
5155
3604
15484
2619
22770
22454
21202
20882
20518
6638
22256
11389
23847
3790
26157
4018
986
10435
7677
