14850
18811
2431
10359
17617
27355
24988
9996
13551
11385
14217
11253
11259
8088
27012
22958
17779
6426
9395
5881
27042
18638
16345
27532
1719
8166
9653
4336
7588
12881
24865
4606
25983
13336
20449
26734
12244
2411
6903
15602
22939
21051
18528
15002
8017
16580
7082
13226
2313
9689
22524
20982
622
2350
12667
10908
3891
11209
12629
17011
7964
25022
13800
27455
23833
8505
10974
2789
12937
989
18031
4807
27332
3254
3671
8339
12932
3096
21123
9182
4246
21396
18817
15698
13734
5741
5950
8549
21215
22832
21772
20741
20862
17332
19416
22777
9461
11922
10419
10872
23051
9120
7556
18500
7387
7198
6266
9883
3683
6414
21808
13629
13567
11811
6264
6651
20122
22435
20601
13317
3634
17982
1090
24505
19514
18410
20012
16603
9646
9188
27271
21529
27430
17561
23633
4677
11216
26835
8219
9097
11856
21978
18136
14050
22225
22803
10286
8962
24317
3905
1229
16144
20879
22939
22397
19071
23441
26693
3620
12250
6269
6219
22353
16178
20640
6426
22955
25210
19518
3119
12365
14929
14629
7103
12122
4654
19598
8826
25043
13019
4110
26991
13641
8023
3045
13150
26340
3963
9767
12144
19480
3232
19821
26691
606
25270
1468
20216
12264
26949
26362
8811
21012
11971
21733
22071
13189
9583
25823
18912
25552
5183
491
2820
7696
7870
4779
2577
2491
8071
9203
3604
7668
26609
7524
3525
10029
12483
22696
10122
14252
1780
9794
9953
2671
13621
14356
26109
2490
3282
24090
11016
2394
12788
23414
7512
27236
2817
3508
23311
13813
13225
10538
25858
26155
27499
18459
1346
3534
9070
16728
16311
16168
18733
9616
25273
14454
452
11174
16274
1568
21489
1782
24206
25817
25860
26442
23310
25256
6549
15824
2722
26544
26165
4696
15560
25795
19798
17114
24118
21603
1474
10244
7684
6050
14546
2622
24934
17322
23320
20081
9191
11686
21836
15141
21788
18014
12294
7623
14043
24176
489
6021
11578
4959
5149
1648
13318
9852
5226
18250
15900
25662
26953
12090
22859
21
7421
15135
473
13410
677
5040
6856
23836
17897
2060
23487
18081
211
6740
12421
9349
19006
25821
2876
2163
20304
13131
17938
2018
22658
23302
26313
22234
12706
503
18556
17178
4439
21092
2392
17562
16025
12639
6354
19310
3325
22705
16169
3624
25505
5252
6043
11202
565
20903
8285
10459
27216
16887
2677
6590
15153
2668
6266
23926
13756
19256
1318
25655
24764
7754
6353
8144
16611
6865
17414
15176
16462
21766
11594
9343
7680
13350
25431
12754
26843
19928
6057
14375
12661
19082
19533
2993
14019
10145
752
9001
10889
4350
23446
19716
1053
19399
7455
26345
19439
23131
25574
8092
21768
3973
7190
24511
1619
3599
12967
2960
15644
5855
21744
5180
15929
7483
6610
8902
17632
16656
10692
17667
7929
25684
394
12973
8476
24619
10858
13993
11210
15029
17341
2265
2999
22565
11920
12920
5451
8707
7945
26786
16933
5226
26077
5340
27375
17759
26208
11250
934
917
15401
25320
18643
802
25022
7256
3233
24555
21026
15472
23137
15798
22146
26933
4506
15262
12564
24420
18784
24534
10389
26141
25583
10357
21141
17782
3252
3571
9325
22589
13172
2587
24578
21293
1641
4469
2703
7692
6860
15023
19608
2314
10868
18352
10174
857
6908
1837
2455
19157
670
25086
743
1370
13096
16270
14461
14257
19694
9641
4845
15487
18322
17877
12711
22453
8266
6559
9104
2783
8905
7577
4342
769
10101
6597
6055
15803
17193
5470
20314
13445
11859
5978
16716
16420
5300
26248
4691
12337
1757
17521
960
6050
23067
14604
2029
27263
3106
23602
22361
9265
10566
9104
26440
18522
15152
25072
16391
18500
24872
9525
416
196
8222
10160
15293
6719
21993
11493
8815
11260
27553
23471
12632
17109
22772
8663
10910
27353
19363
24614
27479
2924
26223
26373
4799
4961
2736
1470
21187
24447
24310
18669
18217
13195
19613
10626
20274
4571
4800
21606
15982
26865
11662
24762
13485
301
23863
2151
18508
2737
7050
2065
22856
14084
24945
24398
501
16732
9821
18826
17161
25570
16261
1026
435
17401
1088
9066
25823
12648
3105
22853
10857
5833
17448
1369
24121
82
7256
18786
15297
18263
10188
23629
9522
19558
8478
12211
20970
7549
20769
1584
26703
26369
16038
26180
1068
11400
11415
9979
1039
5005
8397
24597
22567
1216
25373
27374
24386
14176
27066
27424
15538
20523
5080
13911
16502
16316
550
13434
21606
22580
6008
1142
15006
21690
2546
8853
27031
5468
1429
4518
14618
6266
11607
11342
12508
2195
23241
24528
14533
22157
12183
1911
24946
15448
10054
24460
13751
17809
23674
7603
23138
26559
11096
14539
5687
25590
7442
2889
19216
15121
6858
958
15040
25714
19003
24356
1338
11791
6429
24970
23796
2408
9187
14155
14387
15658
10889
18059
3137
5442
25392
4059
24259
23583
2265
23387
15340
19666
20603
13835
12919
5103
6363
6376
13492
3196
9488
26367
2844
22810
25788
6283
23169
14177
13104
6753
7157
5905
17869
13225
5213
11749
13721
18472
22864
12610
7504
9044
23082
13879
812
21340
23242
16316
12619
8842
18029
1780
2537
21840
18591
4763
11523
26612
27482
1269
26466
1558
22457
16908
16898
5429
14897
21571
21110
9837
24901
19883
19781
13793
17307
10523
27145
6328
16168
11448
5918
4185
23147
24912
13024
13519
24477
5478
3793
230
2715
18977
10462
20987
1291
8187
2195
26059
22003
26016
20231
22302
23610
5706
1329
17555
25693
23696
17393
18636
11895
26893
27068
13605
14683
16526
18642
21647
27344
25948
26002
24670
18873
16090
6295
14050
14646
22164
515
15567
22900
10901
22835
15958
9153
1372
10509
23836
20044
12510
19606
14378
21978
21352
14923
6266
3234
25969
11955
3716
5049
26355
4452
7873
7996
21420
19623
460
21943
27507
3334
1667
2849
14793
6381
17594
6323
17228
826
886
1765
13173
12356
10349
20301
22035
27347
9303
1139
6373
11373
16087
24529
14784
13889
23387
5236
15252
16956
20535
12806
4150
21905
1516
11922
18509
6602
4071
8866
9268
12273
27312
2795
14068
24587
11140
11189
7257
27077
21542
3809
24981
4759
4432
5059
26386
6503
374
3310
23147
5062
25621
1090
21873
24731
27080
9326
2077
25611
