23315
10910
21958
25301
12893
5999
23696
17808
7557
10251
1717
843
10919
1411
4342
2156
21805
14177
26470
20139
18089
11656
9540
11268
22016
1204
24036
4343
26000
12658
618
9635
24588
2732
22828
16005
10849
11849
13085
19374
17258
12299
17925
27483
6298
17917
5793
15563
15679
7633
17328
21306
14496
13286
16924
12784
25204
2716
3154
26420
25261
13549
18933
9278
5565
19218
1398
8067
18631
9106
11176
15378
21185
4428
13573
9442
8598
21759
19487
15445
21287
10417
22926
14444
4380
13062
27449
19165
11511
2824
27389
23149
17245
2597
5089
23682
1859
10574
11426
9136
24866
22575
10690
1692
15987
20353
19161
17337
24235
18281
18003
18889
15367
459
13404
17828
14377
3276
20875
11494
10670
15554
8725
16302
7529
15144
443
10004
6396
6660
15478
266
2787
23707
2409
18438
3774
19811
15146
6340
22009
5799
21195
22047
18422
14209
16645
2643
11019
1653
25092
15224
14805
19908
497
22831
14136
19417
18532
23928
6089
25854
669
12141
2251
23254
12736
866
1918
17201
27477
25317
3574
11216
18461
6301
6218
12533
1469
9424
6657
2866
859
7003
12565
8772
7746
11079
12536
10723
25227
16010
23328
9318
597
9255
21165
7399
10374
5510
10359
3729
23911
6739
15120
7833
1108
2010
10150
20090
14574
21047
9772
23235
11524
15296
20173
25574
25628
19234
24904
4827
5930
3612
977
8443
9718
11679
12245
10937
18306
14803
23574
26116
6553
23118
19267
5498
18444
11939
21016
8373
17731
10798
26074
16809
4621
23116
18452
363
1576
10959
18574
21677
11548
27455
12389
14711
18818
6402
5651
10624
6941
26739
6966
10874
14338
17632
9195
2799
9980
11847
4095
2729
7890
21483
3634
917
12272
26586
1749
10340
9094
21064
2702
25132
15721
21012
20366
5619
19386
13370
22103
18724
16129
7837
18059
21363
3350
5970
1479
16709
22697
22092
13451
6769
14902
21429
15495
16185
3415
17160
17975
6012
3734
4727
20372
14831
22361
22865
20450
12437
20359
5320
21483
6882
12349
12595
15677
19846
23994
26925
26565
13163
1251
17466
1700
5029
17132
14469
5978
4343
17925
4351
8684
1076
3958
19782
10677
21179
24992
26457
4174
7909
23656
505
15732
25431
17623
2508
7221
23710
21922
8137
4328
5541
15235
16857
10681
23107
8648
19945
25208
14230
11052
1213
21763
5712
10812
6267
23601
22634
8716
12056
5371
27532
3175
17594
25357
19770
15888
27241
17446
384
2564
16841
13909
4315
16090
9658
15328
5282
15549
6482
3838
2506
2716
17606
13502
26712
2118
23092
17065
11205
8867
23614
8382
2778
9673
20044
26014
22768
20524
19713
4195
20481
20327
17193
4391
16487
27053
27125
25055
19756
15914
26574
696
799
12074
6623
6629
4174
11375
25194
18417
24601
2533
26654
332
24881
19530
1466
22564
24507
2515
21966
11662
3695
4958
3629
13681
10540
1025
6237
17449
13558
15275
16871
2081
21871
14436
6744
10070
2736
6518
7675
3432
17978
19012
11436
25440
5771
22730
26424
3467
17661
17614
21864
13056
21111
18342
12630
2422
12094
15879
25779
26418
3916
24930
20254
21568
11156
2998
12825
23162
3084
3458
964
19553
11254
13064
1964
19278
3881
16061
22173
24239
6081
11324
405
15170
8913
8499
14154
8321
12261
1268
10915
16279
19641
10901
17333
2
5814
20217
17505
14121
27350
23615
1028
23288
10801
27153
7816
20317
8054
18628
27268
22639
20079
1190
2163
11164
22768
15540
23929
16243
9356
10767
5967
10961
7272
21413
20508
4111
5974
21539
3767
26342
22131
613
25630
18453
13354
12944
11271
11266
464
26405
11927
12835
3252
17981
25026
11259
12982
13348
3027
8379
14374
326
11421
17259
25802
17528
3739
19150
20976
25486
10204
10011
21928
1247
14443
27378
2550
12074
15563
3404
4122
27555
23478
3774
19400
22147
6142
24135
11714
12185
13226
12683
18030
24820
23171
22790
6076
12828
12237
13729
20055
11920
16120
20113
4907
4409
19936
24387
16167
9414
13133
9993
2230
4875
9827
13240
25325
26038
2445
11836
11512
7445
27172
21842
16082
13976
19008
15403
6833
25439
23258
15611
2148
8994
19763
26907
4612
7240
26736
20834
3798
20680
9072
24534
9994
4052
8815
17241
12176
4480
7524
17741
6848
13121
99
1218
18925
17713
18549
15040
17327
6480
6942
4917
21225
13237
26086
24373
16769
171
7498
19415
22772
12740
977
1135
1941
21607
22137
21297
26394
23577
2376
22410
1331
6627
4062
11706
15233
22966
20618
25298
23302
24379
3340
11905
14947
26451
11369
21794
25824
13587
2278
26533
17558
5927
21261
11356
5925
27350
18237
22983
6290
4157
17294
15635
157
9414
6530
3371
18616
20455
1536
13997
11705
23311
23210
7573
13736
27333
47
10796
8492
2413
4199
2424
27522
11657
483
14330
3734
2498
18309
6560
4793
19133
10107
14778
6159
5516
3485
11123
15791
13671
23521
26629
2763
17609
18224
13479
18459
4247
18415
26448
19738
20247
22268
696
22707
20689
16880
22608
26691
11941
2181
19134
3995
18066
14051
23697
15637
21572
10641
2338
23333
11101
17745
11358
4440
1564
7347
17359
5342
22481
16763
14862
12462
17228
10493
503
741
1334
5800
5024
24742
9446
16232
24505
8695
5633
9538
11208
23273
13558
14903
4485
25164
9639
12603
1516
285
11165
5798
9877
11066
10975
19754
7587
23004
13447
10862
13674
19624
25866
24219
7095
14159
29
11126
10323
16899
21884
23048
14311
12437
22397
12748
12944
5713
14205
2655
13506
23948
10570
24430
724
6996
4458
119
21130
3000
24192
11871
22261
11487
8852
14789
9178
19109
8284
17678
9474
22459
16426
4176
3582
23570
7636
17688
25258
22150
4049
19425
20825
412
2597
8718
17538
4060
17099
14572
11937
14608
10646
1107
25247
9196
21440
20481
25896
743
4828
25378
21503
14152
4621
4742
17430
3208
19307
19917
13310
8497
19355
6226
12174
11929
23887
11258
13073
8169
1035
11593
1480
26965
25586
16397
26327
15081
26616
17075
7988
23574
14063
18700
24731
470
2622
18957
16599
10033
17378
17645
17101
6039
13176
17511
20927
7782
14777
18381
16908
14646
13708
14747
3002
1145
26023
1764
25697
12383
5212
16895
4918
25339
21747
21450
23126
3128
25400
9999
