12884
10221
24407
3292
17141
2978
7757
15793
19301
23194
24895
4366
16389
23144
21954
71
21138
17233
1188
16454
1768
15475
14201
16648
20215
392
10593
8150
13341
167
3965
12445
22028
9516
8864
5254
2302
12388
21581
24337
14919
10720
586
7585
9308
18311
5182
15330
21757
18858
10365
7469
2424
18860
16191
15349
2126
23263
12373
3003
3989
25664
6152
11557
7013
3685
5074
15791
16755
15771
24323
6715
24836
9924
3416
2557
25587
250
7582
5084
14383
10987
2445
10325
3881
6990
23813
26885
5902
8662
11415
16373
7257
17511
17282
5000
26039
14695
9987
7994
3530
21647
14039
6494
23799
10733
24677
10641
3835
2290
13640
4844
10077
1543
10401
18210
26390
22097
18550
9357
15604
9479
15706
21013
18542
12727
12359
2379
9175
4626
2351
10990
4540
1918
25125
16684
4029
27056
25973
13600
8251
24117
5994
8385
9657
12250
9621
14720
946
20386
24555
15657
24722
7978
23050
16716
11786
4369
24239
7190
2221
12443
21647
7523
19330
14267
5284
526
3043
8027
18299
6244
27441
25273
12212
12766
12950
18211
25190
20995
16334
24859
10926
13786
4584
9590
9150
9605
9887
10798
8880
3338
1679
1128
5164
17799
3807
5572
18457
27188
21719
5018
16985
5296
770
20542
3694
23710
17514
23606
21796
7675
10101
6740
25269
3224
11858
4833
21376
8492
13392
4221
8637
20658
14761
6243
14786
3454
1837
8261
1837
14379
8902
127
2584
12481
20276
2727
10795
637
15333
23630
7764
3024
22879
9558
9311
8743
14350
9291
18624
1738
6818
3383
12529
11805
11484
7565
4867
5936
21716
6482
2959
26006
23506
22917
9829
26169
11517
3947
8807
4304
20511
12813
17453
13327
9796
11529
26978
20128
26302
7181
13588
1569
7528
2965
3327
26447
7105
934
15026
3887
17933
24511
24477
2349
23056
16863
23926
8718
18205
15384
21985
6994
26999
10701
24044
10919
7204
15947
20526
717
3506
25951
15455
19499
17070
8852
1521
5675
21400
20347
15120
118
22976
26213
23775
26248
24960
668
8625
25154
18670
19999
25774
7791
21387
2859
16662
4241
6631
5915
3732
24905
25617
2816
13725
12483
11283
25678
450
2578
14032
26006
19695
22575
4992
348
15030
21135
7547
22812
4428
7702
23491
8753
6080
20454
15086
21139
23639
24259
25410
12045
7523
25408
24610
10134
10063
15987
10282
19678
6613
997
1004
12211
2375
23998
10135
8996
26781
16427
20697
14510
22112
13350
2278
8795
17748
15924
3009
9572
6217
12682
24439
23969
340
22343
21042
24818
23375
481
18247
20409
13635
8648
17255
9199
1341
26927
20055
19313
26276
6672
5272
10902
22414
17213
21823
12235
25256
13089
14185
24621
2056
19454
3078
24754
5083
12310
10638
16722
24240
17866
3002
23467
22656
21912
13615
26452
17554
18426
1518
1605
11771
4895
3862
21415
10708
21529
6129
25097
24609
8640
2856
25327
16223
18404
18708
6311
20567
9452
5902
5419
17203
17679
7926
20869
153
25762
10411
869
8972
1788
15889
10934
18444
7424
16222
7764
21314
337
17315
18009
4304
9675
2313
26367
16963
19153
3705
476
1574
3245
2322
4372
13564
8718
21112
24114
20890
19413
12838
22530
14168
9980
17578
16167
26788
12230
18522
19781
22037
1192
19237
234
16885
21746
8936
10838
14806
2380
22147
20652
2278
21171
17224
3325
13042
4293
9726
15661
2746
1123
43
26865
7259
14590
766
9412
9909
8143
20209
3582
25035
8814
11932
25027
3304
12338
7786
14679
17123
7390
1300
2653
4950
3829
27432
25018
23430
18671
6297
14707
2554
12227
1009
24135
10271
9883
11587
5898
27428
396
4268
25742
4640
8315
452
11136
18724
12854
2715
2261
10875
11017
22031
25001
967
26311
21135
2094
7742
12153
5069
15836
188
5988
17091
15051
22872
22074
20651
18732
1815
14817
11684
13189
2214
19111
11629
8576
23238
16225
128
23073
6269
597
3579
13083
1270
27159
13523
13279
1944
9052
18172
4585
11234
21821
22781
12473
3230
6132
21741
19439
21155
22447
7860
17221
27503
639
26693
5872
23484
22236
26455
25325
85
2693
19606
6313
3266
2087
18446
20512
20483
17674
13879
1299
25786
19745
26560
26525
18411
25812
87
10810
14464
5670
21647
17241
12488
8638
9909
465
15372
10340
23430
6493
15602
2776
7602
1472
2245
11024
10845
24255
15336
11254
20048
21026
2346
5280
8699
1702
5593
3923
5113
19996
12212
19360
699
17653
9558
19342
18069
23140
16005
17990
6236
542
16713
12783
1027
15626
27169
19763
12758
25164
23412
15635
22873
10020
13096
14151
22980
14411
24878
17493
20562
2439
17791
1678
13975
11672
26711
12106
955
2230
1298
3002
13894
21672
17240
15241
14727
20353
24272
13230
15578
5673
25941
9797
14021
25169
10308
3780
7665
23843
15054
23853
27254
16297
9706
16016
20789
13293
16421
25436
20249
26483
2264
24399
24724
3754
23757
27402
2624
22703
26261
5285
2463
6468
19731
18659
1562
13413
26360
4781
17949
12059
9597
24811
11308
7003
6465
15159
8886
18903
10165
603
5436
21651
11430
24799
2197
12958
17186
16399
2107
11567
14855
11350
20085
17412
24324
5540
13814
6225
9959
488
6704
18547
10472
20666
17038
5645
8250
26929
4510
1819
7801
5470
5329
21212
7705
5095
3355
23935
8144
9269
22203
16132
16389
2922
4333
15024
2092
14478
10552
15409
10896
26008
4273
5808
12623
4385
24237
9258
6873
20967
22891
11447
18224
23115
24354
2035
26072
1860
17638
14332
12699
7154
23399
5539
7833
11859
15286
1590
3783
20300
12698
9345
25743
5078
7908
25751
187
22446
4369
205
12458
7707
20005
15732
8219
25042
21965
23836
19529
25291
4350
8396
8774
21720
24552
17033
27407
11212
22353
168
11830
25566
8357
21384
19129
9519
10896
15278
10759
23129
17378
19668
24002
5231
23451
2394
19615
14315
16292
17826
20626
12141
10973
25900
12785
14974
6230
3154
4463
23430
10851
3520
13121
24859
18129
13782
25731
846
8031
23790
19935
15638
8732
12438
7094
14043
6735
13689
15506
11077
7400
12035
5382
2420
24947
2287
4586
26756
25752
21660
6638
15536
21464
18734
14465
6928
19178
16034
8346
24660
26814
1928
26810
7878
653
518
687
22194
