4305
25865
13073
19027
980
15012
20159
281
1216
19427
20072
1558
27414
16722
24789
12910
22557
26074
27108
11554
18088
14326
2636
2629
14174
15071
11088
6749
16959
11816
13561
25043
27479
15379
13910
25065
23782
26486
11437
10615
11630
11142
12310
1088
9156
4593
25241
26596
9221
6691
22205
10908
26115
14186
1318
17430
9059
7973
15468
16119
10228
2787
11183
10321
26818
19590
12859
12438
25447
11343
9557
23541
15061
14683
3788
11678
14576
1165
14081
2555
11488
4107
6887
3225
2747
536
17504
17329
10221
883
21097
6553
22486
1510
23728
2986
6160
25353
22351
26814
10199
5110
26736
9019
7261
25409
22683
14967
857
9609
2383
23239
16092
222
21478
14100
7573
1056
10416
12892
5828
1130
384
18285
17161
2628
6353
24044
24501
18571
17949
17855
20554
1654
19172
15783
26959
11460
970
4251
8845
24616
21619
1858
15029
18696
10244
17500
18514
14602
6079
24687
6634
2736
16446
23538
14103
10926
20316
17355
7687
16653
7797
12390
13715
24316
24439
13787
23995
21524
2432
11389
13747
5714
1975
9657
22383
15854
1340
5862
25234
16022
6325
3238
16176
15391
19936
11525
25970
23687
25005
22211
15258
9432
24904
12394
6479
27419
10935
8441
11936
2336
18447
19833
17731
24546
19908
1363
23796
25846
5459
11140
21925
12306
18352
9128
23051
20780
6222
11049
10587
18152
984
25449
792
3948
22374
14914
5847
481
14485
2738
11812
6602
18364
15211
23313
23447
24290
19415
22710
21747
8793
4168
10412
19091
5843
16874
3395
13708
25509
25505
18128
1355
22796
11001
1031
9686
12
7849
20916
3540
3897
26352
16550
2313
22161
15068
27041
10250
25149
12584
7148
9825
10964
10412
25414
4684
26051
20744
18686
12499
26190
25590
20097
23510
24847
16184
7186
2424
8238
24078
11381
6199
20575
9988
12293
3864
11526
24501
25041
13483
13938
7268
11592
9016
11661
15040
11489
20686
16000
20750
1721
19240
19645
2943
3529
23803
12876
6905
4258
16525
22927
25398
24768
24890
17841
12604
21165
18736
17021
19955
7275
9428
3123
1400
23380
4279
1492
25480
18326
25268
7481
1819
5117
11644
23195
19085
19261
21670
4783
25104
24441
16307
15286
15723
11038
15235
12450
13863
12083
22116
17245
23978
6303
13037
4709
1563
15551
14968
791
8897
791
1904
238
23938
15788
10702
25792
8225
8717
11280
24380
23649
8769
27495
7511
2821
25834
18524
25985
2446
1361
3066
3252
5578
6283
26519
7798
5482
17984
24949
11414
9475
2448
13701
7771
3822
19533
11352
6426
14676
1420
14929
20699
26234
17478
2685
16729
24612
995
22994
26311
26611
18149
5862
17110
13660
22865
10458
2723
20405
16596
14764
26524
2235
17902
18453
22173
13064
26224
11926
10596
20138
22285
24534
22367
22059
14994
6919
5195
19572
25230
1685
13827
6445
10865
11257
18037
20662
22684
5038
2631
8664
9301
4405
8233
6963
3533
19668
14008
3593
5164
1500
6704
15543
10458
9724
10136
17905
22051
20210
23605
25572
223
17883
21202
12222
8272
2018
16903
27515
20231
10561
2379
14639
10822
15199
7440
15609
16968
9720
3990
21994
10131
2552
12590
20078
4898
11280
15543
339
16726
21488
19843
26486
6559
8851
15397
6314
104
3130
8425
7610
26304
12862
18324
7404
14797
9255
7892
10472
21340
12893
8502
12090
4190
25777
13324
19089
2278
25210
19636
8329
19252
14302
22157
4926
17561
16535
20541
21798
7015
20100
4109
26795
20884
614
27027
9690
3018
4819
3718
886
6000
18736
8383
9537
5224
336
5259
9307
1856
15767
23467
23483
23981
21062
2406
17848
24144
13788
21414
22856
16593
8721
15047
18865
6502
23075
12069
12951
16871
20967
13202
6689
23242
15189
6527
8694
27075
13326
3236
23405
12699
27477
4573
4804
20683
66
10559
13392
4265
4363
4961
16573
16909
18711
13782
23577
14354
16873
6087
2318
2896
4781
19921
11867
3604
6026
17152
341
19302
2381
10598
17021
7515
19652
24899
12718
25521
19477
18821
25614
7624
11589
16090
1669
23365
22436
14895
5951
14832
24272
7903
19231
7937
6538
12698
6136
1901
12363
16501
22358
9955
10880
25219
5196
9125
19541
1350
9848
971
8021
24552
3676
7728
1661
22585
18673
20012
7267
5648
6283
18142
24507
18843
22216
72
19759
5081
18155
20412
3459
8232
17166
17508
7621
13920
8394
6392
11535
2395
10253
10484
24225
16433
21524
20178
27068
27126
25249
21154
15919
11959
26882
17826
4600
6743
24325
25975
15851
13315
10074
9447
4854
22148
9960
4365
13166
15030
1847
25058
6040
12344
15368
17125
7744
24981
22103
13635
22767
191
6370
11397
25104
9566
14905
26239
8273
16052
13962
13102
2262
10944
17432
22626
26406
13062
15570
10268
25782
4230
6513
19299
17654
86
7391
24544
16941
13593
19586
4522
21306
8325
27241
23549
874
23273
17164
425
588
4582
12684
27255
21646
7083
15794
23139
23931
18301
4309
1139
7686
7137
2402
7798
997
12364
26545
27154
27414
23532
24169
9812
7010
6028
5167
15559
3773
8464
11448
16895
4632
27145
15895
18761
2122
10254
24107
2365
17364
15075
3338
20749
1145
13750
3154
18610
19
4190
10311
23697
7756
3844
23708
23160
7173
1989
16346
15770
4669
2172
17482
1177
12271
26606
23177
7641
11432
1304
11647
19893
9047
12094
23976
1596
14504
14867
3353
15668
201
25646
23043
9658
8812
14250
13641
21422
27018
15612
466
11657
22373
7376
17729
23195
24789
5149
14385
9019
17126
11748
19508
17997
15974
22547
18661
26174
26554
7129
17827
23618
19131
4590
20
8866
6269
5062
6832
18745
3218
11259
19635
11234
12876
961
4019
2697
24492
24062
3208
6652
20704
26876
25648
13355
11292
22566
10922
10169
8535
9036
10880
3391
2098
19840
7860
18458
25698
5152
17712
18582
17271
18830
17304
12327
11628
8242
5570
20902
17613
11403
5920
3987
25214
11977
21450
1835
21026
23674
3489
11650
25309
23651
24124
22117
16848
8428
6581
22645
11836
22642
23409
3688
16296
22258
7052
24898
5922
15305
22010
9300
13945
8333
25125
22424
21678
6907
16641
356
6503
4749
11511
21075
18152
25152
13435
4407
20239
19017
14298
1404
6552
17544
6036
12212
9401
395
12217
