8803
14384
4034
15358
17018
26753
26822
18942
4142
24501
23563
1384
26041
11581
23722
25212
25567
26406
7895
11794
13368
10981
24079
20294
5832
2657
26492
7530
11920
9803
17073
3309
3693
19072
17489
7091
13096
4138
19085
18234
11046
26389
17620
2247
2338
33
1339
17154
25713
24993
8027
16628
12801
15124
12218
3673
7625
8670
12044
12510
14517
24375
4069
12653
26187
12220
24317
3301
17700
15052
3912
18194
16056
2841
23647
13898
20133
4244
19544
2367
20086
14246
15015
11270
7881
16358
24971
10730
16258
20967
21866
21410
26005
16253
19958
12686
27450
9277
2386
9480
18248
14517
6857
26913
26001
19015
18338
16813
18994
4585
25957
25519
24355
205
14487
6924
19957
12531
24824
669
5665
26763
1913
10118
11912
17214
12537
2644
3935
3668
15575
24770
17441
7582
24918
16994
11757
2529
2440
22677
2600
21158
24040
27438
10809
860
18730
24501
22167
6982
3450
24590
23314
12676
9633
17035
6708
27078
7505
13838
7225
8759
19495
25991
13364
21598
4212
21548
12258
95
13947
2549
12299
10356
552
632
26596
20486
5584
2580
22476
11381
18446
2988
23589
27277
7889
780
4616
9066
9068
11161
8280
10896
7068
11979
20206
7684
4599
4569
19993
26706
1060
20634
21052
13151
5873
27466
6663
9164
1292
3110
22672
25322
9076
23607
16912
16175
24039
22502
23439
22204
6254
691
18393
2009
456
3549
22576
14465
14840
4144
24768
12106
4921
9721
4112
19516
3246
26416
8941
26054
20237
13867
27509
2283
2462
17893
19865
7902
18763
9570
8468
14218
22627
12097
18873
6089
7826
15578
19519
10190
7086
6863
9799
13180
16908
676
23174
22915
26
23535
19772
5333
7713
18298
13567
19246
26618
11130
7217
16047
4765
10450
8052
4235
11596
6074
22692
1944
21
12332
7273
18419
14527
19963
15448
14236
17641
16670
12048
21186
1409
15554
8173
4988
9015
12365
26692
10896
7120
18207
5508
14205
25499
7941
8776
24324
1624
935
9278
14788
26791
20390
3255
23498
19046
17922
23589
26451
23063
15846
6149
13809
24612
12900
3450
11740
26626
24834
3681
24056
12951
20549
4108
26146
8892
11258
21090
2301
5283
8485
20980
20963
5487
13900
9762
13124
10904
19116
7920
19267
18229
691
3455
26834
2810
24941
9559
19300
2221
14966
21772
11259
19069
18174
5636
17535
5249
10247
477
22597
23279
3324
26526
1106
23368
3131
1550
12379
12139
17132
26368
14777
2064
16826
16289
21318
4333
5988
2946
5656
17477
9292
10193
4012
23547
17993
3249
26652
15701
19441
8524
20168
7583
16910
257
18546
17810
2043
25144
22243
18611
5303
7321
5717
3819
11250
1671
8360
8662
8291
27130
13326
15439
8067
5961
14420
18107
9741
1441
23668
5788
11155
27127
25801
25815
8191
21780
7450
4727
10411
3178
20476
2391
13936
826
2077
2306
16915
15618
6950
14125
12131
4958
7673
13187
26018
22560
1773
5369
13020
22772
2147
6920
14798
18959
22855
8740
11497
21500
11741
3265
18815
4383
901
13203
12635
15480
9578
21478
8741
14738
11273
27011
10967
26366
17108
11824
1400
2984
17060
1338
25037
18594
7457
23708
22534
24815
3997
1962
26687
23251
1516
5486
6255
17658
459
3507
7102
26577
17553
7514
16886
5176
27253
25850
6814
26632
24550
18907
19234
16811
13276
12080
15895
24253
7991
11615
13767
14777
7003
5140
10704
6976
21462
15788
20269
11632
1986
15933
5239
6289
6730
14073
19250
7460
12242
21448
9336
26783
21072
19790
19054
5855
20654
10159
13061
13730
26253
19757
20393
15056
18753
16717
15480
1457
9993
18580
5433
13820
12164
16412
6120
20886
3242
11234
13907
14518
23338
7988
3073
14987
24564
9764
11798
13820
6577
21476
19527
21498
23778
25165
3234
19325
5265
14584
27362
13459
23317
6332
5564
22578
26653
13787
6267
16634
22222
13437
25431
21916
8902
22983
19972
16006
23913
5080
27156
16107
5328
25626
21732
17187
13085
21464
6719
21669
15801
7554
14581
27204
4909
19578
23075
18352
25322
20652
26127
9234
24758
16095
9936
24653
4336
7506
10762
17382
23738
3603
651
9466
1401
22537
12267
10371
619
9232
4240
2744
25943
20593
12431
24414
24519
27233
6077
10836
23640
6638
25687
10926
14761
16382
5855
25578
38
16815
10250
18499
25687
8109
8507
10929
24105
25759
4942
8324
15624
21546
10424
16506
5086
10491
2383
192
2484
4876
27
422
14821
11436
14188
18569
6955
20770
2314
4224
2316
6350
227
14323
26062
22474
9757
17011
21893
6188
18842
965
11394
25459
4376
743
14611
20559
20692
7052
21106
26721
26642
13015
8656
3203
26246
26466
7991
4525
15949
1801
9390
6389
9694
15158
16108
13171
2973
7188
19383
16010
26155
1333
24038
3509
2955
9942
20873
27026
7872
1825
18111
17980
10816
15564
18301
20263
26335
1767
1961
24095
8017
3927
20665
23738
14898
11605
7020
8773
15016
825
6431
3477
24383
2934
15724
1458
23197
1581
5499
8382
14316
13798
628
23915
15840
16434
7018
2406
6015
8505
23566
17815
20225
1117
4133
19066
3539
692
22797
15023
20923
25416
16689
3076
23819
7136
21334
897
15121
4048
895
15597
14340
10234
25860
22145
26236
16126
4757
24928
13292
5802
26376
8772
3768
25708
11151
23428
7448
23186
7409
393
3828
14767
13500
23779
5010
26317
6123
3888
22606
4772
14746
16932
4525
12944
8508
22568
21280
1068
14386
2083
17862
10283
659
2917
25551
12723
21132
5069
18668
17043
10934
3592
5940
6289
8496
16062
9880
5529
3481
9345
22975
7547
4113
1024
15953
2240
20651
11917
10520
23091
15373
16626
8738
3143
8998
3275
11275
5878
7697
27337
11174
26434
14986
16551
1183
24941
11574
26314
14860
25504
17716
8490
3911
979
6050
2691
24276
4491
23958
19758
6463
11651
27130
1811
10910
22354
21234
12590
17038
18110
17570
12921
26776
1607
942
2496
2724
8132
1791
24016
24380
17615
15605
16537
20524
6519
19578
18158
4720
4154
9591
10392
3139
16235
11152
27454
11977
13793
19085
25368
10454
17126
26393
3127
24588
8401
25789
19165
14948
623
14576
1814
2605
5866
13889
18466
173
15584
2326
23863
25951
605
8278
25434
24609
26962
5975
13803
5109
