7942
24653
23825
4656
6081
12118
16007
13151
24710
19181
21238
18597
8285
5718
8773
20770
24124
11563
19239
2797
24466
14850
2313
23884
1261
24602
15308
16156
23674
2559
1465
12797
15193
26878
24188
9420
1212
11264
19497
26644
24223
27390
20099
15473
19228
23173
10261
24451
717
17537
24619
16033
22973
23286
12542
2440
18169
16179
19196
15178
1513
2797
25939
743
22707
13520
13282
2489
16910
1765
24366
11703
1977
6074
380
7730
14154
10131
2475
13107
9366
21521
8693
396
8235
21281
13329
22764
3724
7549
20925
574
15219
13093
5217
22108
982
24241
1641
23810
5188
8866
877
3872
16035
13977
6010
14000
13216
23482
3827
11533
22522
5601
14903
23828
19789
16116
6075
14402
6950
17773
17113
5655
14261
22819
25393
1604
4307
26997
1076
3027
16455
27315
15922
21752
6788
27079
13789
6442
14061
16705
363
2887
24206
22154
16396
3364
15081
11153
25061
3574
20840
12587
10034
23199
15817
4140
8330
16679
20191
3851
25774
8528
23528
24601
12996
3007
12576
26907
22524
22966
12989
16500
11143
8203
24994
26730
16799
25840
1988
13190
27040
19728
16937
15618
15141
895
17059
26896
16619
21156
19989
18749
14726
23485
23982
1431
19681
23369
16204
1319
1686
21223
15312
7082
5235
20547
413
51
26618
1553
17459
10076
3402
9855
11653
18904
1363
2002
1374
23521
19384
8856
17687
22962
26911
7008
5480
9449
1182
10042
9660
25994
6132
25084
15991
13985
5930
11451
18830
13647
222
21185
23764
25929
3735
5464
22466
19086
14505
8248
15117
21424
25355
25461
20544
6493
13287
11123
9088
9631
8065
25780
21920
11904
15594
9807
12822
19917
13287
14667
17144
1003
23057
14963
17031
7731
6290
10910
8001
15805
15863
16469
25664
10981
17256
12710
20486
11694
7861
11346
7077
12088
204
21410
19284
25922
2995
26202
5929
20039
5297
10977
26114
20531
5527
4699
14726
8101
7901
23212
14775
12205
21085
22668
18203
3874
26310
16449
12886
12253
5739
14452
7720
27432
22730
17054
6290
20368
25273
13926
16559
16209
26996
22208
2779
12537
10385
20823
23459
24653
3835
7641
11721
15947
23589
1934
12410
25879
24130
20828
6194
9268
3811
5844
24298
25570
8487
1105
10586
11146
10595
14911
18590
17643
26569
12706
6201
20315
8800
18716
6768
2296
8468
12850
26169
3860
22516
22965
25973
3625
19268
4109
8624
23680
21747
27347
25526
18173
12499
14305
13664
24518
19800
15003
6671
11071
9348
17327
11686
13966
9094
18687
14745
19583
2321
17728
19429
4345
6713
9332
1268
17547
5907
13085
4454
11593
6268
26452
8561
15761
12161
25662
10894
7536
1211
7806
5657
22102
11213
21435
16901
21685
9622
15469
1235
26682
14169
20429
233
970
5834
23420
10295
9509
18112
8393
6505
15461
10344
9049
15494
25894
14776
3241
26252
12484
11115
5794
17294
12439
4732
2387
1773
13962
18616
51
6413
19368
19302
17877
1975
313
23626
7153
3932
17270
61
13552
23866
17450
13955
16671
20671
26436
842
23467
11537
16242
736
17676
6003
9078
14419
12115
1398
25247
189
14230
9501
23793
16
11689
8419
11508
16212
780
22887
6549
17983
9102
23759
14076
4358
16742
699
16024
21662
8330
2445
25246
1983
25448
24064
6902
24626
17089
4409
695
3829
24096
19
600
4373
18250
13490
26867
5609
19962
20068
6702
17167
4123
1989
18748
24088
3676
12686
22708
24484
9272
11634
13065
2388
417
9875
11333
3642
4694
7994
10901
12250
8726
14380
642
15217
25805
4191
17611
9981
18145
25196
2913
15593
10434
24586
12467
18609
11987
5110
12970
13110
1066
7011
7561
25780
11408
19305
4676
13379
27393
7387
21340
20772
6015
25697
24216
9403
8608
4321
22080
24763
3217
23599
8686
27270
20064
25389
21920
11962
1439
16297
10624
4688
8158
25341
11464
6790
22366
16114
18148
13819
17992
1444
12852
6352
10902
15037
12714
3610
1251
2276
7780
18676
5806
2286
15586
20629
6559
10411
6937
6049
4386
16469
21421
19266
8725
14168
23353
19479
3890
19721
9909
24147
659
25683
835
8697
19161
1767
21369
27496
8285
27008
22336
20469
13997
17033
12841
13024
8416
4744
13732
2035
8762
13352
24293
20240
10252
5557
20244
6269
20728
27215
9219
17049
4486
20689
14296
16504
26459
8348
4446
6154
9360
24246
24719
8946
12938
10131
18897
11195
2999
4046
18926
5016
24156
23986
18795
18031
15691
17402
17983
4919
8024
23395
10593
5194
5273
15759
21437
18333
6618
22472
14778
9525
5709
22976
7604
16394
19624
17586
23175
23847
25463
6312
15400
3033
15306
9889
10720
12665
21887
10496
20012
6928
266
11684
14853
956
18412
7507
20859
4768
12639
1081
15760
21963
1571
2036
12422
5658
1788
930
16791
18108
3542
17049
5617
5770
4960
18224
21072
22511
566
13835
652
27492
20518
9392
12203
17958
995
27489
13803
18458
12321
4875
14722
4217
21187
2022
14778
7123
22086
16095
9035
8992
3454
17034
12475
5364
6851
15604
887
27460
4195
5140
11447
5626
22164
26790
7155
6143
3717
14358
20818
1570
6635
25674
2265
18916
17194
20423
13989
13282
26867
25836
2314
4402
19573
6168
7873
21460
12404
20239
4803
24576
25193
15256
3238
18634
26032
21441
9091
22931
19165
26378
13947
25838
15643
27273
22630
20795
25725
9250
555
6095
19415
9881
4437
13743
1954
999
2720
10856
17341
18673
19351
2343
26
22245
22389
13431
23317
6651
9795
7924
1269
4317
11341
1970
12164
2394
24219
25029
6292
21438
6147
3398
5412
17066
2458
15494
18421
15929
2807
26378
23153
2378
25334
2512
10993
10286
12261
9560
7033
14613
19433
26138
13968
19480
22412
12308
25969
17209
23629
11775
26488
22163
12025
17718
26415
18421
12630
22857
447
9490
12889
19668
26469
4497
19628
19975
505
16299
21601
14364
25679
9342
9865
5511
344
18414
17511
18217
16418
2287
16683
22150
12007
11652
18290
25473
1054
24332
160
19843
5234
7587
6815
21856
22425
1938
17006
2497
23067
6905
17048
8551
25974
11487
24842
2165
11436
13871
25595
22979
23127
1748
15325
15499
25065
9632
11363
27275
64
13232
11240
12220
21680
26328
19940
529
404
969
7223
27283
1686
