12881
27017
15776
24872
15965
20059
2635
26060
4131
2944
16912
16542
21252
19617
10247
3102
7696
23553
5678
15333
20250
22749
17580
26549
7298
12062
13275
23030
21228
9338
3370
23584
3287
15101
27067
26775
4638
25776
22605
20376
11389
13027
7480
16901
1254
4040
19454
9332
15025
16415
25898
20360
15682
7408
2425
7842
2655
21028
6855
14657
719
5470
13438
16052
18508
23504
18802
5627
10764
18789
26060
16886
9685
26007
18432
16433
21801
21320
4035
2184
17984
3735
6246
6094
5449
11683
4865
4665
8698
20552
25287
19314
7444
13945
18666
11929
15248
1131
24887
27047
12807
4546
20846
24270
14276
18221
9440
2642
15929
8980
2881
10045
26909
7313
1485
15298
21668
11952
27500
25485
18914
1046
221
14438
20014
3274
9707
672
10754
6909
21066
6799
10837
18962
14866
24331
2124
23422
26185
16825
20210
24316
22923
20910
4501
16431
24131
20510
3013
23151
11436
10672
24281
7244
26561
16659
13241
15390
2329
5889
2994
26817
11049
1467
10510
16634
17798
21443
4738
17143
11455
22772
15984
26257
25499
19589
2488
6786
27214
9155
23676
16370
11176
7492
19619
5166
13833
24726
12309
18565
16782
7536
9570
11240
20481
13328
3727
13315
23768
447
24604
18216
19350
3562
2983
4664
18906
6488
23944
7800
11063
6031
21130
8968
6426
8345
23237
23486
2170
24153
17347
24256
24499
7348
10987
4216
26885
24320
17415
18712
24412
25712
23510
23733
6392
3149
25913
23956
21663
25726
24239
7662
16220
16479
23282
23073
12327
20339
19106
14591
24670
2184
6531
23503
12583
21551
20771
21384
10862
4276
1042
7316
8161
9469
4570
1654
10885
15354
3472
987
19454
20531
7037
19194
815
15840
3753
5994
776
505
13147
14980
11998
7468
25248
23146
24415
1714
13050
4932
20996
23828
18588
6391
8884
14482
13101
7190
6938
24771
10608
23845
15627
16591
8558
1360
19730
666
18266
23778
9286
20519
19949
8994
3763
21549
12439
18432
24947
23831
1581
10861
19219
10081
3187
21192
13339
12555
4270
6491
13149
17330
11057
11847
7546
8065
22154
23728
9934
15810
15042
2380
21170
23812
25974
14559
946
18771
26831
1742
7025
9587
25660
1525
2071
27191
22018
25214
4845
8066
394
2496
3974
24031
22449
13709
4742
21270
14452
5902
5909
16826
26428
17124
9849
7127
18458
4803
16819
10838
11295
20773
10405
5922
10379
24504
27289
20640
19216
14434
18554
26827
23134
6965
14173
11529
16981
6918
11743
27071
25240
19980
6859
7185
7536
4758
23522
4687
26766
4357
11582
11933
12258
5224
13753
17523
6931
17503
1822
7484
23616
12180
7218
10987
17178
22708
14161
21256
19025
11415
4704
1161
13526
6367
14001
4580
14700
18306
1590
14178
13096
24846
21553
10293
15866
1519
5916
9113
1664
2033
24716
4542
14249
23199
12237
9663
14744
22382
767
14995
2922
15489
22116
8043
9644
14634
27283
16190
5182
5844
22894
26354
24316
21534
26966
19089
19441
26321
14317
1859
25006
220
5168
1798
10047
9558
4104
11398
17432
6293
10452
5519
23775
8479
5056
25378
536
14729
25305
6686
6715
7425
9733
16260
18053
27179
26873
9695
21292
11337
20276
5561
9271
17763
18149
21726
25576
4433
9315
22094
20500
311
11297
25138
21252
20588
12315
26008
6327
4402
8439
23575
3637
14552
9355
17856
12503
15810
20021
11835
11104
26683
23375
23571
1495
15732
8075
8446
15257
4429
5447
11109
16015
27500
2648
13075
1576
23836
16098
6673
18520
19103
4823
7300
24970
23321
1778
16478
10171
16700
16863
11197
19393
13604
4312
8878
1935
1376
24316
27211
1285
5191
6352
18056
3065
23522
24439
11817
7861
392
11654
13478
22458
8693
9649
14633
1720
5527
12758
7052
6835
17146
18721
8424
18080
25609
27315
27316
20254
2111
7295
12725
8223
20548
25102
23822
20418
21452
1942
22307
25466
979
5770
19613
14506
15891
26547
19505
24268
24452
4276
7288
24526
5145
2925
22132
6093
9961
10457
23286
1184
10554
22891
7431
12418
12736
12827
7405
11605
67
4256
12083
4846
3103
23714
6112
17374
22048
14573
4096
18840
5678
3258
27501
26268
9917
7744
23601
27384
13338
25767
9671
2839
8384
21393
17431
10802
18297
24595
7790
13829
5511
66
17161
4490
20267
9543
23782
26409
7534
25102
9652
17287
7014
14349
20715
4292
24240
27473
12072
6760
6044
16178
18054
21421
6180
10901
4065
12443
6366
17830
14027
14604
2443
10047
11919
18143
7152
1689
4381
16572
24316
12064
9512
20423
477
22769
17630
13028
4424
6681
16466
3106
11165
21434
5702
26216
7248
6538
27445
24279
26085
13666
9468
11435
19602
26134
8811
19195
3967
2409
8235
16389
14334
24272
6011
12533
1802
15690
16870
17353
18292
23199
1944
965
24908
23715
2159
10670
23034
21468
1204
12324
2908
6942
18838
23608
25149
10634
21755
17342
22691
4358
10650
8399
12025
22341
18327
22315
22286
7716
24563
19414
3254
18153
9242
22107
1742
1208
8038
19042
8709
20350
9229
1746
6088
22347
7173
8338
9292
21048
15978
485
4075
15326
20997
6921
26529
24543
16111
2344
4410
872
11529
25090
6820
9988
16282
25045
15088
18692
16256
4597
20536
10856
17240
11919
15798
5011
25474
22740
22620
20486
5731
26001
3889
22321
15086
15815
18983
21487
7561
4162
7445
19167
1068
27412
6297
17073
13678
26602
26488
16787
8347
12178
4046
22230
16601
6349
15320
23081
803
9383
11901
21296
19880
18497
19382
24463
9079
19273
20699
25408
22250
21176
3740
21447
16093
1961
601
7811
23436
11144
2054
27510
4480
23844
4018
21160
7842
20948
9370
12121
237
1033
6065
9605
25537
20128
4181
11678
18455
15086
14509
9155
12398
18914
5501
23374
18104
10057
17084
13427
17554
20964
15039
22321
16894
19113
23856
3817
374
11515
20771
27293
25103
10903
20510
4515
16393
16598
9514
3642
12652
3407
18973
7205
23779
17422
26715
12538
26246
23661
14153
2408
14590
18954
7880
7771
23812
10737
2869
22320
4759
10808
21066
11196
19767
2834
4581
7212
14652
3336
1395
3157
13837
17494
18792
24863
5213
5584
24111
26442
16420
11208
22192
14532
25689
3033
24223
2518
27507
21759
5428
3272
3369
20916
27187
1725
2982
