1114
3329
19124
9989
6670
15847
11223
11678
23431
23868
2343
1547
16806
1247
25743
11364
3800
5206
23064
2892
9033
19078
22902
8212
2435
13146
25985
10073
8373
5368
26610
9310
19863
9832
10662
4162
19195
23304
26584
13963
5096
22452
6938
15250
10133
18554
1957
23135
10681
25521
13469
18790
15397
21631
17267
9740
6467
24363
24402
16043
22038
15511
5637
9437
8757
16419
9751
2811
13734
18776
137
19343
21054
7357
9322
9603
17518
21121
9923
22513
19086
5247
10167
13281
10178
26184
10955
10173
20379
17756
6117
20272
6696
23207
21792
4023
25502
16773
6384
24501
21312
14923
12739
12312
4100
13354
10803
3910
11991
21084
23513
27496
7643
23221
6017
21976
12119
620
25152
16669
24719
18753
17173
27213
3858
15806
17597
18219
19890
17988
1277
17883
21437
22335
9961
17479
2237
1754
22741
15866
1705
20731
12349
5630
8237
25440
11022
17268
24008
27141
5383
4905
6978
16080
6667
5482
9294
12877
14482
19596
25769
18245
22016
20463
12088
8448
7639
26658
6927
3071
24846
19719
19307
7514
27335
23546
11049
15170
19917
25250
25770
763
17508
15486
26447
1622
11741
10730
19356
99
2966
717
7739
26482
6046
13693
22616
1410
2474
1706
2372
7776
26181
14620
6647
19069
27521
20314
22782
26448
6076
17553
19245
25396
15036
19902
13723
23808
4279
8604
1679
5789
22300
24574
3235
6285
1482
10773
6403
12103
30
3191
23916
10122
9237
17911
8266
11934
9151
15947
6416
496
15561
12388
271
5229
9994
21462
18219
8216
495
1586
1214
11240
17670
9643
5652
14954
22026
15466
21678
2030
11123
6563
14008
5166
24813
17779
188
23242
4560
2742
15112
18528
10071
20994
11418
18695
7685
6390
11735
4876
21469
18302
8057
19936
14552
25247
21538
7563
17935
14489
17012
24422
24256
1784
6537
7607
11679
2724
2800
27128
7665
25273
281
11939
8430
24426
3857
7358
22179
18333
3624
24446
12512
24411
13218
23683
5057
27361
6231
3604
9074
2799
198
9681
199
12099
27109
21751
23205
4956
993
26749
25744
22483
3059
16033
11551
16548
16421
5021
27286
6910
16728
26643
3744
1589
22549
170
23324
17674
7343
10299
10881
12141
26347
541
8862
5795
13917
24188
1334
438
7180
2595
17274
15721
17878
2401
8534
24038
18768
22528
10733
20743
153
6088
12143
6109
3940
6186
24307
22932
16677
3405
17778
16241
13630
6858
9768
16436
27140
24230
74
9754
20675
6660
1375
3709
17863
20925
4807
23814
24799
4939
3373
17686
24743
14943
23035
23309
197
2442
27561
12036
5005
7754
1289
3838
12681
23431
7733
22222
20312
11361
9157
25334
1988
12589
24646
13118
17061
13827
17781
7317
18538
688
15077
7232
25086
26206
4738
12089
21711
20185
23569
4569
13321
554
8024
574
11128
17652
930
11623
26373
22773
8444
26553
7443
12504
6765
15735
2999
19623
21319
9895
21090
5113
5927
7248
10167
20383
26777
26350
12903
23768
5801
11791
5095
4336
27402
18158
8613
2893
16197
19903
17161
26032
8973
9401
10127
22094
17936
10417
6728
3796
25165
5033
5017
1226
10809
13388
4985
1860
19035
1768
7224
21215
16587
15235
11972
11838
9944
18515
7042
22285
12837
1912
24653
16829
21749
16472
9825
15479
11111
7728
25383
9198
24057
9248
2497
23320
6733
25683
12278
2314
12234
21610
6233
16056
12569
20035
997
6314
1084
27079
3449
25206
4244
5633
4293
17689
10217
2787
26804
12852
16634
9036
8902
11587
15384
11601
22485
10245
4989
11637
2750
20633
8897
2942
1204
7790
19174
10522
430
15731
4101
19647
19325
9340
19570
6940
4509
13965
20971
14482
4593
18055
16635
11709
12358
2515
5527
10098
24364
4426
10677
18724
21027
10168
986
25391
18717
20035
4713
14790
417
24897
8090
25223
17160
507
24312
14664
8081
23233
5277
26345
16577
1819
18046
6751
25618
10231
26079
14492
7048
11195
26916
19601
1094
12944
5069
19302
7840
23034
11765
10309
7552
8248
22647
15341
4174
26794
12855
2314
12247
1426
24620
10732
15789
20700
15944
9354
19532
3564
22058
11388
20874
8711
25372
27304
23271
9613
17833
15437
10310
14715
588
17508
22489
16079
3082
476
4255
14787
23423
453
16415
2966
10693
23430
26798
17571
16585
6143
17640
18739
16303
12081
2116
25368
21660
10563
935
18956
23757
18462
10780
23478
11849
25638
26386
16863
17030
17714
10717
23986
6883
23128
2158
14928
22645
19510
14235
8945
14192
7752
7577
18155
8569
16963
15076
7220
7924
10359
18274
21406
17376
6325
8014
934
15084
1065
2422
25411
9427
791
12057
3803
21624
20624
15572
9859
22539
4119
25550
26486
1305
8156
12489
26988
3439
3054
11795
4008
14967
26746
26504
17471
9348
538
18045
26460
26350
5532
8370
19879
6053
9646
21588
2734
3019
18267
23450
15480
9184
17334
13751
25015
8502
10131
26922
23918
12832
4358
18462
11425
17728
5556
11712
14627
16076
4337
5947
27205
24528
24786
6911
3046
27488
1702
12459
25697
23474
24719
11223
23936
8145
18606
2076
4587
11534
12345
17124
25413
21876
8497
2485
18629
2463
7253
15857
25155
16933
9400
16819
7857
1262
6073
17308
26405
9621
26685
16899
10478
17471
17365
17772
13728
26264
18599
13638
26240
14379
26444
10555
4989
4534
12358
15900
18358
26566
10476
4334
5926
10191
11733
18538
13220
12560
6533
19507
21957
7560
2241
12786
10785
24387
6089
7216
15173
16993
11127
11209
6420
2649
25893
14188
26298
2088
12206
19245
2819
4618
14008
24550
24257
9211
2638
3601
465
17966
12179
12614
24239
1764
17257
9769
13502
11708
26219
15808
5697
7707
3795
2781
13799
17092
15627
14895
24106
27407
24066
9036
3424
18217
2717
25008
24040
10778
11398
3265
24994
13594
19604
5745
12974
22477
5931
2192
5321
2076
26357
26187
14634
16556
16965
26104
16262
11472
21251
11647
19761
12040
10409
24530
2607
6290
17597
22956
15446
24947
18940
17595
25378
8573
19107
24076
18326
20207
2484
26165
1008
3818
239
1523
19187
20978
22073
21529
24450
20258
3747
101
9414
1837
9324
5002
4336
16651
14760
13133
27024
111
13425
23101
10578
10484
17809
9819
4285
11149
10618
10785
8070
1436
9580
