6261
7341
27423
4212
7744
7035
7090
17320
1307
5066
8381
9116
17930
8584
23978
12941
7974
25200
5763
15140
7391
12249
6032
5463
14985
6597
13486
23883
25473
512
1768
25536
21860
8478
23157
507
5500
21781
17346
26531
24492
4432
26941
20204
2830
13974
27207
1883
15308
12686
12875
27145
4511
2791
8279
9771
11092
23132
2736
1518
16078
1669
24422
3005
10277
10898
11778
16269
22015
12692
5558
13945
12819
1778
18463
15478
17637
11157
1425
2524
11831
16538
2753
5014
13071
1306
12117
8676
10793
25829
15097
23984
11924
10309
4206
5935
15008
23294
15974
27540
11663
5658
21920
14721
16418
7799
16937
5563
22463
11574
6512
8931
16368
6422
19373
11746
20256
1204
45
3684
15602
9201
8293
23597
23116
26865
2424
10632
15795
16878
24242
7501
13270
6040
25709
783
9806
8702
13118
17402
4863
385
24731
5381
20170
4932
7080
1828
5113
19740
22304
19515
2319
15289
25711
16624
10151
1389
19286
20133
24070
15606
1959
14888
22675
10292
12225
22637
21774
23836
1126
14199
4371
25312
14701
24685
24226
23449
25774
23638
23321
6716
5799
21997
1074
7651
6163
3457
7014
11447
6390
23238
17783
79
25397
9832
10263
21858
4057
3209
20225
14102
23185
1563
16103
6373
22923
2051
18848
12752
21551
26094
25243
9577
4376
26360
8565
16912
23523
15998
11784
16406
23182
14110
5954
10070
26051
3020
20352
15363
17652
2728
12216
21339
3039
12770
21649
18332
21053
27085
23671
11531
22624
25817
2945
19962
22520
6628
25308
12399
2195
23474
11086
7625
17860
23354
18767
6651
25083
3956
27517
9961
12293
15594
1957
24452
7014
8472
11947
20590
9227
21594
716
8180
25352
22755
10985
20083
15512
16937
23462
26169
3732
6924
11500
26749
11736
25309
6621
17590
5851
17466
11329
8539
13483
12602
12345
7740
21548
16758
27553
12779
1867
14419
10793
7872
16905
14489
19055
10320
20315
18293
17278
9012
25633
8007
7296
4916
17077
23865
20097
6476
27486
23456
15445
10904
792
1910
606
24978
7588
4855
5529
7145
14089
21461
12543
21906
748
15304
15059
3421
5835
27311
12539
18152
11939
6834
25384
5872
16139
3327
7158
25289
25710
7320
19310
27327
26268
13128
22190
2797
11487
15303
5617
21534
10644
14805
12987
23039
4507
10834
5876
9862
21863
7008
15912
12456
22444
6299
1350
26603
24274
10902
23395
1599
12173
12391
811
13160
26633
21106
21466
11011
15307
6802
18333
25902
368
4222
10142
6495
15636
2014
18013
8537
6288
13957
4311
26782
13617
5330
23789
11316
11613
2832
4109
27367
7341
12095
25982
16216
14857
20273
8407
2262
16401
19965
13453
1712
2388
13789
22302
4195
10114
20103
14524
25529
11264
18996
14884
16894
23789
21581
17819
12431
2186
3494
13491
18081
11479
8980
7432
16349
13887
2869
2339
23648
4905
3871
26561
22740
27424
11567
13231
15386
8379
27536
6625
16143
25208
473
19489
13897
6053
3578
21979
1798
11968
14252
4938
15648
7783
16534
10798
8898
8561
352
20818
7360
22372
6269
16484
24062
8734
19824
8729
24263
11441
10117
14768
15547
26479
1986
21950
27341
4942
4437
8840
22048
14790
708
25938
17609
6011
22553
11079
26315
8328
25162
26644
17857
17299
22149
13582
19538
19102
1550
15658
16244
13713
3836
22641
6634
923
11297
15661
19116
13907
11848
9036
21217
6997
348
2909
26837
549
1813
706
6170
11724
15709
25559
14548
5236
22418
270
6739
7699
25238
25373
1882
27347
11435
25675
26617
15777
14513
26272
4905
2490
6602
23718
21199
23490
23346
167
14705
13452
18707
10509
20380
18665
15426
21669
8294
12449
12771
9291
9915
2528
1837
7183
12586
6124
21500
24561
9144
15584
10414
16471
17714
8020
23181
7132
16008
13262
20726
14674
24037
5772
16438
13013
2747
2827
19144
4138
2606
12782
8009
8710
12069
20586
13906
17271
22840
9014
12571
1885
20113
25044
8818
21380
347
1845
16761
17550
15635
8060
5613
18445
16017
1342
15473
22681
27399
5409
13035
144
4013
16410
4872
12508
15245
11040
19460
4690
552
9880
8466
22101
4879
14455
10626
4767
2561
19912
6261
7553
22229
23184
1493
20515
16500
1542
14749
26701
16712
16074
23664
18545
19234
157
24653
6307
4406
9675
18097
23831
8206
4533
24568
14704
26529
17832
9750
741
3800
22430
4235
23748
12742
4160
6610
16838
12822
6638
549
6503
27024
12955
13887
9264
12682
21821
19187
26631
5443
10257
8561
26630
12414
8409
6199
1253
13268
755
13564
10727
6546
3643
8787
717
4974
21931
9821
8656
7149
622
19188
3024
19344
4420
10953
14610
19399
16859
2596
4737
8452
6494
12295
19571
23467
10742
12860
16453
20563
19423
4433
7816
9340
20799
7292
14360
304
16389
17125
6270
11604
9256
15559
9385
446
3209
14879
4406
3209
1177
14052
4967
7348
17125
5745
25495
21309
24861
6677
8667
886
14329
11522
15384
22682
23653
5471
18682
19318
27529
26113
23396
20103
4213
1970
2829
25185
823
17149
9351
25347
17302
4247
21296
15923
26738
5610
3887
6003
8398
16223
11858
8716
27499
13194
2476
23529
7187
21992
6665
15827
536
2164
24707
24822
22181
434
4562
24756
24004
24095
4463
70
26364
13459
538
22362
12407
25871
8820
11911
20971
25171
10854
13662
25499
14071
15461
5682
11997
24289
15102
12716
23654
25687
330
15818
13138
21065
6283
7055
1356
26429
26632
22975
4302
15650
2574
380
12105
23380
20079
24740
3641
19240
3590
22238
19610
17997
22653
16682
18432
16090
20837
2367
27358
3528
4402
10429
25794
20896
9615
19912
6476
12223
18143
11815
2260
5085
2982
16716
26361
20182
24492
18574
11508
27510
20442
11060
4865
19032
20785
19769
19465
9058
18617
281
9441
12925
16341
14708
8697
11537
9360
2226
7067
2784
8285
6386
15548
4439
14727
5080
10323
4842
24614
13312
1358
6406
7732
14268
16018
3229
25373
7410
413
13548
9772
17372
4125
16162
27433
15812
2379
26700
25738
23292
26345
4615
3272
20238
22409
12578
24029
16172
14456
8041
4248
24612
12297
23220
16731
24635
22771
16419
17353
18555
19520
24178
10031
24675
7220
8875
25486
7921
14106
10896
536
16896
7314
24106
