2054
6046
1141
12689
24690
11920
477
13951
23555
6850
14974
22072
10857
3468
7024
2276
2806
11193
3774
17549
11338
1620
493
23211
16728
17739
7734
13707
5974
3297
24090
9309
10877
18674
21756
15530
11557
12973
24935
12791
12065
1829
24482
15759
14900
14592
18039
12089
5370
14958
1185
4773
13021
10735
22010
9197
3946
5211
26240
597
14303
17637
12758
26624
17948
154
24417
18678
21007
5458
1673
19365
5457
22667
16540
24805
16182
21538
22602
20898
7314
14310
3567
8551
7495
5298
11116
5928
24130
13518
11620
2476
3994
4648
21644
13231
7920
22194
24184
9684
26053
17266
21671
362
25743
10891
23128
26311
12196
1973
25518
967
15824
24762
15570
17460
1735
23478
23894
19423
20474
1212
17508
15104
1493
13038
19621
23962
16327
16107
24542
1634
8513
8805
7954
26601
20420
15099
7915
498
4188
973
27273
12442
21354
24853
12575
11082
11268
473
25688
10916
7700
16455
21299
20578
7732
3751
13082
18058
25071
26469
6396
890
8755
6772
1603
3013
12921
13028
10893
22916
13809
153
6134
18145
17826
9913
20222
27298
9326
18492
2604
1481
13534
23910
21635
19084
19861
17378
16339
10233
7768
20243
3629
18786
16862
23248
26635
13042
1704
8441
21952
2586
9523
16240
22187
9663
8189
9461
10741
3759
10958
991
13772
15890
18675
24810
17168
19240
2180
10129
24112
2353
5191
5136
11246
14566
7468
9467
8622
13953
18612
15665
14423
6008
2828
10710
24550
11661
3739
10607
24495
14099
24540
19259
26271
26813
6510
18420
24085
8519
9758
251
10812
22758
1290
726
3634
9558
7448
10701
11477
1957
160
15409
14275
24623
4970
26212
26071
3685
274
9878
16955
24388
1621
20015
26540
22165
5632
10972
11878
24903
23423
10285
10256
14665
14987
21112
666
1270
13602
6679
7322
14307
6403
3744
2928
16302
18804
5394
3568
10069
20884
8619
19944
6285
26529
23692
16160
12412
10106
26278
10012
11374
17866
518
8933
18412
8872
2437
11176
6712
3172
16175
27268
5140
16637
10084
12533
16822
13235
25522
18397
25542
2974
24877
26511
6142
21679
4360
3057
8377
13813
14317
4743
11191
13080
15162
4507
20695
25399
17199
4908
25468
16726
18267
8763
7486
9772
7987
21655
40
11836
13116
25380
17983
11662
27051
11069
11642
15635
24123
3044
24457
15238
414
11518
4214
3547
27387
20954
14510
22831
25091
19618
3795
19438
17114
19286
27333
15660
19749
17208
26106
8631
17318
568
8707
16942
7738
9380
18349
8666
13320
20866
24796
8966
3709
21553
19788
16520
20208
20808
22617
10372
25101
6246
23523
26890
23308
5631
23635
25929
6905
21047
978
2969
367
16615
21431
14753
12723
6758
25012
8534
24121
16238
24042
16357
4739
22742
25480
17415
19474
25065
2370
5798
19287
18624
12635
8492
6432
23380
3993
13744
15428
6441
23072
19860
21488
3323
23188
20955
2121
15529
4564
23884
13067
24030
50
27390
11711
10139
3249
1770
13079
12866
11358
10261
2070
19931
3118
3217
21938
11882
12501
10495
19340
2235
15211
9642
123
24541
17957
24949
25507
13608
17815
15758
2111
14279
2369
14
5620
24031
22545
8704
4216
25834
4659
17522
19100
19296
19134
27530
25918
18520
19208
218
7913
15798
4253
23645
25829
18045
8217
12327
4803
25594
13108
2523
20403
463
20390
1905
12821
25945
7345
15695
8494
20043
1268
26902
11303
5124
12642
4588
11821
12741
6945
5536
17323
26931
12506
19310
1268
3578
25376
17472
21440
24735
9940
16899
1593
2157
7555
16044
3941
3579
5169
21119
24960
22564
21192
24795
5361
24494
17393
20311
25085
20032
23323
26625
14272
6496
27031
22967
24677
3284
16546
19913
17973
4402
25863
27307
21963
16933
9357
20771
13231
7184
16042
18086
8302
25079
3861
2810
2090
24635
22411
22339
882
5300
9580
7109
2333
4431
1229
8840
3824
25690
11035
23372
19138
27517
842
22676
1670
18642
26453
18980
18211
1467
25697
550
10085
20187
8476
19519
6305
5469
2909
24935
17001
1192
8176
14677
6551
7136
17025
22669
4842
2904
10365
23163
15315
8219
7807
13683
14179
1847
26808
8640
6035
4661
25660
27532
9
16798
1175
7575
11577
6461
9844
6743
4508
16124
25175
21693
6906
1001
7181
18936
24612
3346
17639
16063
7071
14845
831
14404
21553
1397
9790
16487
7959
23298
14635
20096
2753
10437
20220
5167
18847
24144
14784
10073
18508
15063
16752
167
11553
20687
14644
23290
10818
22024
26443
27308
21627
22212
24759
13035
1439
24582
4248
15984
1832
4905
5782
15286
17672
26872
17828
23449
21062
25758
9218
1541
17961
13420
10763
17477
6904
2450
26141
24833
10738
3150
27458
20489
7145
109
26189
26884
21065
5241
22707
11928
3896
18271
6224
2826
16135
2610
3333
25273
23718
4017
10866
27363
15476
20987
17629
10111
25328
1066
6280
22400
10152
23351
8411
20432
22060
19060
2756
16996
640
23968
17333
9391
24344
19535
15742
23261
14238
15775
12001
23690
699
5527
12263
1922
8082
5611
26906
11422
22129
27105
3506
12141
25287
12276
2350
3707
15808
4721
15341
11852
4465
16302
18372
16185
15637
4668
25785
21990
5161
9853
23321
2485
13129
20428
23628
25062
9572
16797
22671
135
9242
5399
3370
9124
21466
3984
17799
6309
15745
12688
26654
3393
22458
3994
2217
9958
3266
482
25052
19297
9481
24990
729
22594
24553
27233
4432
14655
9748
10941
7861
18776
3732
23245
189
22083
22433
17620
6482
20205
5270
17919
25669
4446
1656
16223
25006
14461
27435
8324
3072
27271
1848
19522
10634
3361
9330
15466
18377
22581
5456
4196
6585
2408
15131
12987
20017
2676
23895
14258
24417
4114
15792
14628
287
6426
20414
15497
4593
19881
9001
5393
24741
3238
22248
21422
12864
11764
8934
19262
11613
16478
20556
14642
9506
17060
4161
10384
6295
4619
24544
13207
13522
15931
13489
5961
111
22341
18865
18152
13608
330
13538
4730
205
4353
10828
10804
9799
13426
11604
15101
23389
13869
6810
22530
27248
6880
3179
2747
10861
5442
12985
2814
7716
6230
5428
18827
3279
13588
26954
1383
934
23078
6265
13318
17191
8972
25011
21867
19295
4478
18835
11970
1140
12456
23395
23663
13943
