1882
12069
17059
3052
22025
20662
15399
16299
25501
4056
7661
21440
20172
17079
12899
13332
22659
2073
6463
4193
4989
21619
24762
14170
13804
12241
27016
14166
10730
13178
7856
23286
10414
10122
12446
12929
24519
6262
2866
27523
18703
18976
6089
18336
18526
307
9699
20869
13262
14056
18359
287
17507
20369
25880
25938
27161
10227
6182
13270
12336
14542
6793
9317
15038
16065
18777
19101
15162
10947
8978
25906
5048
7811
12710
11418
1443
17679
9439
23096
25634
11859
19109
13395
25333
20669
10847
17181
11984
18350
21356
24653
14914
24452
20520
27266
4325
11388
20068
1703
13040
23346
15049
7938
8992
17750
2575
21946
8522
1678
351
20267
2109
9635
21967
25048
7465
302
18787
4067
21772
15721
12265
8080
25263
12696
6160
11507
3167
79
22730
25659
14087
14371
3186
1572
12578
24831
25946
1101
12054
27159
26176
16996
9051
20920
7762
13382
21522
19570
14231
23265
11679
4668
6380
7182
4364
27512
25379
19416
27188
23008
17440
13108
3278
19422
2557
24392
19896
8948
21467
19246
26231
22843
1173
26347
23099
15514
13161
24299
3195
10880
26322
8310
3009
21453
8026
26596
11804
25558
20394
9502
1124
271
3467
20618
847
16408
1754
13909
3300
5527
676
18142
10008
6808
12580
16994
18657
2473
26359
8394
17995
2795
17459
10921
2836
12832
7062
10116
5821
18184
23256
19932
23014
20053
471
17362
18580
17917
15294
25528
10229
895
15138
1159
3404
22859
19929
4006
12121
18562
17276
16223
6886
20711
15162
8070
24263
16922
4859
21850
26458
21135
26714
14306
1752
25988
25972
26570
20065
1569
9720
8376
2929
395
11689
5121
17973
10613
5728
9934
21823
6980
389
9059
1992
7413
21832
17000
4278
16317
2772
11859
25863
9542
13413
17658
2539
7155
7824
19488
8378
6737
22046
11500
15122
1408
11536
8898
5244
25964
4336
7536
24436
10437
6609
3695
17848
16139
7786
9355
17073
13068
3253
23505
11512
3071
13670
13445
19283
17993
393
19800
11849
2323
11830
9757
11928
9336
24493
17715
16090
2724
518
2839
5572
8640
20944
2688
8509
25496
26810
21266
23932
13514
12776
719
17773
20136
3139
18166
12606
9469
27406
14
24932
7175
16453
9536
10187
18230
18721
10894
24864
16367
7984
6348
26501
13750
3824
12082
10052
19427
13208
12044
21610
15001
8638
8916
14079
9191
1965
11844
23010
12112
8127
2019
2574
16900
8078
22333
8238
13977
1853
300
6228
18623
1358
5212
15072
14291
16130
5727
10091
18857
8708
23718
18230
20654
25229
11388
19728
8893
965
20786
6825
9067
4435
22396
11911
22320
847
6963
25910
27110
3533
27303
14849
2375
4074
16476
391
22676
5372
18058
4595
7338
5576
19839
24756
5615
2770
1327
15837
14160
20573
9903
7045
12570
25516
23699
3039
22073
9082
19964
26859
17676
19367
3685
9818
785
18393
15276
11172
13076
23062
7988
27460
13871
2397
23268
2287
311
6639
16590
5113
11679
16570
15981
6914
8763
16393
25707
21235
11340
18157
14951
10620
8597
5727
12462
2396
14783
5755
13215
1460
4128
26938
5457
878
6059
19467
27250
23155
18313
3030
20552
732
23699
23191
1090
21250
212
12685
9771
20231
7305
22886
882
23867
8926
3894
21208
1705
1585
6325
8076
18804
24402
2968
7698
18170
20276
6587
15767
9119
10567
3851
7359
11176
1227
15475
20287
15039
12050
6413
5554
13169
7060
11189
3216
26830
24594
27341
15535
14405
6800
23006
10707
25219
438
21196
11390
5645
2405
14574
18112
23568
25094
5822
6387
1424
22961
11854
23769
18031
1405
14209
8682
4773
6308
17495
15869
22029
21835
23674
2143
10460
12353
26176
3338
4352
21904
22958
10967
9125
4723
18086
618
16220
12049
5736
19018
6752
18364
5057
22544
23584
17866
25797
27092
15147
8395
26889
25893
23331
24695
345
19409
17384
14364
9979
17949
938
11186
6662
26004
22196
3349
16051
7408
25679
25151
15353
2262
1305
20907
6930
6333
9476
12438
2536
3211
24858
17700
4747
9657
11639
7212
16597
18157
23101
26931
3798
8734
18857
5110
20765
2228
18736
3905
20160
2968
21473
16233
22343
4595
17602
5057
2404
3827
15389
8216
13479
11254
2374
18187
3274
23348
20573
20317
26531
24570
1389
22336
22958
10609
8590
15635
3750
22103
2958
21911
16567
22544
12012
6949
17520
522
6426
25863
13595
22935
19522
9787
9673
5250
26865
19021
1301
3683
18840
20429
25854
4489
2584
3736
3776
7729
5206
20316
20946
11606
26897
7555
11263
23766
2396
16648
11428
4196
6410
11932
25672
14656
25769
13863
2769
2319
14731
25205
26514
350
11801
11971
20547
23470
3849
12891
10120
24841
307
24399
11877
23713
26148
8954
3691
15601
23450
21873
18884
21106
13176
518
22518
6385
24602
187
18387
14264
13630
7149
22662
26529
21338
2598
15774
8451
5512
10901
27145
16908
16434
6651
7544
10864
15326
15157
520
18916
11202
27530
14958
15244
17171
11048
23373
23581
3977
8316
8595
13848
23862
16934
25961
10492
24232
12331
25304
18045
16213
18653
9035
17295
18635
5475
25801
24761
21935
20405
21451
5542
4108
20992
14344
24789
18831
18047
5554
21598
27249
25441
18062
19410
6324
15810
1739
20590
12710
11839
13155
11471
7241
2622
81
16011
23874
17867
16975
20781
3438
6537
5375
6160
13728
6390
3425
3288
23711
22705
17966
20659
5660
24584
14962
19236
6143
9586
26171
15114
23304
9743
24956
23287
13830
10792
17170
24798
19415
16373
10977
14341
4032
12336
4226
20890
13656
26179
17154
17916
7548
2811
25940
15381
21051
17947
9923
10191
10597
25025
15041
16635
13736
20598
11913
20320
17693
11078
401
13835
17146
25257
22785
8255
14799
11570
21247
2395
5477
4181
2473
24618
15604
17957
14640
8354
11780
12648
6488
21452
20277
25437
10789
22154
24451
6484
4800
3
13499
3947
11350
2871
11391
26363
9258
16646
21181
5020
9612
7891
16478
10029
22210
2539
3863
23037
25858
4788
17604
20495
13925
14079
11056
3391
503
24032
6063
24769
21889
10902
19774
21925
11339
2519
1396
4504
11296
7734
17500
4908
26562
17199
26253
25177
3810
23428
14514
27015
13083
3283
17820
6615
21242
14391
4844
4741
9223
7732
