25857
1186
21024
11387
18239
5595
2716
27040
16956
4674
24471
22272
27128
1319
448
25005
2816
2059
14273
17445
17692
10127
26736
8874
9976
8298
3906
8960
14078
5765
27046
23298
2301
2414
8450
18342
14951
7005
25150
6063
6859
15537
11012
5301
13259
23145
13553
4369
5585
22515
10078
63
19302
9572
20096
17500
434
22003
21818
5359
25325
21796
15583
25728
12483
18186
7250
1348
23166
8840
784
4971
5760
5123
313
24210
8760
1839
1252
7433
20108
4315
9978
8840
4252
23930
16953
10102
18793
19431
12680
17577
9069
10861
21540
14922
19317
6924
15897
3178
11310
12442
6027
17647
19594
883
19427
5847
9023
11226
17564
13132
23815
19582
19214
14705
16625
4367
2834
14507
9435
15127
18143
9151
15723
5334
612
5977
6318
16380
23683
438
8843
20814
14867
13752
12629
16485
7419
424
7598
4274
12639
15213
14219
10090
25422
20571
17182
11316
5069
10034
9265
21882
18029
6491
6537
11677
23724
5765
20309
8776
20396
12859
14722
20149
4639
2704
13974
15353
4074
24507
26659
8130
26015
19171
8472
4684
24707
2343
6761
10880
10646
1836
4398
8121
17831
9673
9018
5610
27481
24541
22109
6295
24451
6798
8736
26463
12114
22102
25070
4751
6902
15991
8763
18549
1240
8116
18319
15832
22646
2297
16880
16152
4971
20519
17563
7868
16235
15825
7054
12505
25152
26408
25281
10700
15462
17758
17752
12319
11228
3097
1507
14087
11146
13128
8932
18301
14190
23147
15880
4172
25275
1668
6357
8960
3838
6614
2958
25683
20029
23898
26327
10129
23939
19076
18442
12356
26010
24338
3481
12215
8951
18153
22052
15014
18429
16858
2473
4599
17828
20671
9102
8342
18102
17837
20411
1372
9681
3984
24750
22576
7478
24556
26786
21463
6816
2077
17938
5392
10042
18359
440
31
24539
14730
10019
23501
15845
25334
19328
12742
22837
16263
8003
4541
958
10029
21986
11836
11403
25021
6563
1125
18000
25862
13602
7388
17033
578
13106
15567
9088
24079
22285
25786
14101
6945
21385
22466
12817
4709
9715
3066
12458
25225
12241
25505
3843
8479
1551
18747
16202
22474
18790
20559
12819
16688
25269
15272
13672
14123
7577
3563
25850
6394
4108
2481
24820
11209
14584
16416
6675
17705
25223
10699
17750
5903
16810
24717
4510
24654
10885
24508
335
3903
7167
27052
24925
13047
17588
23208
18301
25011
7256
26308
3288
15228
26269
892
10961
8890
27300
4346
26445
10667
13037
19177
10349
7661
16802
18261
21590
18499
19386
4287
3810
10592
23823
17071
8910
24475
9447
571
4396
18303
1863
1446
20294
10446
549
2362
9695
10675
19901
13056
18050
8194
26449
3990
19688
14485
21807
20584
14787
6340
5298
24203
11669
8653
375
10661
7220
22934
25877
11196
20293
25396
11883
18153
7019
9272
6876
9106
9331
24412
25139
18289
18252
11612
26828
1159
2276
27087
20807
9655
25592
11955
26415
26580
6059
6950
452
26637
18133
16563
126
4326
1094
21780
22073
2061
4268
18224
19862
19628
1813
16639
13468
20910
27469
3852
6661
4614
495
6083
24344
10646
18231
6050
13240
4658
11157
19202
17316
3461
798
5066
6447
11585
26201
6978
2314
22353
13866
20821
13214
23797
12365
9562
14356
4092
18057
15942
22789
26732
10583
17243
12157
26979
18715
26787
3733
8144
4911
2757
9305
6581
25275
529
2493
1105
1020
14336
7235
2095
17178
25923
15738
16243
6288
9577
19162
14248
7925
18303
9120
8145
6047
1511
18755
13141
3286
16585
10257
4577
4617
19862
19597
26018
3981
21938
9296
19517
2805
22032
16919
2177
7945
8979
20342
22637
15455
1426
3344
18246
25697
9232
9032
24713
8763
7353
23160
10899
27306
24917
15998
14754
17823
18303
1908
603
436
20954
7618
22891
9402
18802
12369
3802
3437
2931
1087
22307
12647
13621
4588
15810
11339
10077
18081
6791
25643
10659
10287
25225
24556
3591
2689
22600
16335
22742
20976
7785
7859
24635
15431
25861
24702
7752
2030
4993
18991
15424
5690
12499
16603
4294
3264
15459
14009
4112
877
15
6661
16770
6319
22681
12319
735
11235
13037
3608
25674
12324
24238
17321
12341
9478
25385
2889
6154
16479
2927
13085
12057
18942
11984
15321
13887
6582
27260
7011
9902
26569
7268
571
22955
24384
2096
10874
20442
7455
25562
11514
2408
5115
26301
13347
3530
23409
2424
26898
9072
20518
24499
8406
1423
12474
12817
5701
24409
9343
4797
2857
19393
22033
3940
18369
16144
25553
27283
24184
9380
2060
12884
5377
15660
14523
18137
26682
17962
11057
3464
17248
14520
12305
16860
20896
1719
23378
19096
12455
14437
804
21679
6498
4469
22500
690
13797
23389
21735
15809
6147
17165
25214
7991
19543
3344
22493
3702
20674
3489
8653
9844
11038
8810
13698
25279
11381
1073
9551
23572
6093
26227
14227
19234
26082
5860
18486
6667
2029
6698
25840
22172
15535
19720
15725
1120
11028
24618
25200
16386
12797
127
10917
2565
19336
18040
27334
877
5044
5235
16583
11927
21926
5158
326
23479
21732
11803
14176
14208
10385
15880
24610
13008
16550
832
9137
10122
11116
17850
7511
3904
14602
25237
20433
16088
26619
4
22048
5675
18435
3628
5524
5589
19818
231
11859
11254
3810
774
26715
7901
20063
23130
4536
26915
11989
26610
1934
7805
25364
1373
19992
17005
10738
26918
18038
13563
12137
21634
16692
11880
3362
6815
26632
493
21582
15312
27270
26919
577
16162
17534
6283
13303
13296
1665
6947
2916
14710
4989
7102
14248
6289
17746
615
2974
6284
10451
19365
20108
25536
19363
10657
5583
24890
6290
6399
618
7924
16070
10902
7199
26214
6861
5713
9475
17600
17460
6129
27540
25596
16799
24877
9329
2466
18783
16126
25711
23348
19985
22356
10833
11564
10124
3530
18256
1508
13339
24665
18640
24934
11818
9370
27475
8583
4892
16905
18863
20379
12474
3324
5731
1899
10770
12212
3874
3688
5150
17643
11203
6996
15375
26182
13979
26650
9806
19331
25550
18900
24385
22884
26135
6161
9793
23133
2448
24855
1113
18673
1087
20373
17579
17610
25028
19410
2346
12095
19589
5087
2259
23063
3266
19583
6397
13530
3937
6949
921
1374
9889
23348
13884
4859
35
19763
