22870
15776
10748
19000
22701
22220
10740
25637
7689
16932
11564
18782
12760
19691
6662
17903
14879
8309
14627
14887
9971
1258
26402
17272
18038
2280
21336
16174
17691
26107
24992
27014
5992
16823
23292
27348
15111
24070
11514
2332
17484
4719
11254
20860
24860
20521
25732
13399
51
3108
19676
25088
20833
13869
13321
4942
3581
24823
26312
18709
11631
14385
22669
20646
10996
27563
15980
2787
5866
12692
26639
12135
4583
6808
6135
25314
24117
16421
5875
17540
5337
376
16949
9739
25264
11919
19996
15326
12094
2139
6170
5277
19392
8903
8910
15791
13775
22586
3502
25333
4355
2604
14384
10100
10070
13089
2142
21033
7959
8936
19844
2529
5410
19246
25541
4078
19026
23591
24405
6443
21468
19081
6922
2424
26972
21667
20629
7516
11804
15991
4041
6900
21769
7729
96
8208
20592
477
6514
13152
17945
12395
15603
1728
226
17692
7735
20284
6873
21904
14216
26890
26049
6416
2064
7166
24779
17160
9016
1167
438
27069
12124
11404
25815
18293
2278
15985
9522
4581
26886
3894
7576
24502
15653
1105
106
21811
13239
818
13202
12436
7806
27161
10122
6300
1064
9397
12028
5523
24996
74
26197
990
24490
185
13107
2427
15793
2056
27345
9986
13904
4288
2909
17344
2942
14722
23050
10145
8056
4989
24215
7607
4402
27011
11264
23105
11130
26871
17343
886
10778
12630
11271
898
18087
1405
24457
25268
27413
22550
3363
7236
8987
2021
2131
13767
10635
15098
26334
15614
20658
19960
22783
19331
26138
7631
25211
8478
4228
2145
15666
13959
14559
14954
20535
2313
15842
10901
9161
11979
27285
14126
5261
10389
1014
27523
13972
6804
19227
2230
12973
6971
13116
13194
11083
8219
2787
17553
15163
25085
11172
16424
1036
12474
17112
16634
12204
18655
5554
25231
13488
1376
16614
26736
21599
9527
14840
1387
16587
7919
19889
21965
899
3082
5710
15764
24317
16041
18299
23635
16014
19002
27463
26019
19160
23693
5752
17117
1662
5578
19335
11578
16090
6394
16070
14351
15848
5675
1934
23844
23492
17054
26665
22946
11547
6311
18513
24543
3868
25789
2140
23230
13163
21788
18877
14034
9947
6341
19950
6415
20764
10175
3132
15797
17248
9138
10903
9566
12497
11678
11647
20675
8070
21696
262
18709
4223
23495
25820
20226
27134
24553
11914
6676
26455
692
882
25859
22666
2458
19260
16951
12952
11155
19253
25281
16053
3208
27043
22821
4680
7013
11032
26692
25476
22252
2837
10569
18156
3354
22933
8335
25685
8574
10870
14752
24202
1666
9533
8562
22736
17525
14665
9272
24687
20642
1282
14453
5023
7417
17573
24775
21974
15885
24590
18357
16612
2636
1467
11271
18909
3325
11098
3150
2077
6038
18506
10830
17026
17763
2137
16910
22133
5005
4389
11612
14765
406
13241
8876
25230
24453
15727
1822
3685
18570
204
9885
15718
2536
20214
25213
1144
10523
4017
14131
4514
17706
21709
23968
7572
7740
19276
15051
20604
23654
25335
16334
4140
15810
11012
20615
144
7708
8129
20077
17915
8098
7497
25542
7754
21147
21864
17860
20079
11736
26117
14913
13605
4733
18882
23664
22698
13274
2174
22175
2304
22820
11574
25076
8044
15300
22812
17883
22720
22623
10428
21620
13452
18874
14052
1247
14939
24086
22177
784
27119
24500
10320
22289
4858
25085
11299
19651
13054
6752
26992
21987
22963
12244
24837
7080
12141
24163
26837
20816
23633
22100
10911
17825
12368
7838
20036
21614
2301
8302
24552
3230
13659
5833
15576
17556
15926
6442
16447
27241
17223
15677
3310
3042
3078
24761
24447
21679
23798
2118
17614
7902
17845
20279
26729
10538
6662
8304
7102
22960
11503
22845
3729
11216
12744
26033
6591
18285
22598
9923
9014
1465
9644
17963
11566
21076
6559
3215
1670
17911
23419
5150
1186
1938
12347
8410
820
18116
17964
20865
13415
14328
11051
22027
5349
2843
23353
1549
21073
12631
12794
16643
25441
7699
17513
24991
18383
11932
24453
18377
11384
5462
9722
5534
2842
9313
25980
16437
22927
14844
11808
19725
27458
17985
13520
23125
3332
19969
21846
7447
21796
4547
630
27189
4633
15934
17051
8031
10237
20763
4219
22699
9621
5749
8658
9735
10653
7817
6263
2212
2889
9690
16760
22494
12125
7084
4150
24056
5042
14252
11052
12736
15158
2898
21240
13429
14155
21652
17157
8307
21102
4733
15866
15048
11758
18969
13569
1113
12889
3375
16684
11197
11545
21767
14838
22126
1751
13531
24305
20322
21712
9544
5262
12165
14368
15946
22233
23363
6745
12791
15433
16399
26813
547
5984
22913
17363
13571
1098
4407
16896
12654
19456
8458
18187
4536
14232
477
19251
9433
5008
13388
15003
25889
8114
23494
25653
14484
4402
25279
23129
25775
18787
5318
9907
3555
25591
826
20801
18608
25432
16751
2373
14439
4789
22524
10460
1662
19005
17127
4522
16641
3685
10037
10136
10131
5116
4068
24308
10522
14387
24248
12377
4075
16373
25578
23542
707
15008
8244
21249
4469
26452
16980
10629
1723
5880
12201
19275
565
9117
12681
1485
25588
22185
25818
24412
4580
21250
3369
6758
5653
26096
4854
16603
8291
14090
25475
726
22187
23317
6841
22635
14490
4733
25996
12095
3106
23987
17148
16621
24648
9046
382
23531
6676
3595
1009
27395
11803
11665
27382
13346
325
27127
26480
14383
24898
911
2476
2565
19884
25936
26131
6753
15578
26314
821
328
2405
24353
22705
2686
12482
16434
25742
19495
334
16373
23491
24276
7811
22024
1724
27153
23366
7033
5894
8221
9217
17781
17243
16231
14711
1525
17798
13434
18835
12885
20397
23148
19184
12561
3076
4363
7459
13549
2832
4684
14358
12817
4369
3217
12982
23633
18699
27452
9935
24795
24530
5039
5621
652
7365
22366
11675
27065
9809
6075
26886
6456
15361
3042
4827
12808
2443
11801
690
20080
10310
20069
7419
2310
17986
4625
20920
814
9935
26868
22852
134
14612
27196
23615
3936
15730
23470
12130
23261
1971
16949
17928
9196
21717
843
23431
16292
1840
8257
17886
18574
21223
9952
12976
196
19895
27349
15676
23409
5710
10978
14339
15882
18162
18808
8987
15127
20736
8632
6301
8609
16145
23486
11954
26434
10664
6306
1072
25834
12068
11196
25816
