3415
3990
18211
6633
11024
1126
5968
10586
15390
5524
18604
7784
16856
17773
9517
18646
26995
21866
24555
14540
26864
7492
24013
10761
12854
13141
5763
20055
8688
17413
23024
23185
14765
7837
23209
11273
19978
15867
7915
7434
23927
15863
15924
5065
20237
16784
13052
9155
20287
9979
7117
13709
20477
24707
17026
16086
23429
7219
1107
12676
828
6537
8567
5702
8922
1299
9672
18005
11856
15716
9588
2408
17866
8992
2732
23786
11345
15602
4716
9889
19573
5483
10352
23312
22065
8059
21920
14766
10907
4639
10936
11344
5150
2905
18947
12980
24929
24490
11494
20295
25116
19170
13631
27040
1331
9861
14777
19028
12811
11125
3112
8021
10014
4826
4704
15798
15584
23562
20122
19651
6061
9161
13276
27358
15475
12419
7536
11313
1238
11716
10177
15848
22582
19757
13325
20813
23254
7713
19147
17437
22786
19159
3198
24702
11159
309
227
18064
7475
8098
1126
19908
13466
4648
18957
8405
19226
14717
24315
19131
11228
16012
23938
13253
17513
14898
24319
157
945
6352
20103
10194
4521
705
2583
3262
25861
18691
979
11315
5526
8090
23041
5885
18198
14189
12405
20981
17757
18157
11136
21511
21229
23915
11982
12386
27210
6617
3807
115
23507
1238
8517
3288
21415
16105
2506
20744
216
5545
18875
1810
11568
12125
20943
24928
8182
21410
4344
5351
21832
11891
15649
19520
4234
8526
18019
14875
21053
10127
17332
5343
18220
5700
12766
2443
8208
3823
5347
22934
18192
25421
27010
26777
14176
22968
16282
7783
7780
19801
2314
2018
6384
4846
16081
16181
7304
27064
20538
259
27213
1611
291
5125
27219
9148
5332
5540
14928
19989
11094
4942
8617
17819
11741
12187
23043
11561
7820
22129
16395
11778
10760
9872
23339
12009
17079
16031
15754
17444
564
5322
8812
22583
20959
681
17056
22199
21487
15798
14278
25126
26584
18644
835
766
10958
14475
26014
25933
16382
24634
24163
1132
15519
18214
25834
775
15187
3922
24120
1844
22343
26851
7577
25730
9062
11450
10730
24856
3247
23790
14482
21359
445
11887
4364
7506
14070
13826
25107
17716
7608
19493
2268
24028
4098
21922
24436
11360
1943
22295
5390
17475
7277
13208
1105
8288
3389
22312
20652
3311
6894
577
24211
14450
18916
21842
26068
18832
24324
20596
17132
25652
23814
9053
21569
735
903
3494
18293
15809
2312
23767
3899
2260
816
1322
14117
13383
9817
19386
25018
4369
3896
21884
10972
3175
24597
13331
14858
18358
19270
4650
13934
18364
13215
11833
25986
8968
14740
9899
7609
24457
16310
18360
10881
11622
12346
10026
857
1448
5255
10254
1580
1392
4136
21326
6909
16970
11596
11125
1067
2965
16548
24651
3899
2859
6992
22440
25796
12911
18156
7297
11355
14950
8646
12056
250
1396
25161
9090
1680
19691
2056
13426
22290
1938
10426
25063
5946
18554
21424
16417
21213
4718
21272
11460
23716
20329
6873
12773
2205
6654
16511
9648
4216
14525
12125
11468
2886
19090
2674
13650
14009
22896
17336
6467
23000
20820
2744
21147
11210
18960
19967
25065
3472
19536
7074
1921
4148
8285
15023
19950
24517
2097
21095
19910
18086
3379
5327
23621
15830
18079
21572
11759
18029
1482
17244
10571
21745
9784
16391
12511
21691
10513
15286
22139
18561
18901
8354
26683
17618
8556
5199
27241
19079
20374
15945
9966
19521
278
26313
26247
20056
5023
10728
19142
21293
6544
22379
22524
7800
23072
14738
20797
7449
15386
19240
3809
9240
15422
7637
5593
21264
21119
27247
20096
18986
11414
11676
22683
26263
8141
2976
2538
6353
5751
3978
17190
15795
19344
20415
8534
19625
20923
8688
7276
3146
17798
946
959
905
13349
9117
3721
13936
3935
26569
12126
408
22123
16897
15910
7632
7161
5925
5163
10801
10444
5338
14279
26108
16226
12201
4142
8278
18390
2297
24126
2995
7011
10541
22388
16371
2621
2779
23944
22534
2323
7261
17473
546
5611
16276
9410
13166
16798
3694
8579
7823
18822
2521
4854
17236
209
22704
19120
13470
20965
11640
8244
13798
15464
12971
25693
25394
11541
17303
20019
13623
21934
23142
3099
4498
1153
20999
20526
26158
3428
17625
19453
25139
6099
17957
14270
9383
8621
21917
18591
18103
9094
3727
20681
14651
15121
1821
9819
20700
16368
22679
27008
18076
25902
16789
14195
20409
17545
27072
16395
1626
9096
1961
16121
6594
4805
6813
26442
460
507
6031
3934
23561
24158
1157
9244
10845
9687
6262
17914
22169
10676
19060
4837
18669
10755
3949
5614
2048
9129
10849
12950
25470
14556
13120
13341
23938
27337
18008
717
13859
19791
10624
14774
11271
5460
19345
3613
20720
27364
18098
26259
10705
14718
7220
1937
4292
18527
18724
27132
18108
20639
18283
1847
24898
4073
23493
13206
15024
772
15557
8947
14457
24378
25446
8984
14618
24163
24795
18259
3009
19265
24262
13986
19219
27243
4566
4249
6154
20910
11508
20454
5881
8674
14427
25794
14724
13588
11871
26114
21337
2638
18534
12717
6146
911
20101
4726
20162
12555
2669
24569
14085
20520
21989
19734
11675
23724
20579
1189
1922
15060
6160
25697
21139
13256
17983
18696
7220
18568
24905
22553
25904
26834
19573
14500
3042
11035
712
17326
22527
8232
21810
1482
9484
4416
15471
22353
14733
9342
9553
18895
2093
4030
24688
15298
4070
5420
967
21842
15075
16593
20675
8311
14295
26799
812
4941
11127
2429
15846
19414
8637
11094
15954
14210
21622
7052
4224
6035
3851
24384
287
13687
18876
22620
22354
26
13988
19213
13952
20862
594
24420
20269
22754
1335
19495
20838
12578
17435
4055
15111
1730
16895
25570
12998
12176
24482
7432
2542
19374
15745
9575
10831
26722
6754
14880
26081
19029
18667
14939
11210
5325
24192
7703
10180
8059
2410
27093
18627
8290
26155
24756
20970
5962
21255
11113
13263
11315
25697
4795
24316
20626
9640
2272
3989
5287
12788
27045
19318
5473
19966
17841
11270
11488
24683
9170
26795
14468
6957
24543
5607
904
19112
3455
11761
26432
17713
10076
16631
18207
11258
8827
5181
25019
24880
4066
22177
4549
21645
21458
14067
1696
6869
14371
4834
24691
24614
26815
1125
18675
21532
22283
1934
5990
27371
11396
22078
1957
