1788
24541
26472
15923
14655
25242
27062
19386
7891
9230
24808
8832
8787
742
16312
16208
26071
18906
12241
23480
27209
16557
4418
24450
21328
11964
25376
5943
20219
25011
26085
15876
1372
1968
2626
12766
17760
21354
6144
5743
19818
6357
25288
10164
4804
11635
18117
27553
3559
6432
7330
11863
11934
3726
434
6322
8505
26908
23485
22146
27562
7749
25646
23417
18034
2514
21005
20243
23655
10039
21661
9079
26870
7360
20185
24252
18870
26846
1632
14275
2441
19191
19188
15615
18830
12463
12903
18770
5680
25380
18916
19231
13417
27533
19508
11518
11615
16396
5728
7696
11290
19366
23308
16862
23454
14795
5064
8762
7863
25437
10868
21044
1115
1486
2712
6635
23724
2359
7413
2313
20959
5289
23917
2742
19877
20641
5444
2411
18257
15713
12626
21305
27038
11613
27511
3543
20303
14304
10950
23665
5991
17911
9279
26348
24408
20636
19162
1662
11560
17964
16258
5184
1346
26861
5751
16751
5757
7562
13931
22814
7588
5214
19275
1738
16772
22744
17251
19327
23822
15039
24050
1609
22897
816
13123
14795
21108
3065
11993
13135
24155
16985
8399
5733
8570
17490
10450
14883
23120
26294
1121
1218
8945
19706
18310
15286
7494
13986
17601
16957
21167
15673
5333
17094
14330
25860
15523
19720
9357
15840
6319
551
15869
174
17471
2755
14552
20059
22962
150
1393
4853
16835
13662
25988
18445
21157
1677
25758
24436
17757
14884
3796
3672
4402
618
24154
14168
16765
2226
24083
7062
6994
1175
5630
5967
23941
15876
18730
9568
8276
7431
26629
17787
13146
5316
27183
7054
26403
23089
25168
19700
8367
17937
17981
5619
24096
5388
24774
24566
1116
18492
27356
23483
26462
4058
896
1696
25593
4830
4907
7811
6214
23712
726
10007
13578
17021
25998
3827
8218
25711
5110
9479
23073
228
5902
13053
17381
8814
10287
21437
4401
4320
4456
15043
6650
7446
11353
27290
25345
6394
1472
21826
1136
21012
7756
15839
7947
25094
10428
19329
3085
12677
1704
10201
2533
7117
11500
5621
6823
26831
22872
12894
12265
23860
2881
24466
19592
6876
3598
9451
9462
15826
22895
15983
7497
24963
11286
8015
13606
21868
6997
23009
23814
18837
9038
1553
27295
8840
26721
25482
15040
14795
11469
26657
24422
18554
1356
21021
25973
6781
24293
6091
20200
9855
2180
4456
3726
13574
7702
15923
15478
3406
2300
12439
25963
865
27469
10924
6435
17695
14969
20652
24069
477
4170
24656
1762
7318
1105
3467
15198
808
20337
21895
14733
21444
11500
12463
20690
19438
7873
6415
14005
4445
11884
15896
19301
6114
25389
1088
25293
10961
3793
23362
5903
21106
14004
18506
20178
3623
13376
9510
7406
9332
8781
27234
24282
4637
2787
10676
22149
14463
24229
22908
12148
26194
17507
19663
12957
10588
15830
15760
25541
8660
24316
27278
1399
3168
6345
4216
11404
21951
2261
5404
9161
26254
3563
1015
9041
1712
4783
6316
3563
20080
17986
4386
35
12454
13446
12375
26719
13646
17195
23223
16494
20834
24865
5935
3841
21491
24349
15212
20849
5822
18207
14308
7186
25504
12207
12586
554
17458
9411
12458
17415
4918
22761
12385
25084
10885
16998
17881
6997
8873
18422
2351
14166
14502
26286
7671
5813
27028
6088
6099
17131
6256
24737
4034
19769
3593
27220
25749
4061
6309
12022
11529
22357
4104
15320
19195
1654
3844
23607
11085
4389
24240
1226
2822
14796
6388
22637
21139
23467
2033
11554
8082
20126
4225
615
19085
7377
12776
14101
19017
16124
2416
16533
10086
20201
16285
27120
2598
24550
16299
3625
11628
2551
25877
2519
15460
19957
16817
9722
4864
13911
255
11250
19296
269
958
21477
22725
3465
6024
23695
49
19839
21692
18112
12660
2780
27436
898
7179
7039
22754
24852
7471
9184
15318
24928
16573
13231
13947
3501
2860
15078
20447
13324
18185
8028
1668
18022
11551
8494
13672
5733
23211
18468
3931
15787
12382
21925
24253
6432
14429
1701
11629
27446
8176
12279
11066
18191
26757
15080
14606
1442
15793
9029
9950
2740
15918
26796
9711
9957
2925
4292
21868
15689
6877
24604
16335
26542
6506
9187
9750
21158
12812
3684
5509
17870
26073
16085
17593
18348
25769
12245
13174
18365
6467
1498
2127
8393
4548
4181
4598
11935
15008
10653
3182
10079
1874
6568
4519
10632
19311
22873
11826
71
25035
416
26455
435
10885
3598
11422
1169
25862
25259
23112
7623
6098
26838
17290
11241
13027
4739
2219
3002
25472
7548
7508
357
14831
17697
18678
2120
19362
16438
5749
12637
9718
17666
20973
9869
5729
12115
21297
21558
23869
22212
25269
11500
26462
10457
21261
15623
20846
10149
6577
6403
18690
10892
4480
24899
4581
17145
11927
17395
1346
19594
1233
2649
17812
8034
10365
26947
8060
22692
12564
22795
22761
14308
27145
22703
13789
14716
6504
22730
4296
24348
19041
15483
18089
4306
1749
24397
5069
17829
10899
21945
3252
5326
17092
2988
2950
20035
10035
5266
5267
15432
11346
18680
21336
9036
24114
27299
23460
17226
23564
20851
11635
17873
6711
25199
23934
6406
22832
17140
21375
20637
5069
20751
2369
5032
127
21949
22838
3463
25505
11815
953
20978
2073
18424
3985
15122
26833
27307
27288
17075
24210
8509
7285
5947
23269
9020
19389
9413
3321
27431
539
15314
1178
2956
977
16121
5413
22956
4332
16078
19774
18873
14409
3093
6425
5381
4924
4077
18960
17763
12098
12016
16930
19639
22173
26919
2056
6741
16661
7840
19636
2123
7903
27071
2669
17865
7780
16069
4490
13377
27139
2314
11172
14895
11639
11394
18459
26859
16392
11342
6659
6749
14912
8677
25366
17903
9983
23412
7545
8728
10394
9394
14974
10282
12310
23939
1950
2052
21767
18155
16797
18819
276
1306
554
14561
10056
18509
11565
26829
15771
26446
14364
21338
8362
1841
13347
4366
10645
12388
4413
4518
14565
4231
871
18476
8985
4818
20915
7279
13781
21685
21645
23062
5512
16725
21176
16676
16002
18404
16881
17851
14599
3853
22395
15250
23685
25673
18065
27049
8389
5030
5113
6467
7098
9769
10902
17605
15387
8884
16195
26508
10734
25809
6139
19828
14832
26007
2597
16482
6240
2473
14393
22842
7631
12963
12151
