19181
18760
6865
25402
1842
23719
14155
22963
5590
10874
12530
13441
8826
6844
26331
26644
15902
16240
16797
24545
20172
24042
11668
640
17953
15053
2730
3180
7663
11006
22864
22154
11599
13587
26820
17300
12707
22678
16006
26789
8757
13016
19380
15874
25334
23238
18187
20116
10505
7729
19364
3385
7294
3988
3685
24990
5633
15521
5028
4633
26204
25987
9453
21105
11348
11771
25098
23456
2296
20150
16520
27345
13595
22283
7560
3248
13134
15520
5976
10473
7768
6765
12981
10817
4294
16937
10791
15210
25143
10241
19214
2212
19702
24542
1629
1103
7388
11079
6575
19463
2424
9761
11133
20362
11021
16324
5265
4091
5101
11072
26988
16540
18078
27031
26565
18121
14830
7982
344
25016
19799
17128
11208
15941
459
17235
25485
11908
5851
9547
8462
23526
10323
895
26518
18774
3220
16570
19889
11057
947
6595
19984
20029
14657
955
225
18782
21229
19755
23999
13184
13805
13650
5951
12657
11388
17221
4234
25622
17084
690
5287
7365
15369
18398
26392
15980
19753
17922
25062
2724
2254
11268
21294
27454
6006
20339
18709
18659
7070
17092
5327
17523
13229
3923
16940
24254
22852
18534
23370
10981
25391
1482
8710
9334
17482
17404
1785
11094
21719
10035
6079
25287
19252
16395
2424
8208
11593
8410
24217
7440
16500
15789
21619
26991
1849
5214
18682
4238
18675
9814
1457
26261
14430
19337
21025
10722
3586
5581
11665
9424
23432
27503
6359
3542
13261
958
11140
27028
21591
16146
9660
21255
12343
18270
17347
24310
25556
4159
13004
11101
15537
7869
6675
21830
14123
9846
20942
5930
8080
22628
8647
25954
9163
3164
5359
11271
11032
946
11637
18049
15645
511
8812
7652
16389
25205
6855
6548
11127
5308
4723
15742
640
11822
11871
26379
16379
13326
7341
24112
18373
1856
17246
22604
19658
21097
22945
9782
6418
24043
6010
13815
2903
12079
1412
2984
22143
13957
1318
4236
611
17269
16184
12750
6290
21386
21962
16717
11076
6663
22768
24459
5597
21261
8053
6283
21349
9320
7126
9728
9678
15655
17473
21610
10364
12253
26879
3147
5872
6575
10956
19696
11197
16230
8295
6228
12482
716
2799
12068
2063
15190
23782
4342
13619
26246
7901
18224
10122
27090
25866
14019
9239
6554
8024
5227
228
9127
14448
15450
19084
13900
19422
5281
25761
20074
11919
15249
24316
6932
5773
10055
24480
5479
20928
12263
6334
5995
26418
1435
17988
23539
4637
22065
2185
23886
470
12417
11543
19824
11822
8745
27300
8308
13595
912
19287
3943
25258
6746
622
14788
8740
16554
814
20220
395
24002
3042
19117
16072
16797
9629
19143
13813
24438
16813
8856
3250
17333
14118
11920
11716
11578
19966
12342
20091
3543
19360
11118
19936
21563
2307
12953
18179
25178
15526
12722
25619
6348
9820
21127
7691
5902
4823
11107
12356
9457
8283
17866
6426
24232
13431
25854
823
8425
4756
7321
6592
11403
6240
1778
4870
25641
577
1125
6133
3874
27556
20998
6290
26144
15404
1535
15776
15053
359
10994
6662
24045
20221
6575
14913
22270
17398
14917
18554
3387
20276
1234
7003
3377
21788
15987
25801
2871
21880
2064
18352
4795
26571
8688
4546
21804
23898
1582
25335
21061
10330
17604
1661
25587
2641
6369
9951
2508
13165
3202
20300
25302
3538
5145
10967
21607
14562
4707
7316
6349
13024
11409
6283
12241
20940
26396
2559
7960
15261
23348
4199
23857
6808
21935
957
21286
26301
21765
5340
8054
9190
3421
19995
4205
4096
15277
2417
2080
9379
24241
24656
462
8692
18852
3647
22119
11284
3178
23150
5661
1448
3632
12373
2186
18703
22775
8908
22688
8771
9963
13483
20994
18053
18880
12471
24325
21232
27429
23027
18158
8394
23462
3183
18179
6798
11007
16494
17861
23675
14854
26424
23911
23829
16622
19561
21574
2474
12413
13911
6812
15593
15938
9271
14093
26143
4623
22932
10163
22803
19891
8385
19419
7893
21428
4564
26624
7800
23985
27180
7142
25308
16489
15810
9539
6565
24783
24442
11632
2736
1310
21873
19239
11531
13985
16818
6833
3511
17823
25441
1156
25628
9595
1870
25777
2060
5738
6788
20290
8036
3694
16473
26957
23886
16057
21962
24298
25005
2322
15965
4905
4353
3812
24087
26683
20828
10550
2747
15841
18479
2659
12903
7710
7343
21290
6245
26225
19116
16487
4180
15113
22294
11518
4242
17516
14337
25657
19528
5008
2278
22385
249
17843
25306
13873
23494
25756
4483
1226
23628
25008
23189
7750
11785
647
26596
18435
3260
3137
8941
17913
26127
7540
21118
8998
15922
15784
14696
5868
26526
5994
7122
8952
2862
3926
19440
23670
11703
25952
8313
10616
869
829
1770
4708
17722
19935
9598
13277
13677
22575
16067
3180
1679
3742
10911
17073
19026
2463
16400
2976
24003
25055
23259
4443
8925
9169
823
12320
15271
762
8310
25505
21988
12839
4480
17963
3980
26916
11294
1087
8785
1109
7181
1226
3715
5077
22683
9955
27191
7826
23282
23879
19595
11062
25476
6737
22310
24888
6828
4484
23560
3503
22909
2837
1774
9278
11973
16448
19772
3361
7063
4512
7644
22461
25799
10779
10113
24640
26027
24473
6221
3508
77
5976
10428
1265
21127
27427
18838
20771
16378
10719
14649
10411
13608
25094
2064
24580
15026
12150
22797
8878
7996
18333
6543
830
17309
21297
17462
22298
2349
2355
27145
20002
7483
16221
18218
14996
5002
17634
11377
19037
1704
16863
25263
12894
26327
14685
26501
14711
8485
22055
24060
4268
25364
17364
14013
25460
6234
17649
22336
10923
15986
27527
988
6964
4018
16742
15808
10021
7716
13931
24618
5935
3818
25150
1235
16254
4933
11553
7559
24245
16016
4668
6481
11710
3215
10190
19627
11973
637
26554
20236
10325
304
26210
21065
17326
7329
22364
3760
2436
25232
15964
7321
9948
20736
25578
9608
22686
5227
12117
6731
15710
8551
13802
14936
6714
18575
338
26653
20886
4903
9346
24688
10847
15169
26391
17693
13027
20064
13828
24666
16572
11952
23017
8815
25573
11741
25810
2300
4725
23286
15457
12695
24417
21904
23930
7922
10880
13573
15687
22772
14777
4154
27328
24592
16552
5069
20330
24772
3787
11313
13367
1242
890
6362
23143
20668
6577
