7725
26957
2895
8778
15096
16680
24933
16808
27173
5902
1197
23785
8762
19312
17071
4248
19594
9466
968
27328
3761
25696
2307
2561
20699
21850
25736
8209
22710
26049
21527
14603
22645
14499
27422
22574
10395
897
20242
20201
11101
736
23738
11102
18597
18958
6405
14727
3271
18888
19959
26228
5209
21381
8691
24552
6046
2958
7673
27220
17451
15630
13686
6805
6059
18457
15647
7816
1303
26953
10443
12942
11516
11722
22461
6089
6933
25173
2235
3217
7754
3343
8078
14633
17621
23702
5288
4371
4809
17415
9668
22227
13594
1306
7123
17693
26189
868
27077
4832
11618
17933
2686
11256
19729
19
5854
13121
19975
6553
21950
921
25791
188
3924
10204
16389
424
6719
25264
1632
927
24412
15269
23460
4833
20340
841
26983
743
859
3082
5272
16478
27445
21947
23380
7369
17826
1682
26183
12112
12769
2082
21131
18180
9249
5152
25150
4796
7960
23240
16887
1628
10024
25070
1149
24202
2753
4377
12467
15733
10880
8730
18152
5727
20448
10812
6516
27521
1096
8939
11115
998
3653
17326
12626
1384
11880
2601
10936
1849
14750
22165
8483
8782
17952
3715
8512
14965
5703
20350
5769
80
2493
25147
22171
20016
19971
7359
5672
14211
13087
2407
1274
11218
12174
25697
9665
23047
10455
20912
4970
16903
24081
27468
22605
10987
25570
23655
3291
8024
25262
9360
23765
20770
18620
17407
1653
14799
322
21944
5959
484
18780
7275
23718
4623
13047
22041
16512
9527
8998
12867
11701
6295
15265
13568
7770
11372
3800
1219
11395
5958
13442
26406
20150
2110
9746
23621
4506
5782
19211
20360
23549
13028
10763
15405
3093
20993
3485
396
10675
6951
27260
14124
26793
17580
23712
26742
11912
14128
1847
17543
12175
10131
5969
16354
17244
5573
15012
6442
11408
25065
17835
7364
10228
17750
19754
23682
3870
12327
22010
13652
15517
8659
18529
18152
17510
22413
12284
6376
25994
3463
8244
6929
23852
9622
18985
23763
23917
7693
22891
27367
675
18192
15791
8514
10649
5821
5001
5091
3107
1528
16163
1402
20489
8787
18655
21182
2313
4077
2539
11926
13531
1726
25594
21634
23006
22084
6640
12663
1795
3894
11514
1093
17751
3831
16760
1110
13691
26318
5868
21708
10440
27244
13071
10769
4432
26211
251
5113
10426
3878
27358
26709
20954
11128
4181
4312
13431
17380
18211
6633
23609
662
491
1840
16550
16863
1623
10794
17556
27263
19184
15995
9405
10334
12465
11882
4181
12170
9830
19753
16453
25461
12802
25764
9271
15388
5379
8673
1102
22094
4919
20034
18904
1801
17590
6040
7136
7260
6719
18722
8693
16487
21766
22598
25978
17640
3721
9366
7621
24802
27516
470
1238
6682
552
13745
22594
19204
22969
2412
17937
17617
22215
6088
10010
19224
20611
23083
4370
5822
22693
15292
2574
2866
15951
18526
10980
26764
23751
17575
10974
3117
16958
1814
6229
26281
22762
21258
9400
23642
19058
23546
18574
11696
9838
23250
5723
14737
14846
23255
23196
13606
18462
13035
17981
26840
1535
435
17522
11574
5362
10863
22720
18949
1588
3933
5208
5801
15378
6827
11033
24363
24684
6016
6266
8004
12546
6773
5668
10357
18327
8461
27326
6378
10919
5828
15200
5702
10983
3655
8936
24215
25025
14359
9861
1869
17418
6482
14055
22654
26251
6549
24657
21101
5697
23110
17678
6484
21664
5193
11550
16450
25801
19612
720
4065
13980
7951
8078
20744
12046
4354
189
11375
23548
16723
5455
23684
11327
8250
4336
5682
24604
24771
1667
1232
25754
12012
516
15404
2449
5477
22433
4826
8886
5862
2
20170
24306
1714
2214
19212
3689
25761
1370
3184
21248
20206
4989
9895
7145
25214
15130
8665
11306
21206
10989
22259
26647
10077
14677
9490
7670
24567
5475
14013
18090
20850
15761
14782
4109
4369
27498
847
1449
2141
10670
11783
4214
27328
26770
2323
20703
21833
6404
17194
17693
13850
10358
4169
7569
9509
19695
26236
24238
6316
7307
10535
25459
14884
6769
22052
8545
19111
5719
12739
12728
14129
21118
15169
21298
22353
11448
21875
2386
8464
12950
19865
839
23921
9325
20160
27401
7079
15298
865
26371
18238
1372
250
14951
19761
14435
268
12204
3
16901
10957
27208
21060
2924
14282
6224
15988
19282
413
20197
15616
705
11098
19749
7249
11555
15011
21558
10699
5706
5847
8742
20475
864
20555
26910
20329
16619
6705
13083
8852
10897
26015
20962
4190
1049
1335
11964
418
1905
9787
10510
17027
23833
16956
8666
9229
27081
17824
7728
22971
8232
10809
24308
16863
6905
5448
4577
17640
17682
16193
26345
15807
12008
10913
2153
19
14452
18010
6332
477
3568
22726
20516
12967
10302
8450
15026
17748
13042
27139
16215
19256
20123
600
24674
17507
20937
10624
3951
25647
452
13301
2379
25350
11160
15185
3441
460
22267
26141
12182
25570
21430
9718
24111
11080
27473
3135
13087
17378
15727
3638
27088
22183
20048
27032
14413
19252
18852
13251
6266
26376
2372
24999
23650
11160
15933
871
26432
602
127
15030
19918
21767
12184
26405
7924
17073
9665
20840
1683
6104
6030
1268
18213
16078
26461
20569
24095
4341
7082
20666
158
5182
16158
515
3995
11668
12218
2658
11772
12823
4353
11057
26436
5691
14268
1664
15309
16813
3074
10053
12383
3570
25018
8110
14341
2580
22495
1397
9010
23075
372
11500
12212
8100
25833
24472
11264
12352
13691
11518
26238
6740
4534
2114
11757
3392
2239
5634
12370
24179
26956
25352
15151
8973
15781
8426
14672
1703
27105
13501
11867
14493
13937
27134
23865
27063
13691
4709
18241
19187
24312
13640
26417
8774
13774
14296
9935
24276
26666
1314
26717
27270
12778
8464
9732
3996
4120
16998
11345
20071
18865
11011
19488
23403
22199
3295
22345
1867
15111
904
4994
6229
13515
1259
17357
10045
8664
4981
24641
23743
12170
17366
11485
6270
8133
7293
1891
23095
17132
13279
12497
10338
9712
12723
373
23112
14427
10752
4111
21858
2671
22645
27182
27120
11415
7691
17786
20663
19967
19550
2125
16708
15387
17947
27185
11639
16824
5152
10170
11649
1197
11863
5356
20085
800
24404
18347
2240
8146
15351
6050
25925
18735
13675
5555
3346
