24583
16429
18152
5220
20085
9345
23453
25634
14205
21881
7532
11288
9355
19698
6227
364
17477
3650
24743
14031
9236
11143
4092
4869
9493
9684
6327
18760
4530
14104
23469
13536
17282
3946
11824
2449
13381
11823
12349
8999
16852
21379
9947
14736
5704
19360
7354
6153
2662
21726
17990
2517
19613
18214
2787
868
21849
4181
17447
8054
18909
17261
16020
9883
15712
10277
22049
7224
5311
27011
24784
18126
1105
17585
18057
13721
18337
2888
9084
26876
24217
3043
10967
27231
17881
14258
2660
20345
2310
7771
726
8666
10096
17180
16680
5212
21650
4255
21632
7868
3016
25161
20118
17348
3324
17729
11413
6432
13205
19694
1602
3043
370
15905
2622
22410
1760
19660
1854
14951
14739
12421
22687
25127
25916
15105
22528
5619
2031
7884
10989
25876
13537
717
8502
3285
18390
24751
22742
25343
8730
13815
2896
17949
21734
20235
332
6232
12682
19852
14962
14594
9482
10579
6136
8166
5236
16294
14228
24030
14069
9628
1226
895
9508
19732
25454
498
13182
22777
5855
26092
2152
20990
819
20466
13407
9693
15143
5109
19673
24412
11191
23761
2736
8226
2736
93
26732
6008
1901
15261
25608
7093
16794
24709
25005
13927
18910
3062
13835
24900
18342
17842
18125
8332
4718
4699
6277
9614
21113
25331
23839
12081
24235
23000
21855
20973
20913
25065
3293
13133
3469
26639
4287
3971
2700
51
13511
9591
10165
14336
20660
10851
22390
675
19174
18214
602
2821
21235
23582
21350
15426
22478
13874
3688
12263
7795
13535
10989
2592
16434
26961
21910
9452
18309
6283
23692
7255
9560
5739
16720
27399
24079
15600
3753
18562
9520
16694
12095
19865
6120
15914
22176
11379
9132
9637
11746
7324
14913
18281
3498
23653
10436
19226
20752
3912
24762
342
16527
20911
21272
20096
5761
2297
10602
6351
5020
1468
13686
10863
27081
26356
18444
8906
2258
20090
20034
16157
4091
12047
15811
24990
26720
1581
25823
25251
20313
15815
4856
23160
10405
8187
15382
9010
18144
19550
27503
11849
23357
17326
23386
24998
17804
25703
11445
7306
7981
26205
1690
3929
10349
1445
2095
27240
8348
10824
10404
20467
4648
3307
24651
14121
2164
9477
3307
13496
16947
11322
25934
10677
19653
13595
11156
1021
9998
2828
683
15652
8854
12795
16467
17656
10460
7539
18168
27124
11654
15129
11015
23889
12115
3626
17574
3214
18441
9598
4073
4137
13769
3894
1274
10787
1105
9067
21586
15990
21980
5220
12210
12781
11934
6511
16527
11250
2473
8341
10536
11454
22666
12658
5007
9853
19585
21753
18957
16716
18022
7901
6353
1443
25777
7400
12563
573
26953
3737
2624
4524
23816
26796
21487
20186
17123
19511
2217
16755
11052
11310
24705
8863
7961
23612
17767
26068
5537
19760
144
26831
22704
2947
23091
13459
3822
2446
11665
18222
17132
21790
21825
11833
573
11715
13831
2787
13113
1484
26965
3765
22800
5194
21686
17381
8212
10028
7669
5082
14624
2736
2750
20533
9197
2569
2346
8952
8145
25539
2954
17105
966
22609
19944
10387
801
10352
27124
4715
2473
12505
11982
19432
20630
25563
16208
10129
2563
10568
447
15507
6246
18112
3116
17073
3601
12348
4871
3919
6853
23553
21517
26462
16464
6971
1973
10979
14792
9772
14294
2890
25882
5509
13544
24921
19877
2212
17845
20620
1983
19089
13846
13431
22011
2205
6907
13156
4399
26416
10698
13055
12185
9683
1107
3619
17732
1451
15951
11866
24002
14895
15022
8270
17471
25728
14018
18949
13392
20672
25543
13191
25672
16863
23610
5149
22683
15622
6079
25245
17148
18445
5138
16053
17088
24664
26327
23751
7431
14052
1607
21539
3209
24379
8415
3501
1614
25687
6885
488
1591
23376
25665
12646
460
19092
22707
12513
5663
3043
14758
7834
3700
18245
25951
11500
929
21882
25230
10982
18457
19547
5597
5904
27314
9211
8932
10881
5200
5384
22872
24069
22256
294
8705
5333
1976
3559
23370
4680
15504
6227
525
15238
8161
24147
14604
1656
23725
22478
10744
22553
306
13749
13266
16791
8478
22736
19096
8614
23441
18082
842
3538
27145
11413
16522
22663
20972
5192
8747
12676
20124
19973
3201
8094
16986
9049
25270
14264
16496
4846
14613
16951
3011
2256
13432
17056
3971
5285
18170
13203
20412
22942
4238
24178
15
892
16619
21703
16752
18871
12783
18921
18897
5590
1963
23551
23245
6660
19330
14645
12972
9288
25042
17622
13917
10121
19018
3610
2364
7922
5151
4134
5587
11056
22366
14803
3530
753
1212
3281
2184
10781
6501
25563
8408
10993
3752
11789
6025
22560
10632
25850
3980
11319
7892
8618
19127
18541
2947
12710
22974
27353
5162
21762
14834
19040
25058
24312
27159
18474
17876
24823
7442
14247
23311
26078
23633
14047
8013
5066
19155
21364
20119
16114
12853
13506
13516
5811
25065
26399
14676
26767
3152
1986
8362
26143
26549
4518
27364
14224
9340
12645
3307
12797
27179
396
25542
22501
4237
16683
12244
9963
5621
10801
19521
11686
5282
17665
5495
3486
2314
15207
10796
25452
3699
3983
21112
25934
21641
4751
26993
23017
4196
22113
15529
16178
26998
8780
13629
11338
15503
3026
23540
19150
745
1819
24310
23031
13347
3171
8757
21589
8153
26920
20226
10959
21423
25761
23288
18402
16310
5630
25134
2676
9210
375
5431
10498
24866
18257
3743
179
11107
24278
1313
23966
26629
24291
4935
26910
2278
6074
13085
14665
21765
11782
1129
7150
19397
18155
26869
19623
16516
25848
17303
17048
12315
18657
8492
24644
2845
4379
10109
777
15696
9485
26887
15718
22263
8336
14663
19647
11385
27137
5805
11173
16353
1495
22786
10384
7924
12430
4254
14632
8856
26135
21709
14684
8562
6450
8055
9229
22101
23468
25274
1848
16348
25130
5500
24737
9445
26689
16429
9624
3153
11766
19876
21575
3118
6584
23565
26059
20975
6028
17742
10419
1317
12093
21357
300
8590
13413
7057
18531
14130
8030
5839
26773
2749
4018
88
2109
18090
10975
5633
10626
5499
5276
2335
2813
362
10330
17224
24825
22100
9920
605
21662
7391
18169
3997
17176
13267
26186
7376
12712
24718
24308
14979
12565
11986
24469
17476
17586
6343
19144
3485
5353
16078
12932
