946
1086
5298
10989
4401
901
9885
7299
14352
4679
21926
4378
17118
7986
17417
18856
21165
2452
26721
7338
3505
19096
18171
7991
13751
8975
7742
14991
6579
11865
8162
19671
23492
16529
23432
12488
21874
19601
7934
24061
4798
16515
8811
15673
2438
21898
20629
5118
2704
17366
10254
12381
11720
15630
20121
11418
10494
4271
20442
12435
17129
23734
24202
24612
4687
24272
13256
6618
6792
25548
5459
19068
12549
27240
21862
15264
9857
12430
1398
15780
4342
2916
12660
19749
17788
15861
25237
9245
9739
15200
3434
20678
15037
6095
11296
22335
20180
1856
7662
11261
6406
22331
9990
18767
8264
25156
6530
27197
13595
12940
8038
23932
2010
6311
22630
15612
10132
6755
16132
5655
3753
507
2410
7443
5993
21131
25542
19561
26796
7460
1304
16596
19682
962
19829
11791
9630
18105
2054
12503
5589
22865
9076
6714
20525
6710
22872
22022
22348
19628
4402
15416
4548
911
18625
18627
3960
26529
6169
26812
20726
4103
11862
16192
5715
19623
17986
10902
3484
16917
664
15367
26437
16667
7607
16318
2172
11493
13654
22060
4130
16796
27328
19969
6459
27106
10186
2662
16690
6638
16811
26134
23825
119
11274
21133
19021
18396
12148
11555
15499
3158
13121
3627
9530
8761
10400
2314
17230
25504
25817
13910
17727
26914
24488
27005
3754
12473
21741
12107
18947
12850
8441
12338
27266
24973
23281
2361
9300
26170
24818
26963
12294
24487
21966
1626
14492
1697
25892
11595
20311
21370
18745
16894
2443
23335
24217
8283
21782
26879
24150
10382
5554
3926
15529
2948
22296
23452
583
850
11564
4424
4733
27502
25291
6452
2313
10197
2551
24878
17391
9601
1121
3217
24558
4791
6664
16893
10072
14542
3967
20297
19054
23366
12018
23141
15963
831
22373
12147
15700
26457
14523
26262
20501
16678
14257
15432
19945
17008
16787
23021
6409
7727
16619
13099
10530
3928
7212
14762
17342
16435
27316
16766
5172
18323
8873
13187
4231
11008
2236
5919
25898
26596
22520
1566
13652
21663
15161
11520
17893
18330
4575
10230
2753
6157
20665
5552
384
21360
6968
9362
17746
3525
23195
7756
5620
260
10708
7808
1448
27062
5636
12470
13026
13815
8412
21540
23377
10721
17571
23737
11115
1199
14895
15991
3277
13295
9693
24253
23942
10380
7703
7488
25981
801
8128
25818
18713
19234
22425
24520
17797
19901
2730
5468
12456
16645
1506
9892
4367
18000
2871
6978
3595
4402
3947
17903
8195
24950
11270
23873
22645
167
14263
10150
3449
18204
25881
15761
7532
26319
24276
18275
16372
4370
20518
12332
8118
12041
14263
886
1522
22295
11587
19922
18111
5392
19017
14662
2738
9142
17890
4740
15820
16682
21199
12788
19812
3015
24560
16768
2818
235
27336
9992
27063
4099
15608
12508
25019
15798
4827
10070
14314
9565
8191
16556
9732
4591
4257
2246
608
3748
14591
27324
16667
3927
20590
21915
26348
16156
12580
18727
8397
23123
8827
4814
10850
9678
19908
20212
16490
6733
24351
20849
23957
6859
7219
7190
26953
24183
17413
6155
26553
20541
10295
26281
665
7138
23710
20956
1566
23730
16127
22675
8651
18097
8938
25990
5136
11064
18231
23874
8038
25404
16359
12997
11452
12042
19423
13641
3214
5695
1124
13045
1084
22261
16549
23814
24518
1951
7815
10241
12557
18310
7846
18129
17727
18445
16883
18635
6467
26433
7658
11489
14833
26909
6906
16879
21677
2365
23356
2659
23082
26880
15805
10730
2431
3210
8421
16842
15800
23847
15717
15810
361
2270
27380
7056
761
18476
13096
26154
23497
7930
17016
5417
15501
4181
4891
10486
10906
14034
12926
27503
24595
4617
18324
2003
13644
2317
10762
26087
27356
17562
3583
11110
25637
6848
13337
204
9236
20968
26150
12869
10751
10846
10741
7804
10480
1814
17958
17270
4312
20212
17247
9128
26153
26749
24596
25587
3274
21891
16458
4495
24549
21289
5576
5254
13186
2535
12080
9378
24874
4700
20633
23811
18442
24135
26104
6016
17553
19645
26328
227
3329
26896
9124
1920
5065
394
170
20638
23785
22774
15952
10975
19484
21833
16838
6288
3085
6
16325
7457
16176
17927
10066
4460
12248
9455
13508
24646
12671
22055
19363
10825
27316
18244
4170
27147
24106
17327
9830
556
450
20205
15775
7173
12407
9300
8835
12193
8663
11327
2314
17648
18459
9824
20335
17442
4481
736
2301
20115
19078
22190
10705
5908
3674
8461
3007
21965
2204
26205
26728
22315
22085
10885
9349
25960
12532
5720
14083
23007
2311
10240
615
9812
2305
25455
21114
5453
8580
20146
19082
5303
1591
2464
18160
7151
14582
15339
4497
13392
6858
14525
3601
1603
16040
21174
17376
17516
8785
13643
23813
6432
14549
22232
15026
10009
9731
19259
14722
25823
12572
19108
20254
11803
11048
15588
26117
5444
1212
17823
12816
7797
16918
26460
21655
14172
22721
7789
16434
9754
24085
5128
1921
4564
21274
1248
1837
4526
3667
2383
9983
18213
174
17413
19168
6999
19209
717
17261
6440
25779
14754
10035
25361
15467
4903
19585
12604
6251
50
23281
12162
22146
27258
25011
1941
25858
26429
23064
4416
18235
18461
21211
18840
2686
2956
2192
23122
11395
5040
22572
3954
2835
16437
9723
19486
23138
7916
23293
7971
14651
5850
26476
20975
14181
26711
17791
24721
24210
17300
24308
26242
2248
5560
23320
7220
17887
19798
25700
27040
15238
24373
23658
24073
18172
18128
17127
4353
22632
7359
23040
456
19646
24951
16570
5127
18650
14030
9441
16111
336
16420
13438
11604
18430
19149
25360
8861
17865
1639
16885
25033
6067
21885
20238
985
6896
3327
6114
14396
22225
15649
5464
10169
9018
23167
24643
27422
5826
3788
19127
21544
13552
19397
11937
14269
24387
17480
1145
21759
19628
5584
25407
9287
15067
23943
12059
20590
13688
15573
18187
5000
8903
11819
22177
22856
1909
26742
4244
25248
12482
25552
17896
14730
24637
15159
3301
13446
13024
957
1459
19014
13554
692
15768
14425
17908
14368
5390
15499
11451
22945
25972
4038
4563
2453
16840
3895
27006
17214
18334
27206
26328
5670
2580
21622
14030
15627
22644
8091
12104
2515
869
25772
13527
20221
2264
13948
20972
6420
20095
19665
13354
14844
