18664
666
16324
10717
12758
22158
26596
2817
3096
21423
2166
1238
17999
16635
3846
17209
19259
15364
9669
924
11349
6406
7895
26387
7531
1212
11388
22237
4198
2025
25563
16968
4174
7166
15916
18250
20300
13628
10599
19162
9251
8823
19706
24371
23392
4466
2447
5186
1701
18561
1262
6521
19211
4233
14382
17387
20389
24411
11843
17822
20079
22156
20053
13770
9436
4916
8027
19917
18684
23097
19331
12917
14897
12506
19286
6399
11380
15887
22499
21077
17553
26062
6217
14994
6352
18414
6741
13969
783
23495
5268
15329
4050
23762
18897
26539
22060
13098
21390
6860
3672
2757
4369
23982
434
23254
19995
2983
26538
23142
4575
4268
14350
3217
7674
6323
12282
27319
2278
23458
27455
18327
13896
6509
26714
9777
7893
10134
18758
22193
17205
15031
6278
21627
25072
4078
22265
8839
14457
23508
11623
11641
1728
23964
3638
11370
19468
24634
4198
3367
6916
16839
26905
8161
25566
10600
15643
12807
7147
24739
10104
8803
5174
10560
14559
11085
18718
19618
775
21620
17864
4086
13194
10317
13532
16725
15199
15977
11889
19578
23259
21167
26185
23424
2555
1012
514
162
5200
19721
15054
21641
14508
18626
3809
8380
25468
2229
1285
5756
10138
6503
4304
8410
5457
1851
6283
21427
19829
20136
20895
27367
17883
18528
7049
11136
19867
10948
11508
7825
10408
10339
23684
2783
18064
10719
22918
22857
13254
24441
25837
14702
4430
21893
12256
9893
3019
25003
332
11189
25823
17486
19240
21798
13669
1827
6864
9451
14408
10685
261
24295
16144
22290
22901
9201
22858
23119
2240
22078
9514
19334
3778
9122
13510
25729
4676
4382
26199
6431
9697
3320
17493
2219
757
26842
6370
8884
10477
1767
684
15772
16378
4534
11153
12941
3635
12938
22112
19603
26075
24671
15567
2716
14434
11202
7555
1
1372
20718
12285
345
836
9524
11301
18360
1584
11848
20195
27555
19653
16999
5970
11134
27260
27149
2145
18544
17134
3456
23902
11613
23649
22538
23857
17113
3958
1635
22576
15285
16810
4950
1042
3174
15591
1065
13089
13642
23683
9328
25370
10369
20422
12152
20308
19045
21618
25250
20706
5859
6827
13777
20019
23215
16462
5785
24002
3385
18667
17605
15322
13661
21078
971
9120
27096
18940
18447
6537
22913
15977
24013
21336
17113
3688
2194
21471
17496
908
22718
24993
5992
9335
23192
23377
18042
11908
7177
21766
18505
2408
11636
24549
7889
25020
27396
23211
21668
25544
22463
14444
9856
15645
23319
18679
8177
26961
15360
15443
9563
15371
21307
3327
2561
13850
22035
14086
22941
12232
2718
11843
11918
12616
10677
15290
13038
19642
17851
19621
24240
4827
7781
20373
11838
15139
8095
26235
10870
2983
23025
11476
9187
20889
7693
20280
6390
2394
24316
19578
810
4568
10293
5905
20568
2453
19558
15235
3574
4245
23658
16609
22959
9322
16196
13575
13801
19880
12419
17142
2313
24504
18815
10388
6219
20067
6657
25469
2196
22832
12874
24393
15189
23464
19763
18358
21270
11380
2875
26238
2231
20145
1091
16811
585
14793
17837
12205
14268
708
17460
4808
14387
27153
2323
22800
8764
26120
27278
22965
172
5034
16018
15150
21439
9732
4706
18374
24866
5990
2052
7828
15789
20556
4082
3765
9233
24647
12321
488
18511
4416
10499
11156
20300
22923
3439
16415
4356
24977
24610
5585
5581
20010
10401
17211
8737
5895
20051
23249
24883
21679
8619
16891
20531
9466
4557
7519
19183
10875
24697
3765
9800
3430
3316
5525
15964
24974
16591
13244
23213
26995
12588
2757
27283
26295
2369
26679
17307
16277
22745
1963
15816
12370
9141
25997
24551
27157
11849
22337
17876
7239
11043
23814
11507
10951
6473
5426
59
6334
26017
10962
14590
11109
18153
17278
26107
12356
5855
13067
21688
9005
23301
25789
4508
17893
19393
5739
13957
8116
23560
8756
4074
6233
25542
1678
12286
21426
14285
11808
21126
20027
22785
6487
10902
200
21047
25807
10426
17410
2304
22113
11107
19346
5000
8479
12502
3502
7340
2479
22039
13187
26202
1977
6127
22649
3981
11838
19852
14368
2644
1690
15789
7830
19513
25722
17859
23033
4400
3032
24937
18814
22794
16089
17900
15411
2408
536
19260
19628
11172
9943
5532
24314
13096
3159
18117
1074
4168
18806
10843
10085
18325
24758
25077
47
16593
16752
4637
23440
10901
25706
11113
20077
6066
13971
2305
16711
12327
17406
10045
8514
14159
19976
3841
2866
24646
22177
21569
456
22370
3494
6013
3567
846
4225
5033
25790
26240
1951
16356
6423
4937
26858
15143
24027
1623
5149
20922
19730
22012
19384
23572
10261
15805
14042
15092
21437
16831
3180
26330
20932
3530
21206
14082
1550
17162
18779
15314
23132
20277
24078
9510
8538
26182
17692
23149
4345
24632
25171
27167
13297
7288
4101
14840
6557
11879
3786
15647
8929
6706
17525
14802
26629
23873
12367
19639
26406
5014
10383
22424
2305
7168
5691
16632
11979
4204
22259
23396
16289
13402
26640
14720
5934
2244
22919
20180
15990
10182
24857
13361
16312
3196
24914
3993
8408
14629
5947
5198
6319
12778
1835
5666
21978
20991
10714
23815
26651
18925
23121
25988
3023
8325
15514
15433
11766
23633
9432
10662
2265
424
16261
9549
3683
1680
25810
13707
7441
5204
4890
20696
19748
19172
6941
22334
25134
5113
12500
13467
12081
14168
14878
22214
18470
22740
12762
25863
9670
18791
19521
16474
17323
4751
21197
1019
18548
16733
11593
22703
2440
6405
7208
12324
19468
1212
16651
7106
25478
8579
6730
15931
24135
12686
18314
20062
14169
6997
26023
5658
14756
2375
19394
25959
12141
24613
8693
14739
25564
15464
6461
6883
21895
14217
16490
2639
16522
9023
11362
9720
1998
13970
25429
3430
11603
7408
1227
6152
18865
3630
11647
890
1509
11104
17990
11072
7332
19346
7136
15216
26885
11322
25273
26698
21653
4773
4723
14253
12095
8517
23315
7696
988
22806
780
13
1212
13791
20096
2264
2287
27057
16100
20704
23600
11918
17523
11336
14884
6428
1049
8521
12173
12896
114
23430
27200
11370
9771
4859
17828
18592
1042
7281
12808
9470
15754
26572
16647
15110
7424
10370
20096
6862
26401
17197
2879
13374
18713
8941
11404
7463
