16076
9146
21684
7054
27236
21557
10113
20273
3345
22278
23327
8200
21231
23460
24581
157
26741
5104
17326
23321
21486
17653
7324
8349
11025
11382
15587
16180
9790
9011
11587
6499
7700
20657
13382
25881
7391
14404
15964
8002
25926
10877
7233
5967
7090
6153
23707
12039
24096
9336
24083
3895
16196
6903
8394
4989
12620
16819
9593
1113
65
12289
1958
22305
25743
2242
27402
14631
5813
2674
17346
7310
10286
16815
14420
14417
27271
19474
446
23884
24463
22967
22973
22386
3694
9296
27390
17479
8898
4864
26227
8640
11395
890
6425
8737
24572
4014
14815
10911
8792
11854
9097
21178
7950
2424
8625
6896
8145
13290
13338
4914
305
23120
26118
19339
710
14742
20942
3841
9208
8649
24134
12859
808
21586
27392
3112
605
20476
21796
23846
2521
17256
18476
1450
1863
23928
5243
14782
10744
13022
1561
5119
13928
10077
24954
26370
655
5971
15798
12587
11170
20723
3335
25747
17344
491
8845
16933
5649
23704
2384
6312
22588
7939
14814
14657
20136
11707
20198
6991
6482
19271
12307
3576
22829
22356
16557
15166
1221
25256
20258
22874
5430
27399
27086
18843
27186
26601
19172
5095
19417
24282
8555
6873
27321
16607
2262
26827
6883
16297
3053
22082
23631
2244
4428
9650
14550
5596
5959
20992
24559
464
22607
15970
27096
1351
10277
5157
16431
2798
22289
576
20020
1634
23882
8842
7457
1112
10901
9711
20831
5043
19298
20273
27217
19093
5357
1696
14160
18823
15912
15742
1878
26058
23493
22818
9377
26759
5140
6379
8626
2561
19666
27431
3467
5256
11685
18303
6840
4313
26936
11872
7605
11520
7250
4709
21543
22986
22858
8507
15298
7091
26578
16589
1022
6484
16163
13026
13781
20257
25079
3217
14256
23590
23147
19212
22124
7089
6749
8479
12156
8620
10347
16358
27243
1470
23674
10167
1622
2975
972
24627
287
25439
7707
21078
8135
24122
6551
7993
6319
11794
5749
12482
14208
2869
5059
3769
21439
22768
12972
22109
8495
13001
27340
26328
24119
20845
12370
26708
1880
20895
18543
1588
11582
7924
16070
17883
19175
19326
946
16831
20848
15586
16548
15776
9961
2025
21818
12337
15968
13036
327
12243
15695
17819
17841
17567
26685
2625
5087
23601
27174
9278
19240
20888
22125
12379
12494
8507
8389
25352
22809
15076
23034
24430
24180
16152
9499
12952
21864
2306
479
15381
10441
18268
4445
3685
1757
1262
3532
8555
20620
6954
10375
5970
17419
15798
435
19183
6712
6141
20952
17284
13979
10234
19089
8100
2785
10281
22392
19096
4287
20821
25393
5583
5417
8512
16302
24766
6455
1584
17068
23170
13120
23457
7032
5020
13523
18020
4739
6874
4936
23426
10723
21613
7275
8779
5027
400
26099
13713
19963
13973
8355
27359
24349
22595
21059
10411
8803
23326
19818
12516
24646
16056
16803
20897
16589
24243
27037
715
17537
13384
2560
4822
3995
18465
3848
4592
2657
13396
1317
12881
11756
21669
14533
24635
17628
16946
3129
13789
3313
21242
13191
15916
16400
4369
2355
25440
14892
8439
1877
7523
18256
1010
6660
21252
15808
21896
17254
1563
26684
10869
18590
21174
7669
24835
8642
27245
14569
16603
26271
26732
1121
7133
15823
27155
21843
19012
4802
19250
19302
17129
19933
9644
2905
4056
3141
26549
6446
6284
25311
435
5548
13409
13849
23737
25579
24883
10602
14977
21770
24777
19246
8395
336
24025
26174
1852
23844
8608
8330
3294
6904
21060
16066
5850
22130
27295
8017
12828
16223
21585
19998
13432
2229
19407
26103
5859
20022
22154
11206
11915
1556
23645
6786
25377
20889
24533
14724
10119
10519
23933
18344
22725
4462
269
5680
16719
11521
17139
14977
7858
24706
27521
858
20392
21087
11680
14426
15599
16363
18956
11193
24332
435
22761
845
24782
18384
15612
14646
2389
11982
26066
9620
23145
15767
23636
21931
14793
19794
9910
21564
11172
20457
21062
22736
23821
14918
20237
25101
8471
12289
10612
18153
23417
9491
24585
2077
9641
15163
5836
13024
14182
22450
24341
16283
18926
8707
16051
6118
26533
13213
24983
11258
26044
13263
13690
20997
19198
18777
12403
2928
26561
11064
2413
16075
9631
8932
1706
17191
7530
6047
27532
17535
9242
16387
19432
21619
11182
12249
22479
10641
24317
9740
14320
9096
26110
22512
4912
15345
27079
11106
15285
15134
14186
11680
15996
9550
27135
5587
2591
960
15522
1831
12196
14854
8879
14985
488
14623
12365
22997
14149
1292
11313
25317
7332
7046
27435
3217
11570
14350
14159
26352
1032
20856
10641
8623
15387
14547
771
18743
10252
19280
15956
11458
17731
19800
9146
13874
25618
8656
200
23489
6367
2782
14726
10700
13819
5378
5816
13004
20188
10385
13345
20009
11141
4746
27175
18275
26227
6222
3044
18513
7741
27370
19982
11709
3429
17059
20834
5559
20858
22621
24599
3904
2394
7967
21212
565
7614
8664
508
23611
26377
25490
26232
17614
24931
5016
26555
6426
6450
6390
17308
26781
6259
14221
18883
25157
9709
2933
3449
12188
10046
6204
19267
26068
19047
934
26822
9054
19379
25910
6833
21669
23310
13099
21694
1931
25509
21555
14533
24412
9057
22875
25678
14777
9829
6124
10191
20555
25120
8309
20625
7657
24986
2286
9985
2294
2534
970
10499
10317
1943
3912
6499
19245
4337
13308
21804
24335
17619
9617
19307
2792
3152
20917
3833
2308
12451
12172
14874
22804
19401
22525
19984
25160
6364
3953
20635
1018
7289
24747
11897
14431
2141
24035
18637
19992
20670
6864
5527
23016
17025
5347
26262
15164
22040
5705
7966
4270
20465
14653
2313
10372
27523
25531
11017
11414
4581
8873
8525
8499
13897
22046
2803
13352
14758
3324
25960
967
9795
14656
20327
4040
17128
13903
25150
13902
24111
971
1192
5145
22344
19189
16788
19089
8037
11838
23188
9713
9511
4884
20312
24425
8857
23957
12920
21400
6904
2194
4288
26431
24459
16050
7833
15607
13451
5472
7
2314
25348
2116
12260
13698
25662
11079
25299
6050
25273
2230
6662
14428
3158
2837
23448
8806
4752
14809
22259
27464
14733
6968
18318
24388
170
160
13830
26215
9079
25276
5302
25555
8190
23964
9712
22969
23461
13075
21744
11575
8497
7430
16494
