4239
6761
8756
11888
8698
17123
8629
22473
17224
8317
26197
1242
16596
14448
14423
11755
6334
11538
9660
17071
14974
10055
20438
22897
8513
1404
19848
9838
16390
12604
13248
942
19557
25091
12392
5679
5557
4578
2825
4207
12819
23171
3574
18945
535
2077
19649
22295
21801
10887
706
6585
18684
13513
26666
13382
3149
1080
10567
3609
26506
9125
25170
11641
8521
21275
13502
11728
1783
27039
8304
1959
10623
27407
18673
6456
14392
2242
4037
13330
2405
967
26800
25463
1418
16312
1920
19568
5384
4148
16561
23444
22325
20522
16818
777
11386
21493
635
2602
26283
20811
25409
17996
23771
14836
24015
6399
1918
18563
27109
24325
25378
6761
25713
6526
12589
5162
10792
10208
21109
23858
2184
11960
25074
20086
3879
4539
18938
19056
6905
5275
24691
11881
24947
3611
314
930
24997
19055
25757
16540
5727
10707
19803
13098
10093
22965
6754
2926
24575
6912
22733
15548
13942
8598
6377
6264
26724
8826
11608
7902
25029
2226
1533
2512
6198
23309
2839
7344
13423
1888
24847
13801
25705
12058
16556
24520
16335
23571
3092
14692
23036
26996
12271
11799
26786
9377
20794
17415
25826
21725
6628
18861
10734
16776
24484
12018
14379
15074
8656
14269
26596
7495
26908
10163
17231
24506
22577
2872
26447
328
3875
12737
6619
4875
18888
13612
4507
16241
17680
1545
16504
21727
26919
6553
27030
12690
2675
24453
19904
7446
11734
10275
188
17662
14014
3552
18693
2705
23363
19124
18367
2512
8594
22211
18389
4946
8725
7581
9073
24417
5243
10902
3838
14258
21411
22486
13084
8533
18048
14475
6264
10397
18496
11364
5410
15211
8777
19499
14162
22910
23403
4115
17098
17999
16791
9158
12329
628
16924
19504
4808
45
24141
18146
11621
17650
2294
17706
17708
8220
22327
12764
27553
26302
4535
17500
4977
16800
22484
7049
17250
372
2894
16552
1858
20422
27451
10733
17670
27169
11715
1639
24789
2884
23091
24537
23209
20583
20596
19875
25725
4537
26150
8653
6131
11302
5662
8447
3916
21550
12263
25186
19082
14250
5633
21449
16569
3677
12607
9450
1745
5159
20257
14410
15798
19626
2103
18486
10995
17591
16313
15918
20762
15112
10901
7604
20819
25539
4574
13442
1610
7147
18737
649
15546
11945
24945
10961
17567
23847
2556
17137
23587
20488
7740
20040
16018
551
10881
22023
27275
13836
4937
13440
7091
17575
2813
10607
6965
11176
13577
21569
18129
26272
25840
3031
20765
6402
19518
18146
12862
22010
15981
25274
79
7768
4210
15572
9107
23374
22032
11353
4482
23591
17310
6352
18984
12582
17965
9300
10896
4472
25296
2099
2659
18065
16194
8763
5170
2450
538
9455
22397
27259
10116
21435
15134
20192
1893
7872
14438
14604
15939
12279
11618
9821
7233
25975
9923
17357
16980
11950
1837
1341
20966
24903
773
21933
16475
14619
7649
375
8092
12984
20907
20844
10419
12608
5431
19538
9168
15023
5745
1373
18475
25237
11259
12714
12554
16182
2795
1815
23993
23014
4334
21907
14916
8464
5490
826
19187
20017
5713
17433
7321
24459
14507
23969
3466
11514
10872
275
8297
26713
11209
26069
12732
21865
4869
19173
4136
16149
9987
23837
1699
14442
17071
13607
16835
4843
2586
18919
13040
6235
18599
16228
18832
1214
9346
13694
13325
2513
20803
10378
287
4485
21483
6350
23082
270
13807
2280
23244
14530
8842
10397
14290
11976
27497
8560
18955
1694
13667
24646
17545
14941
7105
599
748
1314
27315
18534
10469
422
1396
26677
6214
15291
14950
23264
14540
13197
525
22883
21811
15753
24034
11605
19518
24808
21662
3715
22207
981
24782
25694
10720
11360
18423
20173
4361
5120
2004
14806
9774
16998
11157
25737
6162
18097
15639
3383
24798
17725
11418
9903
2506
15693
16871
15147
22350
24330
4709
7932
23706
26247
17318
6288
2314
24545
25776
2320
12816
21292
7201
4614
17468
21122
16710
20877
3893
7796
23819
6224
10513
904
6426
965
19553
27334
15324
9955
11667
9169
1094
14293
3133
84
20946
12078
27372
25352
23628
8857
25555
13341
12142
11484
8982
18611
11531
24429
15060
12854
20129
4994
18529
15781
19899
21229
10728
25982
10721
16212
25000
4248
6305
2159
4214
7018
17984
23915
5316
17755
13727
18773
22841
7348
12241
6278
1562
19851
17890
25151
22347
19055
22073
13176
13232
4808
3576
27024
9780
24513
14398
23514
18989
12565
9471
9023
9212
14645
18610
4576
113
9346
5939
3887
14582
24892
20117
12104
12135
11482
4856
4851
6533
26699
4561
22021
15981
23324
1144
26920
9434
8148
19594
5239
6461
16708
27227
18468
23346
13334
837
22934
22783
14740
25378
27217
6506
20576
14150
14497
9053
1992
1166
20744
16438
4963
2519
21231
22136
21235
21725
15142
10280
1794
18419
18943
12069
23677
16386
17826
9620
26956
18671
6709
13528
6620
2077
24543
774
25700
11220
2192
10158
21764
2095
7371
20460
26722
19258
1967
19289
20557
7550
25776
8779
21723
15030
26670
10356
3027
18619
15814
20055
5641
17345
26539
16683
1690
10995
2314
500
3617
15688
2019
11153
23364
8490
395
27068
4513
10360
19245
19386
9541
5171
22841
4074
19056
23952
8302
13794
11388
15196
16562
19298
9669
8323
6911
14849
6126
6159
25033
11708
10439
8232
3045
15885
14532
15356
24561
15244
12366
11688
21325
5813
11077
23802
16671
13112
23750
22388
5853
862
18527
686
8274
8517
2206
6724
9125
2039
27350
20268
18776
17917
699
21591
11258
24236
18796
5553
21290
9267
7940
18732
25807
10592
11646
18211
24433
11979
12899
14589
13682
9596
10622
21496
10063
17821
15146
18739
2479
20279
2858
1276
18124
10902
27557
26444
24311
15598
9791
6438
17962
9953
6873
13030
223
23925
15864
8852
25986
1418
909
10845
12623
19818
19845
5903
17729
5732
18606
17599
16845
23419
21296
5359
23287
26454
3320
12393
4654
26302
2035
1601
12829
15150
27182
8555
2683
19241
22651
3201
661
8571
19278
10909
10571
10008
27274
13484
11941
25723
4654
5989
14951
157
12758
1561
14245
10522
10121
22336
2328
1067
1507
20590
10668
25313
26660
9872
14076
11586
5299
5203
8354
9932
684
23391
18132
20193
12463
1209
26616
