27295
23260
23766
8679
22322
4076
26659
16219
8125
26035
11957
6637
18852
8529
13330
5598
851
14902
13146
4436
17188
25686
17620
4364
26375
12655
9370
25233
3713
25046
5710
8238
20654
11443
11223
10464
25252
24684
6744
26596
10541
26281
22571
9438
1236
26027
23993
9568
5718
25015
17914
6615
26340
6399
8318
23672
17679
15625
4558
14368
2329
25561
12706
23067
23737
25296
8226
829
19570
21655
9524
16863
3383
12626
22476
10338
23864
20880
6529
10497
3715
18612
18116
23168
5923
24371
23625
13817
4212
9058
22482
21901
24006
9451
618
21259
17540
21214
7943
4211
9617
5303
11908
4402
15280
14508
18709
2089
18796
3940
19393
102
10013
20895
19332
16233
19523
18639
17471
10387
8615
3743
416
15330
322
19666
6060
15571
14398
6843
22112
6644
19756
5832
25662
20987
17938
3233
3444
12872
12801
13025
25099
5094
4456
11137
10014
7243
11373
17560
3791
17849
8208
6344
14046
12874
8638
6426
452
8240
8811
5969
7363
18370
11091
8747
24332
11659
24193
26342
11298
203
14977
6430
20751
25621
2357
17491
1068
23298
4758
4771
10217
13005
6266
13794
25443
528
17364
5703
3749
13822
2933
11370
21221
7570
14089
16717
13895
19738
7083
19159
17104
16941
26021
27513
18812
24366
10823
8223
24060
2314
25514
5428
2782
2726
17534
7767
12324
23265
2889
21423
24727
26070
6390
25066
7147
12568
7951
6280
11258
25278
9500
3051
20033
10200
22900
845
8838
17258
19774
5303
4090
20868
6973
11480
19130
23646
20658
15101
18069
16145
14900
19074
8666
20673
8371
13584
17324
19982
13497
22903
10758
15931
19098
884
24209
12052
6884
26871
25061
10900
9268
15009
6040
8243
14793
4251
22838
23447
11544
5694
747
16698
25029
24867
17922
12437
12456
9511
17553
9819
7525
9835
2259
7348
6331
17735
15439
15800
2813
11564
21951
14485
9170
2477
13143
2002
13245
13168
4219
22759
15880
4437
15822
1231
12520
2564
12877
12751
13547
5285
11469
15054
11483
13957
24996
14282
15542
25558
10977
7448
8834
26431
18215
9772
26043
10937
4081
23411
17407
6964
4181
22216
2610
11103
22674
17132
1368
14238
6541
9688
15234
20440
6272
12412
477
14107
19616
21702
3939
1641
3014
9236
17901
3320
13243
10985
19790
20730
22222
19224
12437
24604
10272
11169
104
12485
3241
11583
13934
13176
8782
12808
5223
25065
15110
19091
8902
4682
5015
2062
6040
18522
14000
7430
4432
17325
19187
2379
20090
3613
21674
17211
3753
9127
11881
9125
22754
19127
11436
14722
17709
21684
18968
14430
13165
9656
3614
13005
13900
5717
934
13826
17850
23257
2837
15450
19436
19434
11149
1934
12431
25618
23024
23149
13454
4477
20845
14398
2905
5884
11136
228
15575
959
25799
12916
8772
16493
20729
3466
4148
8548
10023
26126
10367
5518
528
4808
13832
22683
12618
13850
4550
19912
5465
18222
6430
23436
23844
13691
2704
8730
11185
18091
14254
20659
14630
5018
2231
1601
6854
9716
14183
18531
10075
14208
14572
6883
22834
23164
2698
10318
16944
11424
2421
26217
9907
23282
7916
24258
11696
18265
25099
18322
23867
24618
7348
13481
18035
10872
18675
22514
22651
12758
5176
6814
1009
26381
9000
20542
24000
3687
2677
23561
26166
6381
25389
4363
3716
10464
4157
26915
21034
14237
3408
6319
26008
20369
7208
735
27008
16995
8755
17867
15322
14785
19386
9106
15413
17502
12127
17285
23339
11259
607
16023
24004
25700
7603
24328
6565
24851
6518
1881
271
417
8656
22489
22865
19513
7837
11512
12505
11460
10011
20102
879
7965
26926
18524
11073
22140
13514
525
6817
23628
26183
24668
6283
24908
14135
12599
23944
4402
19877
3422
6576
462
27103
18042
6537
1335
713
12782
16271
16436
7300
15077
25436
26490
20562
10249
4410
12431
3497
22319
20395
7828
5578
9939
4072
18882
822
26407
9638
4640
8911
7138
22984
3291
4235
6949
20069
390
26941
4013
10113
21573
22530
22205
26006
21602
9017
302
12233
24975
13004
11242
10534
18830
15432
17689
2644
10788
2670
26643
8960
3878
1226
13958
24054
23066
6136
13449
6773
9000
20465
14008
25096
15498
9830
14607
23265
1067
20224
18258
25396
23789
7249
8407
17281
2974
3710
11812
21303
3151
930
11512
28
4854
22061
17025
25923
26993
1718
6598
713
15054
15819
19194
16034
15423
6267
12273
14262
23977
27397
10340
19239
16329
24844
18600
6298
2863
12768
20212
7609
11662
19600
18281
8174
22836
6429
23128
24280
8825
26328
7844
11966
2641
13415
27302
9540
395
25393
8144
18598
10980
7553
11932
20532
6040
16245
22185
1748
23939
901
8933
23496
11447
18735
23414
19361
19134
10320
16737
19749
9592
4793
20756
4831
23153
24827
3956
19655
21909
9355
19335
6050
25617
22152
5199
17269
8733
8262
13272
23171
3779
33
24372
11650
16933
13444
20308
15101
5843
7412
4654
5131
4729
14384
3043
21250
11595
16568
11300
4920
18470
9367
24928
8229
9879
14761
1800
2323
942
22955
11925
7013
25967
19901
12663
7983
26140
4172
5130
26597
20857
10729
3812
22632
9307
12347
22386
5106
10847
9350
13043
23735
3297
21421
24916
23908
18018
25570
26936
13734
1430
16537
25905
21055
26847
20678
6903
178
27003
14089
16677
5698
16956
6839
21531
676
25269
10870
5702
19934
5515
2591
26781
14475
4243
25222
25698
3017
14971
974
12008
8302
6034
10346
660
25065
19934
5700
27487
12970
23700
20459
26071
304
13749
17276
6164
6055
7275
11008
11009
12530
16223
27282
4369
20640
26020
13140
4574
6798
11414
1888
12219
9884
4028
4188
25587
13642
20594
25699
7915
5812
19948
4025
5328
17772
24761
7858
6291
2277
9203
23353
27108
1637
5381
26889
3827
1532
3466
9836
4993
18648
18077
21095
22989
13724
704
20334
8083
23879
1113
12650
11577
14696
1518
19480
777
18939
23974
21590
16026
22238
26626
25935
16216
5459
22370
13650
8840
14025
18554
18155
21640
22764
24601
20775
15346
6675
26972
9412
9423
4228
9819
13400
3810
26604
13866
23626
18665
9042
22166
2563
4836
6749
4818
2511
13206
6559
10085
26569
17378
23788
4579
27549
3384
14071
9044
1893
21996
12094
13256
