21698
24055
22930
5431
7771
12136
23759
19715
6550
10765
18211
17380
15239
1689
6582
25369
26481
2387
23841
1691
23463
21476
21530
26656
10720
14051
10931
4984
22685
1665
9530
10800
26804
12218
10421
18500
6179
18555
7199
26018
19275
3266
1798
15972
9125
20425
9950
2608
22234
1830
25540
16302
2386
24002
11258
11135
24325
21134
12079
12581
5059
10454
25707
10568
6532
14568
7739
3281
5356
12052
19976
8930
25061
11359
15816
15839
4979
9125
7819
20273
437
9010
14804
16686
5217
14380
15094
5458
22890
22217
11063
14085
9468
23526
13221
23007
6454
22862
6782
1782
14324
22534
25001
6801
12697
13118
4006
6468
26644
22804
3258
22223
19096
18685
4567
7651
26631
10155
7776
965
19243
20318
6465
24789
2189
2266
22158
23346
19365
17615
11335
3516
8673
16750
3971
23503
6554
688
21736
8773
11801
4708
22141
10763
7116
5450
20448
1188
2780
6143
45
13654
20673
4999
2908
9761
22838
12182
25852
4820
6438
4872
18152
5439
11031
4008
10332
17513
20318
21636
13136
18673
16485
22925
16370
5539
112
15521
12181
2185
6606
8060
13589
17986
15265
26258
27362
16936
23310
26375
10835
9931
6914
24815
7677
17008
19787
9486
25844
21389
20438
11295
17968
14629
10807
15197
26138
27152
24516
12699
545
14332
9286
8911
5798
11333
1538
18857
21563
2328
19406
20134
5558
23363
21464
12402
20170
19671
20287
11699
23589
14409
7514
9513
24538
9047
11254
26536
2845
19739
1079
6526
16148
7830
23968
2933
13436
9725
22494
2573
8903
3793
24609
27257
19303
19231
344
3527
18679
10165
22175
16895
1383
10850
16358
1337
9736
13269
17409
14143
10720
24785
13997
556
16817
1353
3828
11905
24893
18339
26444
21274
20278
26367
10862
17018
26760
22509
4821
3673
11637
10248
14753
23310
24428
19176
5061
5720
22137
9181
15160
11815
6837
18225
17725
17887
24661
24541
23509
15724
16732
6986
26300
1955
10271
12235
6482
7134
2524
11229
25352
9669
11765
26154
17730
16703
19519
2689
19030
26820
2748
12769
15535
8393
26038
6508
9260
16850
20412
20537
11033
8382
26078
22494
3219
19445
3441
25779
3695
5343
9867
21966
5992
21239
21282
5596
6718
23746
15410
19781
24874
14830
5473
15990
21965
9547
1126
3472
9398
15558
3823
4824
7012
1212
11657
1214
2473
5953
574
11839
9561
3954
526
13703
21531
1214
8537
2804
18744
26009
11107
452
5712
21688
4655
17093
21724
8041
11324
549
26837
24928
10765
25884
23458
6399
19352
26644
5554
13436
4327
5097
22490
5163
22372
24843
11317
13166
11056
27307
23274
24274
9881
23570
88
27259
21357
21173
21340
10371
5189
19347
24620
3548
5020
22203
17831
23495
11218
18917
13397
3553
4791
23225
25308
11842
4733
15500
8556
24745
5905
25706
7311
23165
11416
6703
13040
1912
17821
15086
2318
8204
26413
18144
5312
8360
997
21472
25059
21123
5047
16723
8413
6377
27015
14808
6166
11497
2799
22632
18623
2764
24080
5768
15550
9360
12026
13346
5296
12285
9396
4498
26575
8259
24445
17709
2279
2527
3295
20338
6638
23984
9901
10730
8466
2788
20456
13726
17897
18135
11176
11932
22247
5297
20357
1516
16071
1516
9885
18924
8988
17583
8903
15736
13301
17327
20408
20652
7840
6
6547
16053
20526
6266
15806
12334
12266
21317
13625
18200
22617
1328
15481
17236
7805
20412
1035
13094
167
7124
10730
5581
10098
17309
8166
23403
18861
4844
16780
22610
6026
17873
24714
24547
15225
22509
10713
25330
2053
5587
14525
13933
4117
14202
5093
24584
4311
14543
10897
20502
16866
27123
6134
491
8087
5447
15119
2874
1597
4005
6567
20790
23100
26663
22004
13630
8246
2481
16231
25151
21529
17533
27440
8330
17102
23799
15961
2685
21222
3095
18561
175
21814
13121
4269
20709
1063
18124
20416
10537
21227
26863
25639
12988
725
26131
19595
23084
14084
21483
12936
20063
2416
8939
15039
9400
5675
269
2314
11302
14989
25182
9522
26606
3836
21083
19614
27154
15159
17365
5140
26728
17213
12853
15007
3221
8992
16581
5409
19507
13983
6150
503
17843
7866
20785
20592
71
16394
6927
6640
9299
11190
17550
22154
8956
26308
11596
11388
13127
19273
9482
24364
12470
4676
11291
862
16661
26504
17107
20200
17060
11913
51
1657
536
3139
22143
25123
16781
15829
24367
12331
3505
13272
23176
20813
4147
21982
20612
13147
3074
10020
7313
18364
4305
23058
20872
17803
16522
13516
6079
21781
27152
2550
11347
8508
17781
23843
26215
12436
18130
26972
27125
17694
8852
1106
6147
23898
15833
20756
24388
7193
6095
19775
5074
15912
14440
20474
6339
19658
18368
27097
11384
4154
8298
23122
10534
23851
27351
9906
23517
19028
26350
209
27536
13942
19187
9210
1934
2124
16835
12280
1786
11577
13883
11063
22247
17867
2322
499
22551
3778
20042
23193
26987
7080
26102
16268
15385
19981
5508
26060
23690
18785
18158
18990
20564
23436
3318
1422
27114
11239
1210
6336
15709
10327
7392
20390
23918
3268
2187
15925
4814
27374
12353
14392
11775
26527
4310
85
8156
10690
16054
12638
18512
23699
5087
2660
24211
17074
26457
5393
2267
6050
12439
12873
7664
16164
20051
25110
12118
16848
2306
13718
6426
13940
3761
5018
11833
3846
13791
10044
6779
25121
7311
27309
18874
7420
20834
2045
18731
8497
12466
15952
7674
17263
11475
3005
9909
9240
1212
14893
5058
6859
19621
5503
3205
6397
1247
11267
2626
8839
6661
14063
20855
12599
4349
19204
18205
23883
17854
10834
7507
1380
25410
16440
10269
25651
15789
21396
3402
15243
14008
14977
22268
17965
25691
18364
13315
11994
4097
26997
3646
16274
692
27279
3345
18755
11560
23406
2876
4489
23794
4510
20431
12823
18566
1963
22500
10105
22212
2226
13856
23091
13392
12579
20403
17900
5723
23252
20616
6368
967
20543
14551
714
3028
13905
24755
4933
14580
11925
8396
2412
8726
1893
14516
23311
15184
7390
1113
26100
3807
26837
16127
17143
4028
24316
21752
10698
21322
4791
20075
14924
3275
27465
10124
9346
16966
24096
16775
14087
23802
23988
14320
26321
9393
19725
25412
16295
7370
15988
7261
342
11264
1139
15809
1818
17469
