5457
26200
18295
11970
12315
8261
22061
10072
7765
21604
719
21196
4976
2499
17244
8365
14861
5751
12758
15586
2329
15833
17914
4180
27056
11724
16115
19877
16478
23733
19645
25032
22847
8920
4815
24263
11306
6289
6993
22099
19214
23586
18771
9376
27278
3384
16577
4913
16557
27467
19027
18378
20371
15708
2658
15994
16169
25552
17911
16994
16037
6267
24873
6902
27499
6484
1632
7534
3680
25264
21453
24079
5727
16633
18008
26442
18912
6542
24805
18441
18425
8682
22073
23348
27367
834
9060
17855
17940
19999
25534
20819
6099
6761
10149
5562
5806
18955
20279
22945
14747
3156
1405
19729
13573
24706
12848
8243
19259
17408
13959
1813
19628
6897
11977
805
18648
2689
3548
10621
6724
1407
26002
28
8102
23270
4954
10122
1755
21988
9947
15897
25396
18841
11160
7108
13800
27535
503
13518
23669
7016
8860
4721
17059
2856
7924
14330
26942
11497
6556
4357
2366
21419
24457
20457
14942
20873
14417
2961
11297
12206
22215
9300
4955
2872
15991
4343
24294
20792
11889
2690
14412
14135
27424
21803
16341
12438
22469
19311
23931
3440
383
6672
5357
6174
6635
22431
26624
14070
23071
25370
328
18004
19231
22013
3613
21293
19729
9654
20003
16114
22198
8831
21202
2575
4252
2446
14984
23000
3112
3464
17786
4743
3390
7035
25429
6426
11671
14088
18844
17674
2539
1415
10566
26246
13813
5476
18680
531
27121
17551
3241
4761
9693
9122
7158
9644
23328
20783
14419
3518
6312
18034
2127
330
6047
23399
26391
19917
23350
22643
20757
20694
9662
3430
19926
15951
16027
14532
16507
2781
11373
14655
11165
12165
21621
27131
15552
10743
8218
6371
14606
1686
6970
26644
21556
24940
12082
6560
11161
15622
23363
14040
26326
2265
24581
20708
8729
4074
27485
23521
8429
23476
7112
19324
19167
375
21352
16267
21761
11138
15788
2313
1683
2241
19190
8495
20138
17617
466
7803
22706
17822
9244
1498
21169
879
5765
25350
26120
21931
3280
13412
13165
8121
8844
8831
6490
13264
7501
13559
20309
3974
21469
23652
21517
8081
9450
26984
14576
27260
1740
2313
4537
8677
11399
19601
1230
4485
26030
1670
12725
10338
10207
3337
9789
7053
3071
4459
2840
6064
8497
22567
12365
4780
25141
17009
5757
3462
17172
8352
17841
8673
14676
12840
22266
14365
6080
19417
19144
8482
22841
8384
10720
13177
13390
24820
13687
9565
4074
23195
269
12534
22325
1621
27435
308
21460
2197
23692
7766
15590
8730
11858
12553
7151
1880
8072
26890
2736
21620
21206
3241
740
9366
7007
15437
15058
12020
6067
27075
1447
24261
26184
8406
15948
22734
6240
21878
17238
8710
17695
1514
9455
27454
21774
12508
2509
684
8709
17788
8589
26525
13595
10877
19575
24951
2310
26189
88
24962
19931
4113
17050
18443
24929
16452
10789
26366
10626
9001
25938
2623
6875
16863
24401
963
12723
20933
3887
4244
7203
18370
10773
19138
16471
23480
24999
8718
1399
24658
16589
1732
15772
21427
10138
2292
27371
21776
7051
12853
9446
15906
11428
21628
23353
25811
14784
12672
14045
18692
19445
10964
3531
4746
2429
10463
4427
13749
23557
15242
20253
11928
3990
19112
12213
12837
26475
5121
26107
24368
5328
19660
15609
26614
16779
1159
27261
22692
18316
2616
13291
652
6047
17155
11002
11919
12852
8473
22822
23293
10807
6338
10728
17807
22525
14137
11939
2369
15798
4262
6055
7084
12059
2396
21285
15680
24529
2395
18790
7625
19320
7887
2481
3201
10626
17642
984
19014
4820
5203
15640
14639
11268
25359
24896
20774
4382
14276
21683
2892
12212
13008
16484
20228
10590
10041
23796
10826
3262
22789
18192
11721
19559
85
20778
7189
6893
583
16093
5774
23417
22972
8917
2819
15880
17382
17982
23397
5229
15170
20296
19909
20715
23232
704
1128
3020
9580
17316
7313
12908
24120
12215
23095
2909
4865
9290
12421
14932
6750
8338
2217
5632
2142
1865
11132
11950
26494
1692
23053
22859
17741
23068
434
19553
3111
2586
410
9825
19204
24504
18057
2109
19214
6604
3281
25355
1490
13199
23017
1414
7299
22561
17844
26559
4800
13863
14900
4064
11336
15877
13639
8953
20481
17134
6744
24431
1151
19879
4128
10029
9873
2231
15229
23824
3178
9568
2561
12423
27224
26392
22571
23213
8124
10761
11981
23994
3242
22815
27039
7955
3282
4619
20950
256
14296
17155
19939
23790
22617
23563
20480
8649
15337
4198
18158
20517
7773
20694
12063
19024
8573
1040
17420
13005
23975
1642
8935
5380
7422
22860
13647
11785
24175
2294
13861
21075
21920
16116
5359
15
27372
364
16846
7009
1706
18605
16829
14115
26560
26476
11116
1212
14100
19420
21523
2939
7583
6265
26774
9250
14612
1075
24012
22228
26646
14874
5853
12865
3616
17380
12817
17613
3807
24749
1106
12626
10699
26947
394
771
25378
7237
10660
10357
223
6929
24423
7348
2392
2563
16610
10343
11821
4203
22436
18163
9515
5141
201
14037
3096
22902
17368
21800
25284
4375
22723
6424
9202
20258
3217
24934
7453
13814
6009
897
4237
2761
16003
7830
2804
8273
10585
24785
2145
22329
25814
23994
16604
4276
8272
1974
11127
11680
19565
9614
10134
27554
2075
16965
24847
342
1572
23574
11404
13195
14925
181
4605
20188
16726
3380
1534
5556
20925
20840
481
15834
26145
16994
1307
26167
20300
7922
12058
7082
24233
7845
20215
9562
4954
21370
6070
18523
20590
9994
17327
3351
19028
16546
15
27471
23500
1089
24079
22557
6885
21393
11391
17830
2124
13754
536
21294
4986
17526
179
20632
3474
15336
23167
25868
21474
19439
20586
22524
3028
14252
15919
18164
13076
26262
11848
3377
4038
5439
12184
7442
18497
26457
7902
12853
2792
23029
24325
20254
14419
3310
20899
3888
6889
9630
15200
9156
5043
8539
23674
6214
2970
716
6857
24074
6393
10241
13564
7257
11405
12554
15715
5052
13860
6418
22237
21151
5360
17940
19686
16052
22532
24615
27312
9381
19795
5633
15256
23460
12649
8428
4743
6499
15284
17924
15136
18103
24556
17772
15718
15019
24794
580
15522
4566
11564
5441
2800
24541
12218
21890
23454
6483
2450
27193
6966
24574
25087
10072
7075
