8814
17560
13771
5137
18710
16679
17647
9096
20378
5736
14370
4117
19145
9331
19703
22290
4205
6185
14938
18325
18494
3383
344
9348
6322
15106
18959
5364
16690
19053
9953
12216
20160
9570
9167
25752
14136
15316
17780
21561
19005
22437
2355
1833
22766
14916
9744
24724
13759
17176
6261
18709
3310
8325
27191
26714
5113
18569
25320
20560
3616
18642
9799
24152
10133
17045
15286
9799
3503
25005
18702
19029
18192
12376
8882
5066
13951
4104
8909
22643
8692
11073
18370
22561
14733
8085
8769
14225
16828
11016
8384
18611
8892
9295
14791
1382
12189
2699
26298
18747
26187
2109
13648
1925
10926
11189
25348
4986
25460
26996
9038
23420
17503
9015
4671
14338
24938
20458
17015
26382
3875
19657
15244
21106
19899
24846
4954
6010
11547
18238
26643
26801
14118
13332
17558
20442
12281
15578
26555
24043
13504
19968
12688
25066
8962
15322
24717
8928
5664
8196
11460
23587
11557
2127
23531
12822
11690
15020
14009
26509
17973
15189
13942
11860
26272
15271
26782
17961
4856
9047
9342
23216
12166
8241
13171
15797
8266
14646
23118
27320
10713
11656
2767
2282
20096
6290
4201
26375
27462
16493
19255
10266
19507
473
14998
18256
22993
25874
14948
18238
2424
16883
20526
7483
755
1053
10836
4686
22806
19518
25221
15244
9501
9708
12347
22933
9736
2787
11858
15424
9943
3593
3486
359
20771
11369
11422
4829
14364
12438
25440
26877
11341
10039
15511
17854
16959
877
26120
27502
27438
23713
20575
47
5403
615
14387
14678
9649
16483
6606
9295
12739
10902
20822
6826
24292
5692
2761
22632
12685
22256
4995
12912
15677
2502
18578
23037
16828
20911
17001
161
4615
3031
20229
3194
14920
16616
15627
26760
19096
10732
27242
6070
24558
15685
1113
447
13189
16434
24525
22337
4364
770
1246
26791
13961
20270
11132
11488
24303
19455
22082
11004
19765
14345
7490
9835
20069
2491
958
13006
17291
17315
1962
24966
2109
9914
23658
25997
5000
24316
6719
1620
9907
9786
7119
10027
1575
25860
20213
11842
5992
11074
22409
18689
24389
21680
27362
2498
4409
25437
12785
2534
6654
5118
10478
18804
14700
17325
9385
27153
7473
24419
3891
26191
11348
24817
24266
23646
25100
19822
9312
15403
16860
971
26377
14526
2327
3990
15800
13258
16401
1212
14100
3178
6707
3729
19742
24011
11796
24719
1809
15291
27002
2322
1629
27488
25246
24200
4382
25229
19578
7401
15181
11880
25543
11649
12947
18572
2029
2267
21318
5939
13307
18702
19104
7245
586
9156
5468
6616
958
20264
10236
15778
23921
8469
16813
25729
14526
19681
13605
24488
12516
5108
22265
2959
852
20769
17377
20235
11314
26460
11124
17768
8128
24454
22784
14280
337
3040
6272
16797
20825
9760
5708
5729
26559
5470
25806
971
25563
22711
1923
14536
1024
20223
20590
7303
15588
9909
985
9852
27553
21247
20271
1699
8657
20465
6911
21609
22811
21577
18687
1457
17434
24861
27510
4195
21436
4601
8844
1848
20454
14909
7849
17925
957
26725
8355
17859
21794
8198
12112
13119
18575
16391
567
3103
21493
13536
23430
18058
4851
3101
19167
11788
10675
8700
19866
9009
21181
14342
20182
13802
6309
13011
2210
16824
22204
27447
16126
14685
13616
12183
8291
18561
1540
7748
1482
1745
17413
13789
17713
2555
1965
19639
10720
7641
24308
7346
19547
12032
18627
16262
7781
11470
19842
25378
1596
5808
21651
2457
1634
24559
27402
14247
1212
14408
7124
5633
22761
1261
25053
8876
26857
500
18390
17201
6453
4580
24880
4411
18603
25550
13906
1971
6079
2424
23832
25716
6391
19256
10634
10738
11042
17334
8301
11289
10432
4798
5288
12241
24233
25300
322
2375
21849
17473
17525
20148
11833
4628
21846
23211
605
8317
21503
19149
20822
11671
10583
15445
1923
14453
15101
21691
10088
25063
11476
9943
6125
19816
4349
6205
23592
23492
10919
8332
25697
19982
5020
4668
22781
2047
19057
19533
3649
6741
10483
18542
27139
15302
26455
8736
15040
26505
8963
17573
16382
12686
17538
62
25741
8302
18130
23007
14656
27103
14821
525
17069
10057
20660
11214
7599
3403
19480
13835
6244
9464
461
164
19414
678
549
14670
24586
22073
4681
10113
10488
18604
1308
4181
19225
24659
47
5844
25346
1730
4581
16073
10176
17742
10673
11595
24157
21443
21976
13423
11996
2314
13388
8061
1895
22544
15958
639
21934
11578
16455
16998
16633
21371
17304
2229
735
1982
25145
16956
24057
19751
1260
18636
15768
24546
4954
4712
26317
17006
13852
12609
19225
10753
12867
11381
11632
25862
19587
11395
17947
11955
4308
14944
10408
24573
11787
26431
12355
14246
14235
20306
12985
3362
17771
20676
5389
11454
15131
17463
10674
9986
2267
13207
24585
547
665
7326
8205
15761
22158
19822
15780
21643
13157
4842
12518
5977
14760
14188
16733
17016
23141
9810
25638
14359
3840
4553
3699
15777
20009
10922
18651
24052
1993
26826
26383
24593
26596
26294
8498
4687
2401
2857
24242
9351
27380
412
18436
17905
2302
12818
14955
25515
6217
23244
4030
4249
19547
24622
24042
8057
6574
9709
8118
3958
11159
8980
3989
24537
20366
1036
24050
7880
8486
27316
24418
15066
10567
6491
25088
3268
6687
3671
11858
26029
1176
17598
23682
24316
26280
2365
25725
24457
22194
10885
8747
20236
10880
9180
21249
18912
13562
8116
13696
13386
14269
12671
4258
2171
1376
5077
17860
23675
24232
10897
4892
22895
15722
132
5334
10154
16846
18502
24252
10344
10903
2043
23704
18293
21847
7444
614
586
835
15890
22611
5280
6933
6998
7041
18508
6482
14913
18076
6711
15056
25298
13397
14535
7793
337
19687
12493
18196
15047
14823
20503
15899
13869
17856
9433
19414
21966
12525
384
4835
25145
2688
9239
13095
12645
4216
27363
22191
25839
2094
10357
24632
20054
7385
15107
24771
23175
23545
12970
26569
16373
6290
893
13104
10606
18229
14798
7378
17340
18280
3082
24282
25535
6432
10991
6590
829
15384
1743
13597
27266
9100
23311
14660
9948
14799
5456
23286
6247
7596
18390
21251
18129
15111
12251
503
21951
11155
13431
1830
8632
13034
10901
13175
9525
8837
7098
6905
25661
8025
11277
