14808
8536
15681
27287
7630
20012
12498
11491
18352
536
5636
26718
11668
166
7184
20416
9404
25768
1433
14904
10890
18820
17031
10237
4080
9071
16095
11468
15420
12217
20874
20013
14514
27083
11476
5005
9687
3976
9838
10276
12347
16103
17676
3624
26230
13079
10577
20586
9235
26359
994
18421
22735
13826
26968
5195
2718
5769
2150
21293
4799
11777
7920
10156
2427
23984
26395
21708
14353
16973
2502
11504
16061
6772
15358
6144
438
24620
15798
20623
14817
27311
14685
25282
13603
11364
22378
26050
20699
2082
11877
23536
13111
22112
25803
17947
18980
18710
18173
1313
23832
18291
27226
11842
22914
2469
23310
1289
22935
18640
14071
14428
6524
7897
4092
2314
25859
11650
20577
22300
1943
8886
23865
12254
15835
17087
17400
15085
5195
9273
18428
6600
20240
6750
11743
15862
23285
26464
1762
4198
21942
15926
18690
25948
7418
9785
21470
2997
1168
13668
4928
20285
11564
10989
5341
4120
26345
22842
11611
21436
17522
1963
24945
21185
18415
13646
9702
1434
24299
12716
3345
15504
3483
16451
17988
13007
9598
552
13186
9982
14404
24836
21423
22416
26780
12668
23642
24549
2416
19726
5197
19540
20685
11374
19856
27331
22715
10353
19705
2611
25201
5386
11283
23631
24509
6093
14417
22534
19440
6058
5399
17719
14247
10172
15530
7436
24219
9440
5767
16580
24122
24088
11601
11105
10384
2391
12484
6364
16456
1272
3697
12592
1964
394
23755
217
9990
4840
14243
12291
11119
21846
11268
25018
4936
18693
1628
15155
10022
2712
27108
1700
15086
12487
632
16698
22739
23238
1729
6405
9946
12891
13139
7252
22708
17890
23173
24505
22899
11043
17214
9796
22466
22163
2106
9860
19167
26596
13657
3333
6567
5144
6315
23508
3519
13411
6666
7167
24365
25128
10287
13061
11732
23728
850
1120
18085
18491
16000
1841
10311
16886
19601
17471
18008
16149
3379
11932
18506
19806
12917
1060
11500
13296
1473
10909
14874
2998
23710
23403
18903
15579
24520
1775
5328
2919
10638
18668
5460
7524
17686
16988
4177
24411
16172
20866
20275
791
11874
5388
25634
14769
9994
8933
9977
3617
10229
21129
20469
8681
10831
26675
19240
7432
7020
21090
24572
5980
18391
836
26011
9132
1823
9662
10440
16637
11638
7147
5072
25898
1284
23872
8970
21961
1139
77
14637
15743
7640
22454
14131
19250
25537
4224
10829
24179
15670
20888
17482
24534
16897
909
18500
15863
19138
24113
347
21345
27377
20189
3830
24406
5634
132
18377
10674
12214
5892
13244
8634
11510
9757
18902
16961
6122
4421
23056
22064
8198
16403
7257
15842
3162
11734
24236
19769
13269
1837
21866
10850
12438
22899
3251
11180
25847
370
26204
26942
27409
6334
26225
23738
20502
18967
1586
23380
652
9189
12327
25762
12103
2583
12530
12609
17639
1393
261
13847
7596
3309
26379
12645
20535
9878
13119
17360
15447
11936
6797
9928
22114
18965
20162
11715
23877
6055
6255
12351
25572
1854
2445
2514
3274
19366
14614
27468
23659
5666
6090
968
16782
15600
17186
15421
1118
14633
24518
16927
8126
22930
8496
3613
25265
18985
25071
22194
1991
21265
1788
6655
3831
25121
7555
16628
3871
19830
26172
6714
26422
4416
12254
10735
14251
22001
27462
18281
2982
22803
6914
10839
18709
10161
1620
8974
2988
22480
15408
5282
24514
14973
16791
22401
9431
1409
17438
4748
17062
17599
10699
6484
8769
21881
2143
3194
2847
1201
15876
10884
10675
1785
14466
4822
3990
16923
23559
24216
9875
4510
6267
25692
4506
24206
13951
22095
5976
25004
12106
24516
503
26894
14475
12529
20631
25549
18871
20065
6049
911
858
8589
25762
2305
26742
14175
4960
4402
8388
27346
11917
22977
12458
4152
17714
2926
21973
1547
26129
3503
11633
10869
2266
13859
10857
27071
4793
16897
4602
1888
19534
20975
2315
21735
13843
12403
5940
3532
25079
18665
22633
17603
17571
10927
18730
3989
17421
21450
20483
10169
4804
10937
10699
5888
25711
24608
19764
20003
11488
7208
23587
26578
18859
2882
3867
5771
18821
25182
15603
8216
513
5633
7791
8530
20003
9944
20314
14784
18644
8288
12424
24344
25397
11400
5032
26011
26268
24770
26402
4597
3234
19820
24002
6427
11324
22262
17729
22363
13326
19818
17975
6660
2153
17154
11528
5577
25008
17900
7837
5987
7942
11395
3142
2480
353
7628
24407
164
18804
9346
7420
26431
8508
24465
19722
24883
4251
27472
7438
4958
12979
16119
3743
1389
14617
11686
4897
15453
26140
4523
13874
11375
23238
23997
22490
10617
5645
3695
10790
17126
5749
16811
4369
7555
19584
16223
16622
25696
7340
15977
23013
26430
3236
19094
17174
24508
15860
25738
14071
10571
5426
298
19108
14284
23761
21018
23625
1999
8327
6847
24421
23200
16388
4339
22830
13589
25271
17946
19326
14551
8444
24008
639
11918
25183
14089
5886
645
21293
26714
5106
25450
6459
14822
15321
12758
5995
26543
11556
8758
7171
3694
8715
20276
22137
26187
9404
2757
7802
16402
18941
24552
12997
16797
10014
10540
25284
12789
13921
18106
13449
6222
7205
7006
22272
15385
8300
25436
5379
15087
24087
25098
3208
22569
19063
11800
21415
15157
7836
27464
26560
16180
18323
6747
8072
5585
18537
16866
2007
6129
11236
20266
1786
6021
14941
24470
384
25942
27557
16927
4387
12484
9055
17823
21445
13646
17647
2447
21173
8059
13501
6931
2346
26671
15702
20235
6338
26065
18529
1120
26161
1302
25003
6311
20878
15687
14636
14301
26110
5751
10034
16373
18724
15987
6871
11424
24442
20525
10277
2508
3426
17323
25318
22411
2542
9999
10239
24696
1501
16774
15519
17826
15352
1959
20601
12696
21652
8878
18389
8950
12468
8365
18943
14669
400
9744
5750
16061
22706
12499
12826
22494
8932
5227
13720
16648
16717
791
4469
18927
6127
6690
10971
23967
25226
8131
3776
1462
9838
4047
3855
8261
13388
2521
1560
8118
17377
6543
7974
19029
4870
25144
7336
13834
10407
4289
10368
1955
8745
13950
16744
6194
13259
8814
22932
2426
20242
3942
26570
21548
8961
1559
5335
25495
26332
23504
20092
24087
16954
23295
13928
6883
10066
14267
21881
6968
25050
7752
8840
15563
21161
13359
