3554
8341
5594
19850
23302
13307
18152
11477
5990
7956
27423
22493
8394
25705
19051
23640
2811
6125
12637
25170
16286
6674
11772
4300
15957
14081
20273
3794
21837
4291
5798
467
20527
11123
10821
22237
858
18617
6662
8304
12877
22712
11587
8463
19128
14502
3400
20717
11043
20669
4218
17993
2499
21044
536
7636
19148
22266
19564
22643
24383
9224
12569
18244
2799
3582
23018
10643
22784
517
26854
2694
19415
26313
22935
10744
21353
12531
8751
6294
4385
3675
14324
192
1887
23360
16351
10693
19729
779
14504
14331
1960
27158
767
18214
10963
9570
6751
7813
7253
6499
8121
20215
5942
13651
16685
6867
24974
2003
13189
692
14363
9931
4615
6397
15399
1736
5288
23020
19640
20743
8672
19506
5610
7858
8482
5064
7104
1613
11264
23256
9444
25386
18128
15281
4436
13056
25969
18451
23809
26831
11524
21486
16208
17759
1589
9588
12268
9080
978
10805
23166
12136
21940
10175
15092
10857
20124
21656
17708
27182
27094
11896
27027
23204
882
11331
26362
22175
7992
6002
4632
10435
6451
13277
10933
21755
15235
17253
3346
11307
11063
6223
8987
16444
13339
22461
6289
9725
12265
20153
18000
2675
2512
17919
18463
18097
12298
25986
17026
558
434
1351
20958
15970
11141
22413
22493
11810
27056
15259
25764
8128
23201
13588
27080
8901
11208
23531
12879
27345
16571
8290
19411
4236
5532
4268
8579
16929
1621
5383
17662
6267
4376
6864
6903
20284
3197
12136
15988
23113
23763
19453
23234
3612
3489
6925
6754
3496
23680
15766
25846
13264
19336
1599
1134
25525
173
10491
12449
7545
23386
12126
5298
22886
58
23383
12470
19816
15217
719
23948
11653
19397
1738
25880
21413
26135
10070
15450
471
12912
5209
9814
9804
14473
20912
24396
547
15908
413
1167
10272
18390
13897
25639
26315
22368
11091
2077
71
14617
16576
23640
9585
23239
12012
20572
22797
12922
15262
6429
25369
12434
17503
25520
9350
9588
20629
3449
15064
10029
11929
12412
4668
9483
22843
345
17651
27083
7077
18137
2528
21124
194
16610
7287
10954
27127
23695
25666
8083
10762
15175
3093
6771
23432
4625
25991
24108
19034
11322
16878
26004
11807
27342
22992
13003
25119
5220
12968
16297
15067
23950
20163
8726
1091
9540
20676
26620
21028
7575
9759
19967
5978
24852
420
21324
17025
12660
26
1934
12194
16046
11182
19059
18824
16749
10976
9708
344
26584
3672
5824
8411
24412
2878
4206
1328
22103
22501
9352
27490
7353
12884
21405
4216
23899
20843
13170
16275
1650
5709
4371
1212
14593
26086
7745
12727
6609
8590
16630
19994
27330
478
24870
19934
4400
25887
6290
25693
9129
6482
16780
25378
17271
26992
21967
12839
15884
22194
10370
17867
16538
14770
5311
14269
15713
6190
27526
8443
5315
6889
22384
24061
17345
24991
15272
15462
20002
2905
9405
12955
2886
19957
14690
3334
1518
2659
1813
9689
11780
8875
3920
23984
15547
27424
7020
6089
13498
11849
15851
23002
10733
21915
7587
3685
19985
1576
18980
16267
823
25570
26865
13655
3757
4269
2910
12026
14404
22497
23138
8084
23797
13522
15514
3477
25448
190
5244
4507
26827
16676
12915
14761
18921
3295
9662
7542
24316
4233
11030
19030
10559
22856
23538
18910
8415
23305
23924
6559
25805
475
3590
4315
52
13361
23982
7559
7198
12674
2470
18510
24225
25253
26531
23691
24590
13042
6126
10093
4807
8948
14026
21577
16356
1714
18367
1339
6746
27269
22139
6539
10946
4638
19245
23748
9307
7882
5855
25082
9647
13085
5988
18890
22186
15035
6788
6097
6888
16803
2313
8411
7281
12582
1717
21343
7477
25675
25109
15574
27034
6870
10167
21374
26818
17912
2359
21321
14485
20133
27219
4672
2736
14777
5394
15863
23905
17503
14356
5836
8020
9895
22734
22662
15523
254
11509
17627
1323
19371
15530
2484
15249
4053
12086
19700
9251
7930
943
14602
5783
26735
1190
13813
94
21035
4089
25117
10081
13058
24634
6596
16103
22415
2881
14417
22517
17407
15620
18377
26606
1387
25241
7954
15948
5113
16595
17256
7089
12073
20912
22282
3313
11519
26208
12093
2223
16905
22535
17613
3822
9607
12709
15177
4725
21126
15407
27418
27330
25781
2894
11364
5584
24429
14451
2631
6637
24412
6789
23298
6154
19569
4038
1915
15622
9264
25674
1016
24387
8907
27191
6588
865
23843
16397
12781
10633
26431
787
10181
19006
5532
14356
9682
19347
188
17345
3240
21133
14470
16072
3045
16586
13036
10205
314
23569
24442
20517
21901
3467
7242
25719
27448
26167
13327
17084
447
10035
249
14761
11301
21275
20970
3888
3951
14439
15169
8361
5371
16797
12348
16689
170
12883
9232
3149
12769
11604
18379
17949
3447
5991
3481
14448
1324
6719
11846
5300
24319
15503
16478
14100
17445
7737
8725
21886
21361
17077
11929
323
3132
20590
11727
19298
26368
6713
2817
10522
6543
6196
13985
10282
7437
14342
17294
5282
12306
2678
9524
18117
12500
4880
710
14084
10349
14932
25912
15101
2586
5927
20747
1404
17584
4389
13815
7464
17625
10434
11032
1746
10229
14196
12050
15991
26630
2405
1496
23795
18857
23211
16257
21553
9694
24598
3278
15577
19559
19495
19291
21579
13091
9899
21477
2290
11240
27546
15735
20746
10070
14903
24862
24915
12024
1220
20340
14102
6040
21892
8698
22203
27522
23918
8807
17719
6645
25492
11687
13842
2652
18980
16443
14083
17715
27273
21772
17483
24251
5688
11349
26712
17855
16205
8326
223
27153
5782
19883
21945
16277
3908
4327
9417
19080
108
4012
26198
27360
9716
8823
16768
13604
15367
24863
17923
21491
7140
4731
22966
1233
3384
7946
15320
11804
25408
27540
16301
22233
22352
1602
5421
9389
5561
5641
8830
7245
19885
19194
7610
174
8233
9119
11795
5210
9955
20304
8558
26965
26416
23250
15950
2782
5047
13176
2313
25512
23804
18682
8589
7826
16289
6914
8243
7699
24604
25164
13863
13193
24155
16719
3798
2825
3867
26554
13074
17084
10667
21643
18682
19267
2956
25688
8656
26915
13785
13705
3004
17428
8939
27133
26922
26026
615
9790
1633
4058
25540
8995
8911
12783
18900
9396
6499
23417
24207
23831
4517
5880
