7327
25431
9039
10222
4181
4643
20939
2458
4930
22401
13086
6523
296
24479
20129
11666
7338
18342
17393
10901
23337
7403
20635
20170
12743
198
15800
7300
9857
16659
14077
25830
11850
4085
20771
14823
24751
15005
8900
19276
10901
35
19287
23654
109
21623
7710
14581
10444
342
4142
17921
16561
16277
15880
10411
4504
4028
11022
2446
25499
8172
24801
4921
20380
11030
18682
23286
12159
24057
27014
8727
26224
12005
23750
10870
19749
6496
6132
26533
9973
8546
16763
21262
11108
18834
9332
17077
20590
5110
8725
4727
10748
11623
8397
12250
9302
8144
18601
9062
16562
22861
2489
3545
4170
1189
15394
11795
7071
22031
21279
13551
20099
13162
441
21939
425
1549
23833
7161
20325
4288
21174
2704
7215
11200
26972
24882
5378
2644
6535
15308
4269
26149
2753
7249
20137
9434
2394
25894
24417
26190
1267
15321
18894
10770
23778
17006
748
621
24378
24842
25472
6748
9024
191
307
7611
11302
4942
1527
26580
1813
11275
16034
15814
574
10785
25558
4607
17526
8620
26788
1107
6051
21836
9959
10828
239
25308
26590
4344
4386
9653
10666
14083
11262
16024
6950
14352
4235
26365
7108
5569
24548
23684
6463
5854
24663
351
5877
16514
19876
19876
10363
26641
7462
21472
3240
6894
1353
11906
17693
9836
7689
18162
23354
16306
26888
3862
23926
24703
26171
10357
924
25438
10607
14077
4075
6761
22934
25085
27256
11449
15798
16379
11707
614
5951
12441
5421
9940
7146
831
23945
16407
3138
3876
847
12118
24548
803
18230
9648
26082
11944
79
21760
20918
24305
10345
14418
20709
22472
18799
13051
21484
5364
26685
24506
26124
20336
6353
2593
24612
11397
1105
9621
594
21650
18600
24973
19290
466
4477
8542
14346
3820
15201
2639
11098
20294
26989
3057
13628
13317
8884
12065
18390
19937
3992
24728
631
16510
13280
23384
6672
27037
7269
21971
17083
12444
1450
6552
15096
14407
18544
9160
15052
16480
12315
19730
23040
26193
19904
11905
26799
3683
16390
10054
2601
8972
3049
8242
23064
12469
12442
18736
6797
6394
6040
19206
5439
14826
7807
10544
6855
21019
2839
25267
4353
17258
5063
1955
15872
13387
6558
18057
8460
10489
7861
699
4860
11257
19108
9566
6155
27564
8517
11338
21124
1603
1104
15553
8485
2208
25451
22641
2392
14264
5983
5457
14025
27513
16176
1442
7238
25340
20533
22064
17893
26554
2058
26453
1984
20182
20500
23117
21563
24689
13209
20215
3962
10590
891
18963
20743
9613
279
18187
11065
2106
25126
25537
2834
17131
22399
4004
6638
4281
16319
23920
19320
11104
529
7937
24119
5308
23334
18733
26182
13239
23356
26016
6662
3382
25225
5467
18876
4984
14798
16566
25119
320
1297
353
1114
26863
20254
19730
25374
12986
18082
23167
2464
25938
27011
6907
20507
19930
1435
18490
2718
14571
5212
13056
18975
277
9123
783
8314
27002
20450
1157
13399
6283
7809
22652
21149
17150
25639
5499
20578
23830
17426
6551
455
26373
25287
13575
4275
2927
9658
18143
18121
2280
10795
730
12110
16502
3822
19753
16080
5882
10963
10779
1945
12456
12042
17228
25955
26989
3962
10862
11024
14058
5958
24777
837
1565
24836
25289
13738
27256
3221
24465
17996
7843
18892
6386
5816
20346
10988
164
13765
2238
3268
19830
4904
21022
9745
20295
18853
8956
10847
26760
19742
26231
14302
24312
17659
23796
2424
7888
1636
17075
16185
19935
12538
12132
1776
19442
20011
15348
1702
16142
25306
116
17799
22558
330
11296
5008
4954
23060
18575
27032
25503
1883
21451
9307
25986
11474
9193
9662
20937
6553
2652
5410
21769
15734
9684
1491
8568
19862
23118
21356
6728
16049
23409
15995
5278
1116
16376
12913
1260
15909
26320
15708
13630
16798
23642
4565
18630
23160
10968
4287
751
469
18302
6646
4428
19240
14215
23671
4705
1940
27466
22542
26872
13045
22970
12928
1485
6283
27435
5802
13523
18474
21674
19258
15121
14495
15481
18313
11746
501
21466
26673
6009
14205
20878
6714
10904
18802
17401
21233
20605
22820
8839
25842
7931
27427
9820
13647
24768
12654
24768
25546
18311
7545
17819
21835
9025
10618
11752
15921
12346
22399
2747
15032
6079
21520
22138
15744
3328
13354
25225
20926
1170
5581
13028
18067
22686
16202
14236
9722
7865
24349
24878
10307
725
17681
8932
22716
12061
6729
4824
24916
12630
10955
2926
9615
4214
22753
1630
20834
16205
7812
164
18991
21375
26596
23510
27150
3959
8573
2276
21528
17891
8830
16336
3965
6786
272
606
4260
11574
3986
22777
14269
25709
7253
3915
4112
27500
10621
4232
18597
15563
11577
18118
12027
7380
10095
5133
13070
11938
6428
9780
15416
24258
17306
22271
16517
12657
6747
4338
19247
24249
21949
20777
15403
11562
7070
17003
2458
23108
20506
23872
18008
21829
3933
982
8783
16761
9977
14028
24725
21252
23676
15302
13287
12950
9070
15997
22999
1486
2781
14845
17973
18332
22405
23357
22160
15881
24317
15988
21386
27368
7277
27102
13184
19488
18221
7760
26616
4564
15563
23413
22178
2535
11665
2817
19191
24045
3394
23818
24872
3915
23674
9869
25110
4199
19272
17977
24490
17982
10870
27212
2676
8530
3322
24164
10855
4587
4508
2262
4544
15670
16704
24314
17452
19921
12045
6912
5479
18597
21245
9068
19887
11892
6555
8305
23192
6916
8848
2638
3459
10882
10612
15722
22184
21496
17657
11940
6284
3073
20126
8173
24694
17465
15561
605
22308
17523
25978
10088
4481
16004
17071
22299
2228
3375
16596
6034
3745
15187
13357
17879
26641
21762
6109
17688
5825
13047
26489
20822
7686
22266
21350
18354
1399
17249
400
8255
10643
2118
12733
20133
18286
1059
24961
20737
868
11636
2533
2535
6864
1837
15331
12169
5653
20500
19283
2364
7841
1129
2287
6035
25436
10030
24336
678
9036
20843
24856
20854
9182
22466
10109
81
18504
6089
7051
2066
17902
6855
7448
16082
2625
19094
14267
3936
10682
17723
11716
22968
6807
17335
10382
4678
605
13230
13392
20630
25863
4523
2342
6407
11126
4032
2060
18219
19044
26163
19035
17100
2057
26996
1987
15956
10120
9662
26491
5061
14802
19615
12514
7722
