5380
17502
8341
15574
21499
14533
10907
25875
17270
8730
23239
21760
11498
22533
27172
22024
23376
7435
25534
27098
16918
4210
3451
6107
19687
10691
19473
7839
8535
5287
18534
11728
8167
22001
20764
17413
12058
11439
11920
12750
26873
26809
15189
25018
4414
3829
1374
19569
5990
355
11586
17958
3159
27348
2207
22765
21682
11165
23556
5801
13422
6458
5794
18099
10500
12274
6208
17396
6830
24464
10264
17601
17074
9166
16178
20590
19716
23786
24359
1935
23742
25667
23968
2310
1426
12516
2420
3606
11816
5972
11806
360
13323
18237
6777
4971
6107
5861
8838
6204
9994
22111
17122
434
26722
26495
7069
19693
12133
10261
16132
5157
15073
24947
2744
26371
4373
17838
7507
14560
21574
18488
18472
24288
21850
2278
27509
8170
23156
9265
3228
19110
12327
4972
20942
16650
26752
11568
13136
6413
6084
26882
7523
22660
12557
4876
3486
4486
15745
13521
25247
9421
10911
7882
13183
17441
2846
646
9679
7348
2252
16573
15023
13658
17314
18745
22586
23065
5666
11301
23405
25519
4172
9410
271
25024
12357
11585
14390
13605
23556
12616
15089
11771
10419
25387
18506
4526
11925
4526
25672
27278
23680
20308
26177
24507
26706
5573
19464
8207
6721
3952
4974
12241
16305
15624
22373
27294
2538
10324
21111
1063
10021
21883
66
19603
10037
20295
27370
13213
23348
9996
22938
7370
17426
18368
26382
16863
18891
27153
10927
14956
4230
13112
17651
11692
23012
3317
4668
15776
13096
7614
11416
26056
4281
315
18964
15663
18100
21514
10596
15875
2339
26020
10538
12007
15033
7942
21447
17037
14621
12124
6563
23147
4207
342
14583
12839
2736
24508
26605
23315
5391
10000
21460
18565
12220
906
18025
10731
7958
12762
8403
26820
367
11530
19190
13303
16948
2749
6897
12707
11213
7303
12758
14908
19855
26685
20414
13569
24669
22287
25167
5973
1646
20688
20699
16704
10772
9072
2583
26693
18103
8705
27474
17503
8542
428
10762
14308
15921
13103
12738
2272
6959
19366
15923
21687
13172
20880
14920
23778
6808
11577
17337
5322
2441
15524
5273
21034
21104
27381
4937
962
21313
94
3913
2539
4782
14808
6806
16858
12520
13907
3848
23021
11440
2887
19553
13954
9250
51
10132
2449
20056
18170
24675
19
233
20776
22741
9524
21742
1248
21022
2924
11364
17120
1779
4548
14245
3047
4542
303
24568
25550
12122
5253
13883
2077
5751
24609
19129
7627
22419
23078
18048
27384
8406
23573
22527
2034
1097
23563
8877
22060
18534
9252
4223
14047
788
10374
740
6788
24627
10244
23997
8410
9002
3582
18156
13758
962
22046
15320
14960
24834
24228
6450
22246
16591
13204
23551
16981
19361
7007
27459
10999
6653
8091
12723
6017
4375
23211
25065
27073
25691
20588
19530
5457
587
11240
13595
23623
25344
13049
24946
16816
192
10790
25154
2314
11634
19371
10865
2507
6098
5038
18361
5018
16129
19333
17220
4455
18418
2343
4434
8028
23040
886
18597
16617
24581
494
17089
9892
12560
6178
24211
24162
5710
2299
25272
7898
17118
21939
14472
10667
15213
25304
21256
15326
18988
2123
27482
23814
11731
22977
18010
21275
5830
956
6070
3159
24344
906
23750
23925
9248
5603
24604
4269
22189
6761
21897
16279
737
2265
5385
7118
10720
19889
1625
1120
23304
18263
25837
9280
6417
25557
8551
4425
19200
13155
5891
15361
24462
10758
22306
7960
26916
25284
87
672
23849
20629
8989
280
13133
14560
19250
2405
23712
13037
2646
7540
14493
19998
19440
10039
18281
22081
5009
4964
26597
8740
26726
6827
21019
9762
16438
16946
9566
25597
3937
16913
17514
13647
14951
4165
16819
23185
10842
6273
19208
14212
13514
9469
14306
21513
15608
9295
19353
15300
450
5801
5234
18278
2974
15001
8799
24516
3416
12145
4497
23573
86
6112
9005
6505
11819
5011
14658
27458
6047
25177
24643
3397
11557
21625
20363
3897
21907
23391
7253
19236
8717
24069
1374
4947
7688
9057
25486
19150
1034
13586
12570
886
2394
10851
5202
13769
2499
20652
11479
27175
23323
10885
7169
11338
4417
16126
4610
34
6047
25072
10875
21335
12463
3883
11826
538
5982
10850
20567
13811
8654
16837
9841
918
15066
6354
6510
17516
12387
154
21264
12896
24718
10936
1996
3567
22082
9083
19628
9180
15481
25737
2882
15660
25210
1120
23873
13357
22358
15597
9056
20967
7129
3624
24556
16900
209
19635
17676
20178
26121
20412
10366
20048
6354
14489
1977
17729
14974
6281
24177
12894
6436
3587
4230
26253
2282
3916
20589
16112
8735
19909
7268
18261
4628
8944
19968
22289
3196
26849
11614
26951
8614
17979
17009
11447
394
18557
21998
16958
12588
17327
23035
18456
17752
18889
15453
17923
22941
16653
9407
16199
20340
15782
8702
8591
1363
7965
9687
23296
14109
3750
16527
11883
8732
3395
13904
15900
26659
25743
6112
10277
13169
13743
15863
25940
5957
13676
25917
3854
11379
9006
4369
161
6842
12018
9614
8944
23329
22592
3775
20388
10887
15188
7501
19408
6796
5932
23174
25587
25542
12190
17146
19491
5821
23612
4300
27426
21034
5859
16148
17826
17867
3129
6516
24799
22037
4243
4089
4571
7520
19302
26416
9762
11542
12534
2934
19637
21905
8208
19316
144
20303
19703
3307
21757
19183
12279
4537
15592
27310
21358
23957
9760
19979
19244
10332
8168
17547
19415
16108
5708
12824
3598
11509
242
15703
25357
6100
3002
22725
14958
10166
10429
6472
18490
23326
6797
459
7954
19502
25085
7791
14604
13455
14163
13119
2999
18007
18055
13004
2151
11577
6559
14334
26004
23852
11887
24096
4062
2226
10952
22161
19947
11166
7216
8566
16313
27120
16263
1856
9529
3246
18267
10197
4235
21652
15129
6883
9497
20482
11951
15613
13928
22655
5079
1141
4236
19953
5356
23490
8102
23641
4938
17434
7183
8839
71
27367
5710
3478
4224
8651
6391
6722
26762
20238
26250
11442
18032
13467
15845
15247
18427
5710
388
5635
12463
23706
8161
20467
13038
22332
10622
26130
23878
19081
25971
20448
13094
27552
2176
9038
9841
16656
27154
3175
3666
4000
4907
18153
17226
970
11227
27291
19969
6443
11266
1478
25881
1165
24102
23946
6295
