1934
18555
15977
14172
6916
4437
17949
15337
17431
10284
27171
11278
6284
10567
13237
3321
7309
26498
6792
10494
6257
22473
25427
15746
23651
13079
18725
2443
15474
25273
17949
2930
25550
15303
24668
17403
6717
442
1938
21988
18317
26062
12576
14340
2652
11383
8241
11567
18343
16709
12790
4886
17304
8987
8264
12167
13677
4523
17639
22619
1081
20876
2838
7858
27034
5240
18682
24868
25900
19579
14376
10733
10381
9255
9952
20221
11360
10785
11396
5684
18598
21839
5893
13212
20337
3717
20218
656
2021
20018
16391
11003
20994
17259
5648
15964
13769
4458
8976
17507
15061
5535
22974
16978
6396
525
23526
14293
26214
18668
11452
17773
665
2205
1212
21042
9500
9647
8275
719
18747
12828
18410
5390
13553
15105
10881
26846
3173
7549
1930
2691
24054
25561
4305
23274
17671
15533
174
23746
7987
18360
18147
9786
15132
3857
14435
4918
6767
11232
12457
23453
9473
25372
27356
18152
27178
1130
5213
605
4062
21602
27301
10337
3946
26100
26122
7093
12817
14910
24976
4281
25659
20995
391
1029
16536
14050
4915
19087
9217
13403
17197
4416
5642
1301
21851
8697
11601
8453
24533
8530
24079
12615
14537
26209
20445
21323
8032
5511
13848
21942
3435
13911
1608
19401
15121
9393
12258
8813
8464
10542
20219
22462
18759
19050
2506
26399
2839
23961
7069
7035
16412
9606
18845
6462
15105
25029
6926
13949
8899
1110
26444
11510
18673
25394
17585
20370
13658
2270
17561
15538
24150
4002
12917
16695
1564
12268
25185
12364
26063
14204
17944
7933
19377
23825
8004
1807
19105
24503
16517
4625
8273
1212
22521
13817
27015
18687
9739
4080
87
21224
26601
17579
4362
1258
18030
17351
1593
16696
6977
27130
4405
2834
4661
15837
26026
19302
15044
15160
25237
26355
11901
26831
18066
24504
20523
14196
11018
21286
13226
23403
5181
26343
15942
9232
16197
23237
6104
17161
12359
7078
23848
25321
9669
20835
17813
4332
6288
14396
20396
1139
8193
20809
17112
16818
6916
13403
10618
3241
11996
15894
10107
12748
14749
7945
6499
6428
9978
3478
11553
21577
3822
15974
13178
1050
238
12432
8853
4921
1113
5095
3460
10965
1062
12202
11698
23305
6348
23058
19089
12741
27459
8437
1102
25082
17647
3369
16628
22777
11392
11633
6063
16088
19209
6660
16848
18322
1687
17120
10884
12095
14746
111
8878
4473
14377
15944
12203
27315
18102
10052
11034
243
13053
12960
22726
5257
1588
3095
3971
27072
11513
20296
13118
20016
13574
11629
10314
10863
6908
17902
661
2361
6122
16938
22933
5017
6283
4226
24841
22548
188
12308
2279
11082
13230
23320
16007
11705
25156
1709
26624
24512
27493
2884
27506
5897
19310
8739
15170
16823
16254
22838
18383
18471
11503
9913
7105
18642
14903
10974
7295
23747
15604
15469
26059
13694
2345
25799
10706
856
20108
3535
4332
14183
12660
10620
2096
24890
9159
12856
23965
5238
10736
607
7736
4981
12771
14885
2367
1755
2346
11719
11354
11136
1358
2719
4771
12488
21911
22641
12637
13396
2318
25456
2245
24255
27057
15351
2323
18555
15306
22469
12150
25110
3759
12402
17919
19526
15181
11776
20932
7681
24590
5525
19370
25788
6913
25393
9918
1254
17336
26803
9815
6976
26744
18293
26009
7045
6239
19809
15874
20171
15430
16952
27121
2735
2619
2575
25505
11333
4567
24294
18454
8903
24216
18719
18984
26898
3316
18714
10614
17286
23189
21173
2873
18419
24125
796
26630
8948
18351
5672
9129
17355
17557
24131
9544
18563
22708
16094
22983
15026
8940
15861
95
19044
20883
13786
11211
4093
564
4106
13855
7033
23007
1207
18435
7708
9354
26998
321
12032
23772
19936
4036
120
23261
15248
3788
17721
14532
20500
5692
513
4488
10232
4970
26023
16866
21064
16025
11812
16761
2323
11515
11678
4369
25726
2572
17575
17295
23220
18225
11357
10811
14529
24198
17033
21040
23950
25611
5354
20071
3402
14106
19957
1121
13266
980
3828
20895
11202
12175
21700
9268
2238
3828
7053
27295
555
8976
13983
11196
20874
20070
18373
6652
7922
25089
6010
21181
5288
23587
8441
20034
2782
19890
16557
8796
2017
10097
9577
10152
6898
19110
21157
22649
7477
26907
10408
3345
22278
12206
12475
15402
8612
1417
9075
15474
3824
22271
1998
21652
16753
9747
7358
27229
17746
21940
26185
21298
6902
4745
8924
22030
21496
3694
12274
26264
2872
19370
10668
2729
6672
17128
22166
688
18924
4148
1120
17269
4363
1966
8325
19579
20098
4200
21179
6458
24332
828
22090
16899
26601
21990
2211
14167
24421
6467
12773
24020
16974
12657
18598
1934
10106
13326
1421
14839
20639
4847
10038
17071
22113
24367
18485
1454
8353
6804
9455
9830
8801
2849
3406
23041
25505
10441
4924
3241
21557
10201
347
361
11315
23123
7770
10673
24415
7538
22550
17295
24399
4798
19756
7480
1597
11500
3649
5829
2736
8702
16121
15120
12422
9740
19756
13678
22829
14152
6721
22014
14778
13070
14387
15327
23255
24744
8652
23332
26523
11703
18406
1367
18058
22434
20519
26585
5680
4167
21264
6452
1475
18796
10781
25714
19640
13217
10931
22154
11245
4877
21529
7317
14392
16388
2926
10593
24898
25675
983
8908
16453
27320
20732
26906
17945
8230
5749
27421
9485
19859
10284
2110
10508
8596
22194
5098
6821
8113
19582
14780
3620
25374
8251
25322
12605
16077
11529
13565
8174
11327
9810
13430
12401
7342
22048
10554
16447
15615
2962
26562
12502
19441
24469
3023
18256
2151
15849
26665
21152
14315
20097
1730
90
18082
17869
6986
2614
9994
16079
22056
6491
18331
16423
25018
2842
9724
27428
8974
1102
1810
1048
2097
20673
27205
21479
8377
12249
1244
368
9890
26901
4675
9154
14787
6846
6482
25160
3195
9495
14739
4547
6135
25728
2377
9982
17942
21029
7863
9883
15382
20776
10131
10699
24028
9678
12075
1000
11762
11800
13160
15789
19808
16070
13028
23592
19985
489
23565
2314
10712
26110
7732
3692
20328
4433
17541
17313
3698
6614
4196
22707
4208
9990
22374
20640
2720
25374
16838
27301
24701
2423
11514
4481
5633
4711
12384
6394
17920
10439
18702
22792
7654
25474
20116
19028
1393
3653
