13111
1099
11301
13134
13871
21892
24533
2267
11826
17639
24699
1984
21190
1230
13408
27493
8526
24641
18079
26101
8916
16369
23403
14895
3058
26519
27007
21407
7487
8998
18865
6320
14844
18778
11667
24094
5776
25610
21096
24505
336
16159
19634
13595
9887
26362
2300
2358
16141
25630
22347
19020
18707
1226
17739
22672
20970
6987
16296
722
8274
3996
22790
10636
8250
23537
742
5465
11710
15940
2357
16566
15664
8409
4244
15682
14596
14762
14128
1580
26502
12530
21891
9170
14221
8406
9892
25145
23092
24795
5296
23858
27467
2323
717
5489
12574
17843
17636
17806
7039
4880
17750
15703
27401
15799
2267
5118
3660
7968
8064
22105
20772
9028
16986
22566
16410
7545
3390
1231
10675
11115
21519
12633
17826
14452
4844
13277
10411
16336
12009
10541
16713
17764
21901
17787
1288
163
11000
17349
2925
12365
25216
3059
4292
23587
3083
4633
11397
1442
3487
26084
6316
17322
21729
22541
26585
25050
12104
22373
24928
3069
15723
3800
16098
24330
23821
2254
16905
11316
16922
6091
23770
9348
23214
15487
17940
7834
20017
14729
919
15676
11846
68
1393
19086
4758
10341
5707
22188
13241
6860
20608
20867
6798
24368
9197
3824
403
20733
21320
2128
15352
10117
17985
14027
24947
15053
27235
10750
11355
11479
18460
14975
27155
11949
23546
13900
13568
10394
17866
25680
16223
2802
2131
15764
21618
7750
13544
12645
668
7918
20576
21224
26927
8963
3559
6390
4357
15647
26596
5167
17217
1538
13361
4353
7728
4114
1669
25008
19546
4973
12645
8717
1746
14871
2447
24754
4861
6961
14936
6780
11063
16736
19737
21075
9062
2972
9817
11241
10833
19360
5107
1730
1054
26061
7916
3856
24134
15849
6367
24032
53
10267
11698
15987
14083
24779
2149
21322
6815
2306
10944
15059
6365
444
4054
12326
17708
12337
20092
20437
982
7130
8846
24116
18857
8480
14977
23083
26902
9642
13604
2458
11488
943
17525
7664
19142
7093
14150
1892
2719
15653
20459
19242
20992
9360
17859
15725
23530
10759
4498
3856
17593
21823
21616
11741
14368
223
3141
8019
16400
19385
7446
11457
9524
12825
2124
8973
2737
6412
16548
24881
21253
15331
11370
22391
7682
5184
11345
1726
4808
5580
7515
23369
21643
14576
4491
512
13317
25467
18018
17047
14028
2007
4533
20319
14709
24094
18876
25639
16149
7075
18235
8811
26740
4075
19101
14850
24014
19937
4709
24605
24667
14043
5457
19112
8661
4123
25111
3383
20009
26160
12829
16569
20398
20890
14518
26103
7502
25343
5900
3742
4961
8002
17034
15963
9801
689
4123
10687
1000
22933
17602
22743
12284
15242
19892
25846
11606
872
7669
21075
23632
13491
25512
26870
8114
857
6186
6736
21761
7274
3410
23412
762
9714
27495
1577
2313
8472
21615
12702
3971
832
5730
2942
16188
8991
9287
4148
23444
6058
12197
15890
17075
18155
15158
16540
10349
11143
19027
13892
5890
9726
3500
24325
14189
26348
16220
3092
11907
11785
7220
3724
5313
25252
1509
7426
8506
7064
16628
3148
12930
7352
6646
4596
95
10331
4608
2596
13997
7624
1658
8082
23485
7893
3857
15732
15165
6816
20469
10521
9075
11603
18733
4990
10545
19049
3612
11144
1817
6830
23869
13525
6127
2871
27029
22876
26246
11924
23430
8656
24298
12813
1953
1910
24191
934
16171
2616
16734
2184
19803
15321
22215
21388
1141
11783
14065
18969
1951
17347
1923
8435
638
9862
20328
18420
12844
13714
19918
23278
17978
27100
3561
20909
24504
19333
24644
19539
25452
186
12660
22565
952
9432
9942
19544
95
21002
15539
13505
12400
14283
2932
22327
1751
9611
2001
20886
27532
3117
13965
26724
15602
11036
5527
24664
11446
11115
17451
20160
7238
6577
21868
6386
19701
27328
21965
845
10709
13153
21719
24840
10902
14487
15661
7124
23955
8266
22961
19620
21139
2559
4131
2186
1159
6050
11878
17248
5359
26068
2160
24550
1901
5856
14972
10443
19145
13925
24997
10466
16215
10116
2023
15023
5325
14138
9491
14048
15386
10044
26970
3898
22236
7214
20531
12800
1091
4458
977
19322
2907
4198
5979
4522
10994
23931
23631
20499
9535
18374
20166
24150
21224
23907
2989
8448
20298
522
2196
4928
15770
9945
17542
934
14138
21358
27311
12133
35
21552
8368
6015
27393
1768
812
93
6635
17130
6143
6664
23070
24394
22477
25312
4244
18484
14845
17343
22014
16460
4035
21080
24151
1596
3700
13313
7267
12133
8978
23249
1819
16088
3809
7964
22601
25410
24239
20275
25713
7336
3218
1420
25528
3646
27374
1616
20916
19269
5727
19556
2929
3062
24238
4196
9297
21714
15034
6114
19585
13803
18786
8116
3921
2306
696
23241
18558
21897
23983
47
9427
11304
24190
20483
9645
21141
20659
7147
256
21698
23126
22185
19177
1654
19152
3106
16119
11395
1109
18926
20740
22099
26567
5480
5230
24506
6298
21931
9590
12572
22314
19085
5279
26272
307
15467
1166
7311
18191
11259
26567
7007
6488
434
17001
12830
12494
25729
11143
11235
9785
6359
25489
5400
21753
19621
5064
23002
696
554
14955
4037
10111
21439
21028
25879
13464
20860
16924
7637
12834
10942
8553
12164
27502
1497
14518
25096
22461
17295
23323
24533
12422
18432
20055
1565
19230
14667
24534
6169
637
4386
13018
23629
24602
81
613
10607
8854
17162
4975
7863
21243
27121
14225
23520
6776
14241
2563
11323
3796
10798
23240
2563
19211
15483
17713
22082
8277
2999
2447
25630
15480
23059
16383
10242
24667
12145
16555
25139
20993
17254
5224
20606
269
21749
19324
15925
11710
99
20103
9612
20801
17434
18768
19481
20824
4503
23098
11901
5056
955
24236
27202
26039
19671
1258
12678
5503
25192
2005
25363
20753
19789
11264
17674
14294
11031
17639
19283
24211
17229
4129
3759
23576
11393
19870
13065
13524
13889
26285
24208
25511
19688
18449
24240
25082
12146
10843
2870
4850
19709
3996
992
24912
21208
14564
9566
18163
9653
4239
746
24773
17957
6242
323
15308
1657
20862
15854
26926
22176
12436
16469
11165
14719
16211
15401
19910
15974
27305
6300
19992
22157
24505
13606
6112
23522
3008
11688
2060
19953
27139
8456
16377
9660
