18077
25040
24062
12616
25914
17383
14354
7664
15947
14069
21750
16873
16302
20363
4579
14188
3177
12528
222
24104
22161
2993
5007
8141
16320
22680
25410
24706
7476
1547
21126
3694
7539
7889
13814
16276
12074
22574
9477
26982
12103
12831
1067
9529
20118
25029
9392
20331
21113
19790
27512
6876
14961
18728
24055
20113
1180
7211
4098
1141
20480
4181
22260
23605
4705
18709
20741
10049
14097
22646
5620
7345
18363
7749
1145
12157
16672
5516
23712
8073
8666
1074
25183
11208
14348
6756
14687
706
7374
20327
2267
10050
4958
14534
17842
20754
19004
22386
25953
14092
24385
10479
26325
13900
14992
1521
25891
12376
12154
7727
21909
6485
16172
12461
18526
1548
3939
27452
26554
17550
4347
25032
22684
23320
554
17759
8946
13585
12987
5746
12435
549
11881
9116
25632
11596
26865
23323
7564
18796
11892
14505
9828
6462
17763
6288
1072
20536
2808
10406
27370
12884
15590
2040
5046
873
19573
1566
2655
14751
8891
23268
17815
8371
25819
18016
22734
12926
6423
11189
27329
16238
11459
15396
13447
16728
2145
9350
26581
19093
8881
24152
27356
15741
9837
19460
16295
11453
17893
16327
24380
15592
25344
4235
26915
2843
27024
14809
2571
2693
22041
6283
6664
23132
17357
1333
4411
25693
23605
4106
11482
12972
4455
473
2401
26914
5407
7033
272
399
8463
24214
26969
11779
25421
2217
22515
3165
24287
4216
26883
2537
1541
25117
23795
1484
2269
24891
13909
7861
25951
19788
17523
25507
10585
22906
24604
15810
24810
24869
24753
1410
7681
1188
24430
6503
18419
6201
9545
24342
4238
5057
13938
3611
26164
4258
8955
10979
10836
5802
15353
18152
23071
11764
4485
6023
27063
26874
9355
10563
19388
22290
21498
18968
25201
8402
9445
20325
11882
5595
16974
26187
22402
8348
22096
25414
821
17581
15727
8447
26373
17429
13982
15410
23984
19760
19360
25435
9385
9581
20181
8488
26822
18841
9449
26833
2664
10806
3773
5670
4466
11578
26948
20169
17170
18802
21933
18809
22111
26868
17228
25607
491
26910
7860
4336
19020
15700
18849
25289
20975
3504
7973
12716
4148
5870
18372
20371
385
23439
26001
15038
12377
27340
11419
24263
12277
14934
27308
22891
18726
13718
5144
1716
20469
13348
7696
15890
13552
23722
19533
12159
2474
12102
2378
25095
23695
6798
4209
13357
14224
23930
21104
11384
27261
23151
18370
13850
4336
23453
20612
9641
16629
4190
18422
3651
9985
20293
16024
12080
13164
20114
9939
11732
4351
14060
2457
22364
24006
10875
21918
3437
7782
23006
18393
24165
10256
17527
22845
12807
12997
3681
5894
179
7228
14504
4016
2199
23273
10888
26836
20426
16853
1732
1666
18163
12848
17414
3817
23625
3569
362
8999
1848
8221
17866
3672
6290
5777
25701
18153
6081
2213
2398
23536
18100
6552
13383
17004
18573
2468
11030
15506
4791
23061
2304
21613
17935
23671
15336
19046
25834
13450
10636
8373
20240
16442
24223
14216
25550
26796
3043
15438
12893
21151
18901
27004
13736
10411
281
762
10412
1837
138
12362
5702
2464
12300
3604
23997
4343
22977
7230
9578
23360
22048
692
26851
22853
11906
23715
4713
8138
12388
18028
9469
8758
4206
3468
23909
24162
5051
17714
6547
20676
12753
27024
10062
11635
12533
8162
12234
12563
15266
14793
27288
21810
21120
20412
6618
9199
1912
25066
2469
24534
10185
15121
11174
20234
1805
7697
2183
96
4905
753
22263
1638
51
25811
11929
8093
22523
17132
2133
15928
721
347
18054
5549
12974
3023
10479
14821
9614
9082
21210
18935
24444
25040
11331
17118
15034
5108
13835
23100
19039
4848
24790
22331
5564
12470
19439
26027
16758
24427
8653
1259
18930
26437
14250
15640
16279
23196
6112
6986
811
18049
15713
9472
12632
20197
14788
24252
5066
2424
17183
22579
25363
17796
7457
5801
8955
8408
26327
2074
8974
7775
7434
16823
16153
674
27091
9959
20978
11357
27370
23640
24002
2689
20682
6673
21934
24004
23074
1235
12961
16611
670
11296
2535
19970
17759
19095
27158
25334
3324
20469
23724
10475
16832
26456
20210
10118
4453
11716
16595
10576
405
1462
11823
27521
18218
15429
26145
11596
21311
5343
13026
25385
27163
21525
769
18693
26458
5115
25938
23531
17125
18814
25241
647
15168
23833
15815
3171
5201
16141
6731
8515
8352
22370
26610
18772
4088
16259
11689
15550
23456
4380
18375
16691
1277
4524
4353
25230
1629
18026
7952
27001
22119
8464
11989
6386
23156
8729
8625
10636
9763
18490
17282
4942
10913
16689
27094
12358
12897
22462
12373
12739
18124
27357
6757
23538
10439
7480
5280
23069
26573
8428
24104
25214
23375
11976
22658
13341
27062
16662
26822
11314
18659
25307
5595
18212
13775
8476
6741
22979
15216
21351
24305
15187
2341
14851
23147
14535
21066
18307
3482
10531
13392
433
980
7072
7888
23301
10987
14241
23197
14899
13942
23833
17687
4213
24118
10159
11541
20316
16237
6987
7771
7471
743
6066
6871
7315
15075
10497
5124
9102
15142
10560
23509
3064
2109
11285
14365
13917
8992
6292
18039
5004
25961
25590
2789
16226
5251
10299
17423
18092
17957
13992
13215
5039
5936
7100
11289
5848
4654
9585
9722
25902
11301
18281
20387
20761
16441
15816
7682
7982
8302
16586
2060
4048
6249
22232
12230
12683
16071
1085
25535
19336
11868
9271
6204
23390
10731
3805
7861
23675
2897
24955
24910
12071
15909
23622
25469
3941
12320
19038
13241
24366
17944
12626
27562
26298
8389
25273
11333
10875
20012
8325
26493
13730
16865
10006
15464
3549
8935
23666
24816
12431
14937
2306
15363
2314
5084
8974
22358
11852
23350
8911
18096
19869
21743
9268
19047
10927
10881
23920
13179
3444
2139
16254
2414
8925
6619
16700
15172
26084
23789
22642
10638
1850
9311
24216
11017
27148
4773
8267
10880
23661
20345
2653
5459
1943
10009
3728
4600
19761
5322
7148
3090
17617
26446
5928
24293
12776
13
9452
2439
6913
10322
12081
15209
3907
21661
6659
18436
25971
24141
4369
21701
5365
13022
5056
10954
27489
4224
6833
24859
26040
25242
12993
16305
4543
8416
21187
23099
3311
22268
15569
26256
66
11923
18357
8842
11908
17500
13967
19996
