5855
17490
9943
2859
13239
16191
12809
1074
2700
25252
17580
25288
13226
11990
21503
7943
27350
8991
10070
23117
17468
8618
16522
24247
25695
8632
5679
6465
9394
19016
11851
7590
3713
9296
1713
15143
13204
1948
16896
24416
13995
20302
23299
15320
7992
13784
7578
2880
11451
7056
5457
8066
432
8458
6132
5213
9958
23411
11940
14389
23118
5911
27510
411
11170
17558
25505
4319
22184
10214
21477
16275
26602
6681
13355
1021
24809
6112
21419
960
3506
21939
24352
21647
1841
23208
1774
3732
1679
14304
24274
15899
18553
6962
16877
13153
25167
20457
9524
13879
5798
21404
27472
3690
15584
23584
13262
3786
15566
12532
15037
22286
7695
21775
2829
8507
1550
17196
14702
22732
1423
8366
3282
10920
25573
19107
24543
4644
11383
6396
13841
18962
24112
24271
4075
22875
22587
8078
6241
5958
24559
5753
6154
15624
7992
8677
8406
19628
24654
25317
2297
11545
13279
14722
20205
27052
18139
22094
14607
5890
8422
16367
4185
5387
21019
9130
21579
20590
3010
7562
17020
20722
8162
12114
16221
19041
18859
17898
11732
446
11296
15516
15424
4432
20793
2495
8118
3254
6038
21680
19302
11527
404
13692
543
1943
16677
1419
2513
27469
2090
2580
12213
2410
15011
3928
26215
22868
16550
23824
21410
24496
24947
7977
13820
21768
15109
5855
2127
27031
7288
15739
25896
16733
10195
9862
27314
8495
12717
6464
2141
24521
9716
7808
22402
6856
14321
24942
1012
5070
7556
12514
23339
8092
11511
8304
26022
15680
22495
6290
20407
22042
26722
16420
24156
8582
25373
216
7767
18527
24274
19179
2574
11640
3533
5938
22286
20265
6076
24537
24006
18616
23010
22555
8278
14267
19435
13075
4743
13067
16235
5179
18322
2285
13715
157
18222
2460
951
15523
644
15301
8649
15479
320
5656
6909
2002
11515
19207
24689
9957
8427
6045
10431
2512
22742
6528
20755
6442
16035
7481
12603
3338
357
11699
3969
15704
8605
21748
316
1343
24633
6751
9492
400
13937
8002
6594
4181
19416
16908
20750
25008
10935
25230
14666
5451
3650
7779
3578
1374
23683
10900
25693
16150
1152
27183
24442
1921
23765
23903
18369
11046
19276
20726
27220
15821
15924
16928
16780
5063
21595
14345
22768
13584
25046
18951
11572
10698
23128
25259
7337
8309
2582
15179
17888
16327
25614
15555
14739
16825
26509
12428
13960
23844
11403
13411
6006
12693
5626
72
3868
22334
18109
289
9992
16617
24679
14628
242
167
21301
13298
24459
17617
5384
2840
22227
16404
19568
25963
4271
22319
17587
14241
7161
16511
2739
17668
11647
20304
10903
13699
26910
21174
1862
16373
17372
17550
3929
4822
5528
17436
25852
12359
14772
8999
16392
9466
810
24082
17908
6114
20758
17647
19665
15661
17911
16720
20595
11971
6804
5123
27470
14074
7975
17595
1875
25102
11503
10622
4356
23984
3047
13848
7968
4188
20821
13065
21502
18806
3564
20458
12583
16376
11054
15381
13653
17186
2029
7927
2084
13788
3848
25467
8055
24015
15525
22095
23474
8528
23477
21350
19151
12450
26336
9400
27446
13283
15406
4848
6375
4391
7046
9724
15056
22154
8356
10058
21102
24568
2999
2602
13220
2864
17414
10440
11634
611
7324
18837
21614
10838
1427
8350
6777
10669
4486
8762
3250
26246
18148
6314
25561
23625
5011
4784
16661
28
27361
11264
2346
1684
6395
9086
1376
2810
11282
5408
8298
19933
15112
12205
24034
12637
229
2863
475
18772
10927
17713
5066
18097
1314
4242
10344
2416
19601
6846
22772
23409
8202
16307
458
12595
25884
6031
10784
8307
4128
18621
17615
25919
2478
9844
27281
17721
5111
17646
3134
21719
5439
288
2452
1589
14406
10732
13758
11094
9845
23161
27326
4570
3077
24155
24221
11074
4658
18128
17942
17231
7778
18972
2568
10764
7665
8963
13683
10068
8994
328
11978
24574
5461
21344
17817
25725
22779
7042
1976
22035
18190
9663
10885
26632
19320
1902
8169
23674
10362
15914
25612
2386
22734
2959
26443
11500
20436
8754
9147
9470
15039
105
27459
2602
8986
24433
23158
27095
18196
20714
27126
9471
21931
10335
9730
25946
8691
16952
10901
21245
7515
7276
20581
13138
5513
23522
11127
9804
17071
15189
18382
15453
13202
7768
20557
18057
10903
26398
19243
8849
21264
27385
13723
20848
5473
10901
25340
22724
32
10617
22064
21436
4082
23987
6979
10481
17685
26343
22995
2513
16291
3800
954
8479
18529
9428
18088
6568
24495
26019
10040
18587
27328
7102
3067
18652
14306
6169
953
20412
23084
17364
14847
6231
24657
51
15731
8049
15026
21015
27078
13877
24559
23066
8629
334
10074
8920
3758
21208
25616
12867
546
9118
22684
24269
8762
11713
23075
5665
25296
2806
17140
17789
14414
19839
19396
11638
24683
15729
26546
2995
23058
26834
27029
27509
4382
3685
11649
4018
15940
23348
11812
19211
4515
18853
2821
396
1677
1051
19330
6132
20812
25612
7680
18990
22194
8764
24989
5397
337
11508
12523
26787
15798
5816
6290
26269
13093
9145
23436
19844
5112
24775
26118
9280
5048
6283
5819
23878
884
17018
11942
21293
12958
26612
637
25542
839
18990
16898
13047
2064
4452
21159
3955
27522
2123
24214
12250
13843
11782
26319
16809
9000
11849
20247
14973
20211
17100
4307
16287
10593
16062
3700
10998
19691
16506
15224
222
3665
19208
6751
19626
15119
8993
10857
22319
9540
12038
19181
26627
21641
11967
23366
9840
27533
2206
11046
9932
10314
15407
21703
547
9045
26448
13127
366
10613
9653
13318
19748
11282
25715
17943
2574
24355
22048
18717
24114
19599
15097
1941
17806
495
1763
25065
22488
10131
7015
14769
6224
26714
14684
12829
560
18149
27156
22689
21527
3320
27486
11115
26414
4979
20311
25820
8646
28
20101
11583
19991
15399
515
1274
3291
14935
8412
17018
22767
20590
6854
23796
20309
24563
22766
6647
15930
10291
15423
10786
15192
13644
1251
7664
3172
7206
22716
24696
14306
6997
13935
25931
9045
24098
19187
25853
25085
26653
4248
22972
26456
20270
25394
40
21167
18873
2437
15516
26734
21907
4058
23466
24427
12366
711
27252
7
24547
6091
18695
16716
10019
524
27301
2168
21156
21911
