5189
9226
7271
9457
10135
14046
20054
3530
14777
23015
12286
3916
12836
20790
6617
25005
11919
25731
2111
1240
9626
17769
22721
11038
21427
5928
10937
14643
6552
21569
10414
22067
17866
18587
25258
2100
1197
355
6156
20721
23288
19493
1585
5707
23489
12316
2906
1991
15537
12169
18939
6910
13583
12543
25768
21878
22418
24791
22326
11781
25697
12707
2868
23402
10125
24031
24213
12913
11460
25141
26850
13124
17157
22893
4177
8435
511
17621
8223
16765
9608
5317
20261
15624
4655
20599
19962
26761
18319
18589
12626
15705
14307
194
14141
2129
18733
7659
4919
2306
2408
26569
21890
8190
3468
12821
18877
15620
21474
18830
24698
10911
5950
5248
10901
13375
7630
18916
19207
1587
23042
20474
26412
22759
20608
1878
20220
11504
13730
4679
25147
18525
23296
6269
8861
452
5633
12560
6843
4548
1479
1209
6290
13521
10231
24617
4733
1267
3439
25909
11173
12710
22473
26875
11585
24741
24382
19363
22045
22374
877
10136
163
13005
6916
12859
3397
27032
2295
26368
75
13062
22499
24197
13602
14646
4769
13573
4177
14035
12599
14530
19629
15955
1955
16521
16863
23530
26606
13419
1074
18826
7711
17866
6634
1207
4260
14589
6833
13480
14932
19304
21172
925
21527
20323
1816
16358
21596
665
17528
9073
18920
1802
8956
23830
25744
9319
2813
6761
15495
23648
10759
23176
18516
5210
6949
18148
19416
5717
7118
1714
591
4112
489
17488
23040
19012
9587
6311
4080
18456
4507
9309
17688
26533
5172
12986
18980
25287
11079
16501
26681
20964
26781
24053
9589
15743
22242
3581
7320
6808
6651
22960
11908
14985
5296
14862
12738
23913
27101
22789
20185
9846
1853
15688
12603
15683
10670
26986
2967
26596
18838
17890
12132
24892
16133
21036
6390
18047
19924
15273
26532
24123
21159
953
13386
12234
15094
22029
18173
8002
6370
12738
23219
4721
2965
10464
27284
980
75
5714
20501
3963
24379
710
7891
9170
20643
27484
23125
25977
6891
16839
27021
5937
22803
4458
11531
24903
20233
17948
9982
16204
4278
22924
26617
24529
2282
19864
22558
2133
3183
15629
11581
3327
25935
8860
24870
24719
5671
14496
10117
24454
14920
5328
1959
24458
25981
9722
19154
22215
911
15967
20971
4658
1822
11400
1093
13056
8148
25157
12231
2318
19628
15450
26415
5664
12474
26449
13129
9357
133
3727
17261
23053
4365
1569
7421
2466
597
1736
19345
1962
4542
12117
11766
26135
8405
1100
16201
12286
14022
17835
7384
14030
24614
27339
13563
19069
23983
5738
9408
1433
25594
18545
17436
15768
8184
15457
9539
25070
3601
240
1056
21277
15812
24675
24399
18159
18123
27298
11154
26322
18730
5234
17343
21071
3464
8570
8665
20497
16056
7126
20695
9980
546
20135
7110
5372
20154
14716
2763
9190
25205
18300
10699
23387
17409
1840
6055
345
13542
4577
16965
1506
6955
21797
25489
19608
27085
23082
10431
270
27225
19023
22134
5745
11991
3927
24466
13040
2143
3599
20384
8648
24708
20874
15759
604
22140
19993
24501
18846
12527
22431
7576
27145
7750
14333
6044
3482
25605
7971
22052
8767
971
777
11089
3220
14963
25051
3947
23325
6862
17168
14006
12991
15650
25447
16988
10663
18690
2682
6437
25432
17380
1943
22681
7105
3985
214
4232
26696
24210
21866
7380
16845
3110
22029
11020
20939
8428
27033
6352
15026
7848
11538
12422
24501
23117
16606
8519
13639
27531
16010
405
7577
11488
19851
3218
24564
20736
6516
9295
17944
25235
24938
17573
22260
7423
12347
15096
13868
6421
6469
10614
24958
24667
17683
14155
13749
23690
1258
882
27395
17176
26071
6577
2898
19729
9909
9761
6872
9145
18397
2119
26922
12403
11249
797
22838
9550
11267
3207
12540
25172
4263
6910
16362
20902
17183
3276
15531
26853
20458
23956
22154
19591
1541
11529
14930
26322
6216
14319
8596
13709
1700
13425
1633
11716
3134
22619
14532
22543
5002
4996
2069
340
23945
12084
27395
16210
21813
6606
9032
12016
11579
22747
11280
12659
3677
11791
15791
13261
3802
13157
17468
18048
14324
7740
6215
14117
5198
26
12388
13296
25736
8962
26887
21996
5553
17119
21186
25368
27228
27403
26302
10111
13573
213
2124
6108
15058
13369
14088
20015
9093
12099
19034
18393
14238
7650
11614
15824
8467
238
3178
17152
4328
1268
14664
2441
22358
7034
23468
11355
6352
1324
15609
21466
11281
15197
4215
25576
8750
8302
13220
25566
9024
13286
5971
13195
17295
8844
3699
11986
10809
12689
22488
5918
1754
10578
24251
3533
19688
13747
27421
3295
946
26704
2522
10397
22078
16113
394
472
10317
14101
25920
12199
10057
22464
20688
16579
3413
6542
27113
7983
27381
6436
4550
23678
15777
21228
11123
3231
1036
814
10847
26331
7185
10474
8892
1035
19083
15016
6069
9158
20183
19522
14462
27521
10642
6997
10127
13254
15846
20506
7186
23077
25199
2898
2446
21532
9923
12433
12942
1276
13227
21780
12108
10172
15222
10847
24826
24521
20751
20762
20931
26287
19718
13597
3641
25358
5351
22689
4129
9303
13984
11056
1645
13927
5649
4327
14522
23909
10113
10096
5653
18085
1212
15011
14060
9396
10421
20871
3974
21356
21538
1326
22992
17940
25272
10231
23362
3688
19370
26791
24712
15069
8495
13684
8433
27219
21634
7134
13942
15611
4377
27387
5470
15130
6010
19773
6636
4614
19159
21195
1603
3704
2988
1758
14357
14275
8218
16748
100
14247
26946
22435
24808
8427
13666
22783
25065
4072
2557
18200
13748
2525
20849
10613
22364
17309
9392
24854
10759
4645
17261
12719
11629
2245
26101
12254
4770
19283
2491
10928
8379
11120
10022
13901
9965
4088
23605
14223
24409
2458
5472
3783
23525
384
8005
22735
14379
5361
23103
24596
12398
24798
14638
9685
3765
22598
12638
9251
21485
13007
4958
19276
16509
19179
4278
8052
11244
7907
20159
25674
14198
19187
21927
14690
1840
15370
21129
18709
5002
9600
12106
8094
21915
15561
14692
11904
1706
18809
18019
6325
5349
15623
24461
14301
24365
17048
10210
4585
21315
20515
8655
6028
27238
25092
4599
17306
1879
20612
14672
12376
21129
889
7949
24240
24504
1149
18491
26849
11375
4504
19066
