21593
2833
24574
6723
14338
660
21577
9029
14777
11787
19561
4863
615
10805
3389
5486
24235
10680
23680
24525
22672
21975
25691
13968
20626
26042
19096
27447
18319
6664
21142
8209
11993
1369
11800
25308
16538
23367
23687
25712
18243
23926
5774
24614
8747
23866
22623
11286
23427
23033
2650
14072
25446
13199
1014
17490
7567
13881
6607
11173
5007
1937
16309
5618
12437
12774
27006
24702
12023
19790
9861
70
4666
25780
1345
1278
9880
13144
4349
23408
12646
8495
23198
6676
5263
4248
11975
14032
24615
16984
18835
6336
25356
1204
4801
16532
101
21369
10467
2663
12350
23598
177
15350
6909
8842
5020
19964
3635
24637
23968
438
17469
15396
23635
18521
4053
3685
6594
11415
4431
914
1464
11395
21219
16623
20987
1279
15150
8018
14940
6334
17353
4632
18769
21549
14314
14468
4460
14746
4789
18809
21445
18989
9120
22837
14947
1255
19868
13535
15745
1836
11855
3711
4738
11236
8708
1989
16683
22681
5621
19809
23640
932
7780
4547
18398
11962
23673
20939
11894
11735
1786
1089
21577
26131
7196
23621
10920
23512
6537
5734
18273
13628
24193
11721
13511
13526
5828
9963
20290
2019
21830
16614
14032
5753
22060
24394
19180
11671
18511
23377
1385
27450
3849
438
21462
25872
4719
22903
12184
24717
24541
10344
7290
16590
26138
16057
15477
17647
17909
8745
9008
1691
3553
17428
24148
13400
24919
23204
7329
10977
12790
362
10688
27316
14889
13188
23177
24242
9493
10008
9492
20781
2314
12620
25976
15714
18292
4684
975
16441
26639
17769
917
14098
1833
16218
11664
21882
1193
5515
20752
23075
27110
7516
2450
896
5274
26809
21274
9727
23886
13438
19360
21983
6004
10310
605
7696
2324
11127
23288
21479
14793
22766
25026
24495
5449
26566
11328
25394
22881
11645
14417
3753
14405
20287
22071
12147
16322
22383
7116
24054
211
26
22492
11810
50
9867
12975
8344
69
20118
8756
26734
21581
1945
5679
6439
24394
5829
8261
6372
13623
25662
15159
594
7026
25371
26892
19513
12127
417
27283
7701
26734
12322
5553
8242
12847
19303
26696
9638
11466
23457
10917
22633
2869
7734
26130
12130
25131
9191
5910
18800
21948
8709
13990
4357
11192
2659
25454
10422
17483
16542
13862
20896
4770
17261
8662
19408
19625
14776
21298
6768
4349
11196
6000
26912
17326
9509
7975
18191
23892
9447
21122
7003
16715
7728
16299
20224
15638
4719
20414
15393
27315
14705
20544
25779
21116
26739
16089
472
26145
5556
2521
1772
11871
17389
7180
10872
10922
18846
1761
24936
6367
10920
8774
9580
18186
6595
26572
14023
7650
5747
6938
15043
19432
27549
17522
25800
11890
23702
23334
10384
17121
20549
18301
26033
1154
26450
2393
22582
14468
3678
22572
7275
16389
18818
1434
5750
13047
21667
21606
9959
5859
22235
16225
8924
447
17527
3766
23426
23214
12676
11531
16166
10981
20641
12124
13963
24259
24203
14218
21575
4478
8530
4204
23674
16206
23089
11067
4469
10896
5702
6918
13606
8208
6721
23671
12225
318
25179
1158
7819
24167
5593
10832
6485
25073
25649
25439
24635
8417
19388
27309
6579
2405
4969
8142
5843
421
20466
27439
22887
20461
27094
6955
12735
7885
18252
2493
22708
16940
23317
10739
5908
19716
12317
19068
14066
3778
1787
8796
16419
18597
479
21565
2466
11570
4395
12290
17868
2704
19312
23043
1301
13623
24871
7465
18555
4897
10478
6825
13100
26131
11121
14078
14453
1495
6848
8672
1548
5145
18886
24251
18682
2177
7641
7217
12378
15384
18220
7343
5697
14488
23354
7017
8373
660
14918
5705
17284
7086
23095
5774
27226
13942
4423
3177
26232
9544
18301
10720
20128
14094
17123
11397
9113
25823
26927
4805
23133
6927
1902
5945
15383
3849
25389
15608
13396
16105
19992
2530
12653
1728
4975
19902
19864
2564
1213
24634
8632
19290
24804
19
24442
20689
12479
5897
21919
10596
3014
10104
6400
741
14494
12835
1017
23674
3037
23476
22829
25867
22006
11038
27100
847
272
2183
15464
895
8418
18752
5774
16185
13940
13408
448
1983
16579
18101
21946
1580
9947
7119
11707
9582
12296
18500
13975
1311
1050
19682
9937
1988
5147
3125
2395
7137
13771
10629
18485
20522
14974
9003
20525
22148
13390
11374
15004
14533
18102
5242
16817
6977
26594
26905
22167
16981
25004
12126
17695
1043
3310
4041
19834
21841
22161
9976
4594
13181
2788
2227
5363
14247
22877
24638
25925
4703
22459
16961
20590
2802
23703
3115
13740
15856
26458
18224
1094
6687
6614
185
5537
1675
20590
27312
25103
113
6928
5561
9432
6899
20422
18553
2267
11394
13844
11115
2787
15658
14112
18803
26776
7852
10280
20286
17200
18526
22320
21199
12828
347
24492
17112
34
23939
8450
13743
2574
15459
18141
15794
14311
15391
9065
1168
4135
13517
18497
19867
9720
5753
8996
872
8983
27163
12900
1837
17269
18332
15402
14698
8782
3702
15156
12681
6510
6266
400
5492
11026
158
388
23466
2360
9450
14633
23935
5326
215
5379
23279
26625
22252
9065
20811
24844
4251
12027
15934
10202
8090
1897
24459
15632
1103
7654
8680
15966
13402
7856
7047
13791
1363
25347
11053
2799
10501
19099
21674
4194
8671
2024
5710
4402
8967
12963
20197
1496
6133
7674
4312
21013
16646
2171
19045
23461
17095
25537
9940
26106
19403
17868
4195
27334
17181
23581
23394
4765
25207
3357
12826
6052
20525
15247
23854
5955
18607
4359
8168
19067
24509
5741
19505
17134
2186
3685
10873
21335
14959
22094
16042
14417
5966
13110
4038
3387
24316
27508
5234
21017
158
18215
7777
13165
3595
11703
14790
9874
7935
6922
10003
15339
7848
14015
25513
22254
1794
786
17988
2535
11216
10457
6507
23034
13204
17783
26137
22823
4943
24954
12469
18533
18
27097
107
1880
12862
8783
11493
25283
8450
23887
20774
8737
455
22538
5007
3320
347
25178
18658
16284
8281
6079
6394
23768
12310
10151
21504
21680
23861
14976
23674
4503
6075
14130
17321
18836
13611
7203
19956
17805
7840
27319
2736
10326
10432
16477
23472
18696
580
24121
10019
12710
11395
10823
14138
24127
17602
8632
16611
7032
14890
7152
11035
3775
