3694
8482
20647
16402
3591
8683
23403
6569
12015
27038
4034
13026
11766
4369
15018
3416
23443
1688
6806
886
6578
10808
8165
16154
12076
12080
16632
21840
4198
19203
21001
25650
1427
12236
21069
3138
3662
10850
19882
12410
13743
24552
24320
7717
24607
17259
20105
6128
904
15461
20670
23055
26167
26138
8625
2975
22219
3805
27079
22041
3648
3134
19220
20862
10857
15040
13487
25435
7788
24040
24338
5737
14099
15634
3618
10081
21110
10983
21761
6179
11413
5020
13591
4241
18179
18923
8324
6074
2742
12396
27207
552
24631
16728
17956
6045
21797
5508
5601
24332
9619
15482
19039
24998
18879
12489
13051
23989
6429
7372
4502
1095
2511
5093
10525
19467
11391
18559
23460
23346
26781
23309
13352
2386
2875
1546
7700
17054
26281
26188
26646
12565
19302
25082
8070
18974
1751
10321
13252
15950
16518
10301
17526
10063
17045
3021
13240
10209
11004
11143
11527
27235
10862
22803
1188
3822
1158
25812
17910
24315
14205
2882
25841
22635
12652
20010
6836
3112
17837
19028
6797
12831
9815
6283
10888
11962
3585
10667
16087
20170
6367
17966
1491
23937
24525
27145
12425
14695
21919
2859
2014
6431
18301
3553
4958
6765
18836
10734
21511
23745
8383
1935
11346
26082
987
22552
5966
11855
20529
24227
155
20973
23078
14237
720
1359
22568
21832
8591
21055
2978
4101
22988
11435
3261
9035
2247
909
17426
3128
24295
14844
19589
1922
2405
11564
8527
7226
25954
16014
14284
19284
19228
847
22334
18544
23273
5658
9414
11064
12133
8595
2073
273
9862
24898
4640
15494
7545
5780
10298
12807
1173
22784
17008
25074
1037
23023
7207
9310
15131
7425
11588
1968
17346
6286
9508
24779
12353
2107
19264
13945
8441
25013
693
7217
7762
3324
2314
17832
18250
4654
14627
25127
20355
10091
24947
21629
26806
8553
24368
6933
13006
26532
20606
4047
1149
20315
3308
3911
6886
3284
25257
17363
23244
3491
15254
11822
26202
5415
26310
464
12506
6180
8687
1571
27263
15306
18230
11453
237
4959
2402
12121
5568
5970
12145
25161
23507
15797
1980
4103
22442
5960
26873
26283
19187
16685
12587
20575
19211
1973
22632
21387
16947
7448
22708
24367
658
24632
11897
24012
4297
968
1625
16713
3004
17293
18476
19350
3318
10821
14612
7103
7648
15608
20005
23060
2145
27261
19137
10449
13682
5316
8463
17273
7334
23681
1154
12027
24379
6072
4056
18202
20076
8438
15748
4166
22462
1657
19397
15614
16284
914
24323
4519
529
4671
24018
15514
23389
8701
19077
4826
9293
7963
23090
7570
26074
10060
19389
1999
6464
20947
8256
21104
26475
17228
24581
4422
13756
14753
8325
6108
753
3253
14761
15172
22761
17111
4877
17306
21372
22978
6082
17868
17142
3669
3199
3160
20600
12253
20721
27235
3094
21962
2314
22094
17691
8505
1846
8684
23560
9155
8465
1034
11359
26157
8785
810
13024
16565
12332
22806
1260
6384
21171
26954
19300
6571
11374
11066
16265
466
21481
7704
10382
18325
5455
8384
25227
20593
15293
8795
25202
25125
16412
2028
18939
19305
9285
1732
1575
16505
25821
57
9082
21511
7092
25466
6233
19024
17433
24204
6240
10151
2827
24048
13677
15805
6724
26007
18693
21075
1370
24212
19681
10896
17847
5407
8710
21741
13164
24871
6992
11579
15431
7762
19362
18342
23469
17322
18000
7912
5391
10863
12770
10448
1989
2869
14354
11079
10558
8188
27299
25600
3323
3979
12883
9913
15547
21596
7534
15095
2882
8840
4438
7878
26368
11861
25732
11413
15109
17467
22732
5571
9621
11779
5927
2706
3155
14797
23018
6814
2262
4569
11947
6429
27078
7845
491
6740
19128
22521
5707
5275
23470
17134
26057
23326
11133
13894
18982
17886
18536
18406
21461
24271
24465
22761
21876
18545
14249
18574
18366
9041
4515
8735
18783
3781
16901
18964
23585
9949
14831
14969
9879
7956
24070
27088
19936
5029
3329
16373
20958
9346
8246
23902
23984
8077
11211
3025
19514
6865
11046
14933
25618
1426
14576
25255
11268
22576
18941
20055
4577
8707
16968
575
19516
932
10923
9789
338
22553
7985
2077
10925
6647
17573
8190
23962
12694
24974
6069
17120
18574
7027
8931
22934
14164
8884
22903
9542
11503
17538
5086
23062
16697
10490
11733
8333
14398
4727
16220
5852
13814
21649
12861
26951
13153
8105
20682
3214
9265
7700
17722
22869
15654
10685
1692
12513
12411
4353
14568
6467
245
709
22304
26709
15939
20755
17297
23496
119
6233
17465
5989
12020
1207
21283
15389
14787
1339
14023
15356
6651
6434
25380
23751
702
4505
3181
17559
770
16903
13063
14661
15023
24691
6537
8605
17508
9518
5367
2968
4249
14374
4832
146
26902
20940
24496
16580
151
19516
26027
15126
11990
19496
8065
15441
24400
17408
4190
466
3055
6485
3221
13101
2274
4217
16168
21889
9714
13941
5966
3615
10542
23951
4431
23710
8749
18029
6214
2255
2377
20220
3366
4784
20624
27302
2637
13173
9378
11535
7516
9056
11574
13837
19103
18498
10926
24058
10931
25017
8766
10639
8039
13822
1261
8472
13704
18224
11695
21810
14666
23287
2933
9253
3286
6233
1200
1301
16429
24130
27402
26698
5168
19752
9034
41
18897
17670
23100
22280
26828
6243
26591
22975
2427
16497
16730
24549
20889
17768
27289
17137
12535
20254
5069
19416
8506
12923
15535
1938
22716
6278
24837
1212
21838
27189
8383
10670
20479
5970
14155
11824
21970
19685
19788
24418
12021
25078
18088
13957
19895
24092
19226
16922
8235
14266
5273
16527
16901
18657
3535
22076
25269
15426
228
7517
4230
14165
25410
15876
11758
10753
14103
5442
12437
1941
7326
10311
4875
13553
11578
16906
549
27134
9166
1580
17758
2258
26664
3033
6259
14709
1283
26435
6491
416
19476
23928
25546
11280
10699
23053
9798
16763
6658
12411
16245
11584
15182
27111
13619
18351
7600
24451
20177
13899
21179
16483
14103
21733
2922
19520
26897
18871
9435
4654
24014
22177
7991
23897
21601
5865
26067
11401
24274
4640
5624
410
17274
5764
21579
4575
21750
22392
11682
25831
20786
7561
26291
26778
12211
1635
8071
19803
1074
6675
10497
3519
24098
13945
22222
19517
19927
18426
3313
