19756
21531
5511
18366
24019
27094
13402
14689
8493
5347
23228
3979
911
14790
8604
15772
22028
10418
20718
13372
9266
62
4579
7768
6301
4507
23936
20755
23117
15804
23266
21376
11911
26394
24690
7972
17113
22812
21749
22565
1416
9573
24651
9362
12657
16010
3613
18171
5828
17906
20217
2403
26023
23746
18998
9781
24570
21599
15235
26277
9176
13917
6651
21054
14872
13624
14721
24719
19348
14316
894
4343
18207
24776
25375
19224
24374
14994
15924
22489
1113
12936
17434
2980
17143
17285
367
6991
26420
6348
6190
24945
18501
3275
17789
23562
10142
4819
20889
26192
18057
5978
2888
24251
24176
4884
10311
25146
7043
16006
25301
6396
18726
17363
26554
9370
17798
21714
10147
2180
19147
3456
25305
13278
5884
1142
19497
18993
12830
2856
5933
19689
7929
4450
20145
23072
22611
19854
20938
22827
5034
17788
1229
13205
25054
22649
3495
5882
2960
11444
24125
11970
17624
27266
20749
21843
1159
17696
8804
21068
27409
20801
13168
24054
26102
27345
17383
518
23878
12804
19950
24290
23387
19440
5485
19127
21293
22092
13595
8609
8615
4100
21318
22107
12068
17024
8741
19559
5769
15953
19446
18879
164
14977
6214
23796
25538
20192
10754
14631
13660
27033
10087
13813
11206
23014
1269
10629
6132
3657
11317
16063
14714
14193
26368
1205
13395
9969
15045
25624
23576
9671
10382
6219
23695
16240
7750
2526
16642
12267
20546
23029
14985
17834
25714
24453
17075
23348
21256
12027
20715
19492
26902
25909
21451
24012
26265
26474
8100
10700
6223
6827
13327
1403
22281
7169
22239
2352
1261
10085
20715
20293
27394
25153
25216
9271
14040
21203
23259
22834
16781
12968
1540
2995
7335
10303
139
17755
21800
12866
12775
24316
704
16564
5906
24041
12466
23007
14523
5221
25625
8105
4782
9420
11929
6459
10814
13280
6068
13837
821
3215
10056
8200
5764
164
24397
26026
16814
6108
23386
12201
3285
411
22154
3115
21440
17383
24611
20062
7916
416
10427
1268
19569
5633
18226
27557
8278
27068
14821
13062
6997
5694
11688
9117
27024
18473
21281
2255
13310
20887
17871
27560
4721
24858
21162
9751
21644
2881
4815
10404
25546
4402
26050
2211
20461
25154
20580
24652
6114
19737
3217
2085
1837
453
7135
1139
5995
1182
12150
17358
23549
10739
3900
11336
20058
16505
572
8972
14747
14853
16221
522
12819
1648
12730
24038
10720
11156
4195
24726
16720
26494
9514
20704
20120
11596
26014
23061
21980
10619
13664
16532
11501
21122
5698
11054
9517
12293
24734
4195
18477
13992
20905
5653
26924
18560
27248
18152
2708
12919
7014
15324
23601
1295
1960
5313
23199
16636
8812
19397
21198
16683
8092
205
17434
23290
17958
19550
24216
16388
27053
19308
19962
18707
6532
444
23551
14957
2467
21027
13608
6533
436
15339
11379
14582
18755
7848
9816
24805
14716
16603
21075
10654
9658
15334
2698
13165
16931
17097
22777
25497
4070
4186
21488
21155
14516
12933
14858
19053
15439
19211
11988
14781
1889
13363
1353
2561
10976
4549
19716
17073
13205
6759
27064
7141
1444
22553
25250
8997
18611
16601
2607
16964
10929
3599
11024
17335
9422
20882
16407
11015
8978
26784
21663
17127
4783
21887
26934
5238
9195
16971
14895
17800
647
2344
3760
6196
10673
3545
21930
6395
6290
1208
26041
21069
12068
3217
3905
22530
6497
5801
3403
24472
1861
10215
11255
7941
11290
14252
9814
22025
10290
6819
18311
930
23632
345
21534
23145
2831
22087
10328
13810
4518
21481
16552
4449
6435
4306
2027
10679
18760
25294
20480
19540
8078
14023
10242
4958
16721
19100
21906
11955
20672
8085
15526
9411
12370
21696
23085
414
551
4535
12140
1047
17843
8326
26891
16069
18301
19840
20334
8978
6370
4242
6843
7220
6193
4778
13436
925
5734
24277
7388
26559
12713
16988
26959
22672
11370
4890
17074
771
7183
3836
2396
9170
20690
4130
11696
23907
19152
12092
6058
24575
24040
25040
558
20204
25816
23273
18300
19112
1367
3844
1551
11640
20994
577
22253
11243
10260
21026
5667
8461
6753
20973
9352
16015
8566
20321
11623
7511
7729
17418
15137
18441
23548
20424
15784
20337
18017
20101
23858
2415
15789
1565
13772
4733
3080
4437
6134
7665
153
6428
12392
19011
21520
4657
7281
27426
19283
26314
19417
5032
14457
22145
23478
3724
20096
23535
20866
2544
5529
8994
4849
25491
734
26426
11331
12774
1658
20816
2493
15964
23119
2420
5902
479
15323
3720
6187
15291
22153
2396
17166
16595
2021
17486
13796
14873
5171
7100
19677
22225
17821
17565
18944
7768
23560
1406
7019
12787
25546
18868
10538
13303
16390
3757
19682
6493
6058
24397
1631
16417
2481
18301
21701
21780
3519
3706
14151
8363
18733
19168
13219
10802
17727
11859
18633
1543
4272
13070
24087
16528
8159
5843
7682
3663
22990
6452
15493
8022
10298
8869
12196
25735
26516
3773
7762
1979
11814
6435
13481
13856
5314
18858
14136
3479
9733
27450
15119
12556
7589
7147
18005
10804
22129
23083
3927
24167
14469
25175
13200
9958
24012
5512
6964
15776
12691
3136
20675
1783
8753
24769
26799
9529
14530
7867
3288
2580
26453
21672
12894
13215
1149
21123
19680
2787
3716
1257
19090
12327
12027
6392
18594
10332
19891
13744
8636
4039
22471
24661
10679
22022
10070
20650
26891
13808
12140
20359
1893
9434
5895
22844
2141
2380
17683
21124
6664
22240
18057
24850
22329
21209
10116
920
2479
5414
12657
22273
1636
615
14658
5839
12827
24030
21644
14303
23182
22595
15404
4989
6406
19658
2395
10795
2580
14896
21579
12494
14133
23756
19711
18143
6465
23899
21305
731
20342
23093
20966
5041
17944
4009
8926
18545
8972
2395
4801
11033
19611
4700
22361
15725
5550
3892
27035
14550
1847
3729
17963
9750
10694
10969
2787
9047
4660
15226
25062
22620
4010
11344
98
8742
4296
11732
7039
22317
15553
6269
6772
12762
20350
10435
24852
468
310
25155
17327
4002
7013
12266
22075
2779
23614
6674
22211
6095
9165
4392
14364
10530
18587
3496
12970
21566
10604
18999
27365
15140
3140
6673
26774
27390
26764
22400
3298
2589
18377
23899
719
23474
14049
12233
24815
6158
