10791
12090
13476
25697
6863
15691
23377
19103
16016
368
4581
11013
7776
1892
4590
16146
12877
22386
5616
12992
18390
27345
1904
17525
11298
17527
20881
12573
2178
9209
16226
16070
10592
1759
27189
27135
22399
12521
11240
26949
22867
13366
14082
27011
15101
20935
23244
1879
4205
8933
4581
20326
25460
11908
18158
3491
25102
11915
18454
8483
23521
4380
23143
2620
13105
6291
19370
19475
19366
7808
2098
24441
19935
9193
12338
5462
27524
20087
3157
14842
11220
23620
12970
22587
25705
24131
5063
11090
291
19757
3633
4175
4004
10103
23874
2313
14312
5970
3251
4469
2852
12616
23140
20090
7477
8082
18848
17563
23722
12072
26869
20626
26434
11314
19556
10636
3201
24252
16798
10778
26223
6382
11016
24022
12365
15064
2897
9220
22589
19122
24404
20359
5801
18848
18418
6304
26380
22211
23984
11055
6158
24599
23201
4232
17405
9410
4937
14888
16841
10454
3713
5608
21513
18167
14884
17372
4547
27458
20682
15308
4854
12860
7085
1844
5061
24930
2525
18681
11719
2213
18175
16028
4811
7555
1260
2824
14577
4399
7226
21671
3136
8981
17497
5943
477
8969
15998
6423
23892
16295
19505
15663
17348
26531
11579
4026
6098
15499
11890
2124
8241
9551
15341
6761
10477
5845
18778
11021
5069
20302
2148
4168
22336
23191
25613
6114
3706
17250
26546
17145
10843
19557
10104
2326
9878
20684
11094
14224
4996
24239
8213
26721
11678
6992
10535
21728
2273
778
23513
24635
5520
2582
17660
27095
7786
8978
2770
3283
17490
11488
23101
11663
25719
25448
3495
23520
11858
5631
18794
16746
9400
20906
26602
18083
15143
3549
15402
14220
10988
12526
5133
7014
26280
23499
17986
7824
15685
667
10952
20092
20329
17212
27228
23025
23199
17256
13543
19859
10705
1322
8551
7292
12135
2711
26362
1867
6430
25776
4887
12133
6092
24167
13742
22336
22873
15399
11324
3856
13863
10396
10551
7432
8079
900
22821
11101
27145
19535
4336
19795
2448
15024
3664
3701
24626
22409
26976
19327
25025
4246
327
12194
12686
18407
3101
20076
21621
12766
12797
12608
9719
559
13039
25970
26635
23385
4719
7260
23236
22042
1622
16112
12867
9802
5461
23255
27001
10096
12024
6548
7638
4088
16513
4128
12258
3943
15172
7147
16434
26836
9614
27113
11061
13405
7004
6847
9091
14115
12136
5086
5659
19360
14835
26877
26803
8211
20079
21086
14515
22632
9698
14600
20500
23321
25002
1979
16049
26743
15535
26865
16224
1920
14801
18456
6782
978
14702
20678
24018
10243
17621
17414
10959
12894
19379
5610
27368
11955
9935
25097
23147
980
18033
6353
6852
9873
6162
5739
7539
17403
23459
13231
1900
10857
15535
25034
13947
15490
13669
2163
4738
14525
6920
13193
13831
3917
6895
389
4736
12781
10857
18064
7306
17011
15465
2550
12422
19476
855
24202
3760
8827
26224
17652
362
10951
26862
1288
25871
7007
18854
15718
17160
652
21652
12851
7618
26502
18790
351
8627
20506
12463
17983
16043
15039
24134
13765
3272
7102
12863
1766
10396
15517
27387
1350
9094
895
14614
7204
764
26338
25979
22953
21480
18426
6775
25616
9884
11115
22962
24382
22161
3955
24677
3683
9297
13144
17612
3157
8309
25349
4557
19892
1373
21792
18693
9902
5915
24578
12141
15915
14734
25917
18702
20937
17459
9487
23824
6204
25357
25228
5978
1490
1651
25389
6638
3424
10872
3342
10680
20580
22624
21764
3890
10845
15661
27283
5764
3254
19658
681
3310
23928
11251
26625
14157
21791
11324
17396
18375
688
22219
17199
491
2736
5100
671
2752
13902
477
10636
16358
15158
23966
1660
15772
12915
11004
12706
17709
2804
6632
13976
2389
6355
9623
16023
9422
16289
24829
6677
23554
20781
5920
11330
3485
25106
7775
5326
20364
24316
2488
13897
16331
27072
18224
23410
4351
1113
1598
13439
10936
5698
11432
26064
5102
19285
21198
18235
16285
9229
10808
10626
19099
3666
10186
5855
11111
25797
1858
19429
22674
19741
13532
13951
20671
16998
1805
1485
8431
17845
12192
455
18621
11069
15437
27218
23583
22891
853
23037
6952
17804
18106
6827
8834
6448
19172
8420
11263
25654
1410
22552
17482
22618
8726
26238
25001
2517
24690
24563
2163
13851
7440
24255
18109
2978
10011
8132
10069
20564
8234
26493
5640
19748
6589
24362
19354
22224
24542
6837
16784
1390
12709
23008
10768
1063
1185
25974
13127
21640
6467
11807
25426
13590
16527
11980
2417
7587
27235
17149
20211
27527
16392
8614
7508
4871
3955
26996
10326
15553
10812
15426
11678
24633
8576
18674
11345
16709
25046
9938
435
7378
3197
3877
5010
4306
21762
1234
11403
22550
5683
22727
3359
10885
6844
4558
6222
7073
4006
25543
23148
27442
6701
8760
6465
17020
3454
10902
11277
17113
24031
2592
3666
9430
4598
3932
17220
26677
5238
21961
8367
23486
66
25598
18129
12511
14617
11678
14729
13109
5607
952
1544
19838
8557
6079
7180
27100
11028
2844
1983
4040
6402
4507
10622
22072
12366
17681
16384
2828
17607
3118
15108
5469
4307
3821
17105
698
4485
17708
6537
197
9800
17337
21559
10757
11135
16523
11403
168
839
10843
10184
19976
1182
5184
12907
27406
6957
16616
18804
8489
14136
19698
24000
24235
6558
24335
15687
6336
5809
17149
7895
17278
19639
24612
14604
10025
2019
3931
9419
8563
3074
18638
15823
17499
14243
3439
9260
10195
19940
17086
18675
18260
18081
12419
19993
11195
5505
19352
10423
16109
18667
2096
7596
4234
23073
11601
9518
1943
18777
24412
12782
6903
2691
26276
11228
1514
17829
6256
19991
18584
18730
21917
5260
2908
11386
16786
12853
2352
14038
16908
5645
25029
20594
10763
1162
12579
17423
14165
6820
17700
14657
611
5836
11664
16863
18533
10803
23882
1319
8404
24204
5310
21516
12821
23598
665
10237
3327
362
20740
10228
1061
15737
198
17764
17173
4887
9851
7052
15696
12371
2448
10936
3500
5738
4958
15816
15331
18353
25849
1171
16201
12018
13001
20872
18792
15781
14480
23268
22643
10459
4126
1508
2625
18583
6953
25692
17269
13467
24468
8374
1909
24065
18418
21012
1740
4781
11376
3397
5181
26262
23837
2225
11716
17979
8668
