5498
12187
3201
4343
4532
9165
5303
25500
9450
6187
10474
15478
11608
15985
7724
7847
11704
4752
22734
13720
3154
6351
24804
26961
13481
26290
23538
16870
8485
19864
13222
4630
21913
23546
14591
10091
11415
5153
14514
26779
10885
26891
23160
24083
25423
3648
4792
11425
23152
26183
7529
7560
24620
14392
12371
26407
4126
25022
12866
18687
9511
3424
21
9563
19144
164
8493
8136
12957
15766
1598
19259
6307
4648
19088
10205
2549
15040
4351
25126
16350
13959
19638
3260
14729
12569
24751
4535
27324
24249
16892
17456
1294
27122
19521
17076
21934
5857
11007
7598
8464
4891
19815
488
3473
25268
15490
13334
13743
3023
12783
15840
20341
26350
23702
2157
23350
20113
12161
26976
24272
16833
6156
3642
26496
20874
25179
15049
26068
23309
10421
22425
8831
24028
8022
12227
15776
18608
16263
7731
16548
22014
6170
12516
7082
14018
808
18454
7776
18605
8426
15344
5431
336
4433
26509
10793
15911
25607
2063
15629
20372
18001
16605
25031
17860
18167
5842
15058
895
4630
9292
7094
8199
14020
24327
12561
2961
20625
23916
4896
24641
21655
11930
7799
21570
17578
6384
11910
12551
18202
16940
894
21881
14391
18534
12232
21964
17027
24183
5184
17140
18375
6379
10810
4251
20579
1934
14764
23014
21804
19747
24938
3074
1364
15718
23494
2074
1132
21730
18492
23710
26767
30
1478
23699
7249
3782
160
11281
19926
16352
3852
3312
18496
6352
9072
14589
22376
15698
21246
19611
1981
11481
942
25389
9413
13466
18797
11847
18367
14071
21115
9152
16529
26802
14686
17163
6148
13928
23011
8827
24005
10850
12241
22520
1190
19689
11618
8905
1888
1227
14837
25505
20090
24171
16323
13205
1869
9433
23527
9767
449
23193
17239
11567
1155
8298
24986
18207
17132
18034
2447
16945
229
7348
2414
17509
8607
19240
7150
7499
15302
3202
23717
22398
18412
26911
27094
15052
11662
17803
4401
19176
14986
10384
8803
7090
11556
2787
20426
9962
16283
13785
26073
12709
17953
14471
25967
16619
3715
21996
929
8900
24438
6363
18540
15740
6432
1291
6567
7583
17110
2552
12949
18974
17502
4914
17017
8619
3659
9718
22993
27189
12698
1527
11449
3385
9275
25484
11
13407
19378
27054
23374
21104
9029
3182
26293
14583
13413
17880
16298
6083
4246
12165
18817
2473
7491
4295
10570
20109
17076
18421
4792
456
16746
545
26479
13660
8550
19530
12310
9290
15487
25852
16494
20313
148
4309
5584
2990
11369
5454
23206
25376
6841
13962
547
15339
26402
16133
23167
24261
24083
5096
19933
22082
761
12070
757
14054
16744
19919
1523
19144
7945
25748
24042
673
24782
26547
4402
24148
19394
21645
5263
5517
25151
20911
6673
15815
16827
16803
9683
22313
5891
7838
24790
17204
5354
8872
17402
11220
6363
24333
5736
10698
7533
9771
25421
16056
15798
6765
4581
24078
1706
23729
24922
27452
1663
13835
15496
21187
11396
10523
18387
4722
2153
9659
1837
1796
15002
16962
11739
17321
21368
3080
6890
25778
22824
13344
2733
23417
7903
6907
19891
14295
19944
20315
12241
2054
25568
23704
12897
11925
6927
9920
11246
21170
12877
3376
16964
19574
19875
22688
24716
20173
22838
22591
15351
23345
27521
27089
15023
21763
24581
12814
25933
20882
22050
24497
12134
13730
26176
4960
21516
19749
7169
14294
21054
22891
16066
1701
6269
13744
11062
26793
24877
7790
15875
17187
2299
8040
10119
25599
18224
8107
21168
11814
23926
24832
25147
3098
3718
13830
7564
13410
1356
12517
25522
5892
6494
26344
17855
9445
25934
16453
14554
8150
17593
16883
6283
25961
15843
17836
8948
13810
20863
5355
27395
7323
2270
11184
23296
6064
27345
2974
1554
1061
25941
8712
12503
15953
27560
1310
7889
16236
18759
7183
24969
26503
21577
25455
8422
24160
9411
20237
5850
12305
8708
7802
260
13925
1919
4648
24486
15798
1065
16264
14873
8831
26347
9912
18311
10098
7066
24105
6269
16298
12876
14039
5620
2724
20444
24710
12495
11709
199
20249
8263
15130
21838
937
17275
20882
19180
22327
9103
9220
20204
13644
503
13146
9064
24729
18086
21994
26811
10711
26204
11790
7615
11870
33
8291
8039
7647
980
11726
22463
22297
19398
8817
5302
20848
12614
4574
20208
26734
13005
6024
18611
8287
8652
10081
21662
4938
11407
8380
2561
8687
23311
15412
8212
8133
19353
17134
3684
4169
12278
26373
27076
13262
14513
1393
21406
4101
23032
16852
26033
22090
13875
9377
23734
10843
24356
6759
12007
11009
23176
25294
1746
10733
25328
530
9749
6445
5211
12272
6798
4108
9519
14186
8902
14433
6266
16558
25294
4819
18077
23949
3892
11156
7126
8717
9387
24269
24789
7824
8394
10304
23244
25543
17555
22317
2276
4533
24360
9201
26269
16911
3132
581
19216
3950
20633
8039
11174
14350
23905
9817
8740
14625
16686
14739
11721
16541
18872
17810
8545
20920
22465
21116
25519
16995
6408
4196
1246
6213
20887
17547
208
4728
12520
20718
21908
23188
7603
737
12178
10783
7498
14060
7829
4039
8361
25566
20892
2709
6946
16147
12365
11769
5814
22924
21828
625
14340
20903
16437
15973
6812
23171
20973
293
9697
19108
6256
24376
21547
26241
11046
6373
25494
17864
1971
20792
13970
22637
19747
10003
699
10928
11579
6117
4668
21706
7249
7874
15485
23254
15514
8255
13144
4428
8778
5027
9180
16237
10308
24127
7038
4477
10341
8070
3604
10919
24029
11637
11576
15081
21319
1572
25980
27493
7314
18536
15121
8983
17662
5381
24428
3415
12223
25697
20630
11778
5437
95
12367
19863
10277
26045
24945
26328
20253
6262
7365
3827
23464
17275
20520
15618
24364
19016
4093
8384
17035
17369
5793
22510
8487
8082
24456
8576
2564
7440
9754
14127
15844
20461
11111
11587
9073
25644
14177
20652
23503
10105
10296
3854
22318
7016
8472
15268
17990
16630
19770
5178
10972
18536
18101
6055
25715
2901
11164
22868
6154
3617
8815
9968
9993
6254
1546
21693
11575
16685
22855
3793
27152
24310
19842
16904
12351
6300
21867
20378
16210
17974
22936
19279
2523
21493
10762
21438
13848
17036
10024
1116
20489
19705
25353
2221
27335
23745
10198
11728
22838
5201
