18924
25242
14390
24467
1715
11506
8452
14466
19194
9304
127
3195
12481
10308
4581
22625
22592
4095
18178
2381
516
20942
26336
11675
9341
2465
16849
10271
1669
13334
21429
9082
7051
361
2732
17674
27165
9947
26860
3601
20652
20612
12044
7799
16552
8243
16948
3197
27395
9909
16139
26578
1620
15397
26655
19482
18957
26400
19039
3972
11806
15872
7326
3551
19054
3081
7302
27312
2839
9153
18064
17912
24298
6872
21086
23912
12066
22628
5204
22434
77
18393
22668
19331
10497
320
5450
3885
16432
25158
17723
6821
24114
18211
10921
16130
8441
14837
26086
11587
15639
17534
10668
23819
19656
326
12325
16581
3078
447
2225
15712
22240
23937
23113
15423
25514
12853
23895
19092
372
6869
26518
4081
24033
10000
7216
18386
24551
321
11942
4542
7637
9693
20667
12567
12213
6963
4369
21927
21683
6118
11365
25739
19407
2386
25609
10197
4914
15718
16968
11493
20985
2941
25961
2270
4532
10539
17853
15176
11236
2120
19458
24503
21041
15914
6089
17168
2118
6622
17235
6999
26457
19360
9524
7404
297
21541
27040
1963
12428
955
13449
18923
21596
19742
17736
26908
6599
12125
1888
25230
27471
10692
577
23939
8485
23502
23344
18678
24809
23957
23051
21962
15041
20457
25097
10885
2319
25696
15833
6203
9234
13601
21251
3929
14669
10368
4230
25243
4217
10700
3909
19765
27254
425
24765
9199
23606
26418
15131
3457
15557
12919
524
12340
14196
13781
24615
3985
23348
5224
9507
1065
3947
6108
22127
12728
13337
19135
2943
14446
13959
26331
4656
14383
23004
18173
14493
4922
3411
3064
17295
4336
17576
1862
26024
11038
16886
4634
16280
15759
739
27017
15791
17011
7126
8680
12651
20975
23221
25451
20322
23461
13783
17881
5564
6250
17295
16143
24798
25134
12176
12425
4439
4550
22797
3727
22517
18362
7620
20791
17927
1622
26043
26679
6306
6968
16919
6250
20950
3702
27056
12701
11780
6417
20738
18811
13686
11259
1758
25262
8383
27452
17126
8688
4218
22118
24205
15985
4946
6289
14592
24421
16495
4450
11792
22827
22913
18591
23517
16964
9872
7526
24744
19632
5400
5322
3739
10814
2164
19437
17481
20512
5117
6955
1677
14582
14293
7698
13865
22782
23458
25509
23552
10740
4127
25903
26620
7092
26223
26274
20471
21353
15502
394
11579
17114
22621
5256
11052
26427
1716
11064
21293
14879
18554
14856
23556
8553
5584
10812
22329
17339
10113
9144
5979
19984
465
2823
6801
16567
1678
1765
11649
27476
11854
4934
2839
7217
168
6620
2381
21405
26318
18704
2802
24486
26492
10710
23399
15188
2983
14491
22983
14829
11811
25386
27239
12015
11226
16127
9098
11637
1863
4664
26756
14955
12328
10406
16487
12587
18867
18376
18100
20022
4804
7943
8514
23387
23686
11492
26882
20889
9413
9198
14000
19135
21059
26721
47
22744
19745
24963
12677
17508
10035
11313
22312
3680
6407
26585
7711
4643
440
20590
6856
12983
26354
14409
2768
18805
8565
10136
5866
10667
24615
25340
15603
1657
6057
16154
19558
25069
12274
4340
9261
22245
3735
20395
21116
11664
2394
10472
880
25647
20393
15842
17397
4811
5007
13820
15573
18464
9121
8518
25350
9684
6717
19254
16856
7583
20055
19482
1243
11579
23502
19352
5089
27291
17032
23810
3903
18836
15958
4057
14419
5059
20118
7735
26367
22277
5930
5350
25790
1282
22310
322
2256
19431
27094
15732
1283
17674
8886
5129
2736
14385
155
1800
7324
27140
10484
15991
15885
8971
17393
4095
17927
19498
6913
12080
22869
13954
22974
18821
5151
1165
22879
2422
12650
4287
8698
2489
27291
24510
10083
702
8848
10751
23893
13534
8564
19179
11798
27476
5754
9667
25929
16667
17991
12575
11699
11460
2699
14536
23926
22384
12312
13798
12136
5076
23596
435
9173
6947
3857
26131
8550
23095
17861
8979
904
13509
16519
18042
2281
4446
27420
15481
27094
6253
16214
25305
2981
10653
21653
24840
4591
2922
742
8550
23563
8978
12651
25935
824
17126
22288
13602
26741
23816
6303
9240
1167
15354
15837
807
22958
17866
25306
25725
524
2310
4860
24758
23578
15032
6396
24169
17513
8125
12464
8975
9765
20620
869
24638
5206
26913
2013
5770
3678
10505
19313
795
17629
13085
26672
25625
7910
5197
5803
27029
568
10647
6482
1544
7369
2305
777
25460
3600
20170
18210
25403
5514
14215
5322
1797
22441
11989
22275
11708
8924
26239
26752
11270
27390
10283
23752
4128
9402
11098
19482
15229
9413
7735
12894
23608
24416
14355
26501
24856
10083
4208
26337
16134
9569
2911
26325
185
17592
4989
19815
11104
7362
4197
9991
2097
3844
22560
12408
25079
4546
21368
1239
6781
19585
7803
10973
7607
3701
26103
11276
24669
21273
25288
15141
21267
1423
20170
7750
587
503
7398
14314
20422
4041
26319
4678
10762
14607
4105
25424
5069
13334
4722
10812
18390
1637
27456
7943
18336
23462
4903
23547
18969
262
27371
7126
22573
18962
22172
7367
2235
535
5279
8759
11530
16143
1728
22938
10714
21236
1212
1562
3136
5157
8566
19689
14920
11587
8400
576
25204
5101
17989
3886
5921
5326
21229
9594
17770
1180
1106
946
15906
18046
26701
5250
8950
14902
18603
23839
3181
3768
2165
14730
5467
6162
15223
21176
3169
5760
22865
9144
7132
24430
24553
23743
14172
12278
14773
22081
7303
3410
20612
2980
20974
25065
26857
15188
7113
16759
12396
3412
11183
18800
24486
967
27367
26607
19071
17860
15926
27218
22625
7551
7499
23722
13257
10708
16085
17389
12196
12137
25018
14925
15270
7809
3799
8616
16525
19509
24511
8213
24930
14921
3065
1145
1062
942
7319
26148
13615
22540
21613
17544
4138
10958
19135
11865
6605
1117
26380
19760
21990
12532
21686
2445
11173
2213
21007
6800
16938
3804
6604
15601
228
1157
25357
19206
11057
21984
21859
23389
20351
23690
8776
10751
6430
12571
21824
3436
21624
24188
2314
1955
12068
13762
23896
7540
20225
26686
23491
18986
6047
1123
8988
24916
19366
26685
447
8867
13579
13041
15397
26324
25817
344
14715
4988
12940
503
18143
1156
4686
9525
24056
6386
24590
24113
19138
4036
27280
1934
6166
27271
16394
