4174
160
8942
2698
6741
21345
15419
129
26202
9628
1555
26964
12480
25154
7735
9185
14916
10320
9669
2022
11617
23382
780
4566
25973
7939
10426
12545
3176
335
17986
536
17876
21465
16760
2479
13604
23030
11743
15302
20735
11935
12507
21275
19015
9295
3422
22922
1571
7415
25254
8294
14951
15506
2376
9233
6908
23544
11439
6269
1499
8582
5192
21854
11739
1212
18952
21450
1688
13497
12747
11188
6461
4631
11297
24426
13319
13903
21409
24151
17528
4707
24534
10254
4534
8027
26942
11741
6575
2983
19495
18944
16673
8502
144
20781
5904
3438
20780
9381
23566
16599
15324
24771
9023
16853
16987
13264
27203
3452
16716
26709
8702
26584
15640
18276
5970
11127
27505
6854
23815
23752
20904
25483
14074
23867
2299
10071
4507
14840
722
17653
9776
19623
9795
14989
7339
12578
23597
9355
2936
5092
19640
26629
23796
21647
5763
13209
15564
15380
3788
11508
18475
26820
7707
7382
20206
22537
20977
14408
22022
357
6066
17426
13671
17659
10014
5494
24216
11990
11577
19578
22566
3354
2839
10117
6428
6290
17891
14803
7188
10047
21850
18085
15269
20680
25664
2793
18673
1794
27131
12797
11344
18359
18389
9870
16635
3720
4914
19347
12650
16663
13275
1465
2314
13720
8016
21668
9806
17533
589
24548
3119
24338
26778
17354
11372
17555
25700
16611
8978
16020
23766
12504
19366
11915
1020
24105
7575
24172
745
15576
7054
24653
17592
19694
14402
19250
15814
4453
19112
14251
17828
1894
22329
27110
8345
26303
11345
23674
27430
13457
5733
7993
23974
25212
217
13581
17945
10998
26886
15432
8938
11593
23269
12508
14085
927
8365
10245
4373
6644
11955
24249
21701
10734
17910
16239
6050
2323
22255
8593
27048
14823
1919
26852
2455
2027
12634
6354
13437
6022
23356
24915
4952
15614
17870
24909
4879
8160
675
13301
5960
573
10079
4198
13595
4990
23806
25400
13062
3244
17777
25275
10257
5092
25492
15872
12267
23964
14910
20965
24487
6289
11823
617
24909
18039
24014
7945
22171
13742
23838
24706
571
14036
12742
10554
2343
15043
17287
14990
13721
4586
26030
27120
6264
7434
16430
12762
16524
15577
24434
17385
13887
8302
5458
74
21025
434
26175
2512
13494
9199
16378
9432
24127
8511
623
5397
17237
4251
5203
16596
5554
20844
17753
22852
16324
26321
21890
17059
22741
4691
6055
12508
16748
2259
4114
26145
20040
21494
15832
26034
6000
22891
3889
2430
12852
5370
2528
1840
14958
12701
12746
8556
4140
20498
19340
8249
22859
18606
15883
6690
17028
24516
20133
13820
12921
7017
4420
5491
21137
7107
9065
19144
6738
20760
6605
13988
8206
24140
651
15131
10551
23067
13616
13486
6652
24329
12458
23324
10622
2026
22367
18054
21621
17362
25393
22380
6559
24848
18389
14090
6455
2984
18651
26478
15202
18524
4464
7623
17122
8518
265
8341
11735
14697
12147
3697
22186
23999
7785
883
11152
23693
24430
18322
2288
7403
7073
22112
2936
773
11020
20376
17573
1405
16549
11197
6675
25027
24818
7195
14503
17073
4524
13825
26683
12225
13613
12514
9200
2102
18463
4646
26376
7448
8902
16655
11244
10937
4121
22739
6103
3925
19103
16282
158
14925
21575
4857
15754
16303
12899
2448
8726
4954
6050
17113
24947
27042
24961
5523
8275
2748
20390
13493
412
1870
12370
10438
4205
8953
3857
12474
19337
1343
17804
6930
11776
3390
16296
25397
21926
7896
15016
6561
5307
15788
1692
4436
6149
4147
18682
5046
8274
25876
20338
26431
4800
21000
4524
8354
7738
18159
14987
6542
18342
5929
11038
840
15071
10025
25480
26419
16409
25834
6087
15739
8212
6683
6876
3
19573
12384
18188
459
568
18592
17300
3165
27264
12427
7513
14125
15499
6783
4441
26364
10233
18199
20301
22857
2252
11119
25920
14037
8072
4228
15899
10857
27306
2144
24895
25065
10971
6759
15493
23418
2306
1480
16068
11555
9507
13524
19107
13028
16489
7244
765
24792
15867
4305
7406
12852
24262
25794
4362
186
2429
11002
14089
14291
7858
21957
23404
18085
14850
4334
5886
586
26898
13173
238
5417
9402
2832
18290
6719
6268
20597
9880
271
9554
1730
25983
22889
315
21678
22294
22104
25492
27032
24979
23051
11212
23934
10896
12690
41
3319
19711
26118
25672
23021
14944
5879
11408
12807
20782
11176
4994
14403
17492
23872
17958
20156
14691
554
9565
18010
24542
11581
14112
10924
5349
1857
5509
25380
20981
5120
6312
5732
697
8470
453
8615
21924
7122
6738
14501
1935
24865
14933
22874
25262
22139
24253
4074
13408
9568
7662
10381
2821
16254
5493
13363
18256
3742
25828
263
11073
2370
21925
25492
23710
24245
15614
22443
16218
10766
10989
17219
27378
8878
20852
7307
26533
26682
2934
4807
2142
13073
1334
22128
12769
1193
6634
18523
4376
17298
24224
21794
4807
4447
1286
22986
17351
15145
16445
20406
14395
10793
3439
1451
12868
26445
24604
27382
8256
19833
25383
25200
22379
676
6095
21159
12213
1466
11848
14185
5891
24599
5564
16486
15793
12235
4401
13625
5644
15837
19058
12483
15539
25997
5086
16234
4705
15701
17673
13452
7299
18309
10798
3218
18455
22793
11506
2361
24171
4158
955
15790
11717
4005
12914
16677
17834
2660
25582
654
25297
16087
19734
27496
17296
4218
7738
14976
19911
12073
865
5398
11769
18858
1113
21164
16312
23467
8068
22797
16274
1880
7778
21819
4951
5439
502
10812
8620
841
9086
413
14687
15391
27515
5345
7531
735
1074
1747
8505
18249
23843
18304
1918
2330
4204
22623
26764
22973
9033
26226
16699
4252
25964
7664
2479
2479
16810
7241
7586
7017
16310
24980
941
27526
24811
21762
2561
7543
24196
17747
5390
15464
9488
2159
4425
13159
26106
4298
2325
9659
13621
25615
12465
15539
13674
20355
13161
23298
17359
2052
4818
15397
25882
14360
1493
9919
10401
4493
1618
12496
5274
8639
6050
14518
12185
2577
24483
11954
10274
515
24397
6285
325
13339
25065
24220
5792
16771
15294
18381
21735
18668
20666
19054
5515
2121
6609
17704
15538
23668
12594
22936
9962
19152
3896
21717
18769
786
16065
11761
18568
14198
6248
17027
17620
10423
