25366
19770
4982
2606
5009
25728
17899
11720
8211
22681
2711
11639
4485
18065
19183
8520
13678
11259
3939
17891
10857
17428
7638
24485
25319
313
3732
5291
24421
25953
26440
23436
8130
532
16944
3919
23665
5757
8265
6281
11906
22995
11170
5408
5319
13917
27490
26043
25489
2354
6675
26220
135
2625
13913
15644
15953
5386
23416
19582
9332
23058
8980
16314
18184
18191
12359
13290
18981
26673
25435
24002
13097
13430
26356
14995
25755
5441
23193
21093
3765
928
10950
4478
27179
12828
26845
13735
12151
6936
21543
12631
9099
8147
6269
10411
18816
6672
9211
23983
1780
17882
19102
8895
3244
20982
23867
17601
24898
26952
18143
12395
8995
26683
5663
10805
16838
2001
869
395
16920
3065
14283
7965
27563
6846
23426
20852
27421
12501
2506
1120
13025
11951
11063
14200
763
19828
17028
500
1838
14798
24092
13335
26824
17221
17079
20470
4343
1854
2226
1744
5538
10360
10986
14637
27124
8999
21910
11218
23677
13104
3986
11052
3174
12002
7259
21557
11778
699
20056
15392
20184
3616
27501
13341
21850
14555
13441
585
15577
6651
4041
19496
6455
9987
1765
17713
24908
16873
26828
12458
17334
24582
8274
8019
18770
5892
4727
1175
4767
27000
21939
6168
64
13622
26027
15944
15323
8508
16861
14926
12429
12440
9477
7737
22028
11776
2927
23851
13072
16797
25134
413
15094
5950
8618
25294
5718
20312
24641
12490
3066
21739
17217
7338
20647
27417
23723
10117
19074
19266
20577
4162
13402
5891
8407
18100
22897
289
6051
1643
15468
13911
2405
18336
8166
3716
6291
1092
10227
75
3608
4613
16375
3527
8812
20719
16204
2546
10410
11500
20215
20603
16256
14385
1839
13774
6315
10541
26337
15181
22299
2872
13199
14126
15962
22518
11203
24539
15186
19623
19336
15256
6925
3869
220
21908
12412
26271
22100
23992
16793
24537
15239
27353
18501
23505
6050
4331
17889
3809
6861
2637
10579
1596
17578
3363
18322
7826
2427
11360
9024
16832
22223
19465
20925
20836
21126
16657
21702
22796
4792
2581
19020
7791
8181
9291
14425
5278
25960
15829
19760
6283
15393
799
12379
17643
16692
2287
9961
7614
11208
6010
9627
4850
17701
12495
8817
26514
3035
16138
11475
25197
7858
11265
1016
15314
13116
2691
12388
20313
1507
8956
19365
20701
13322
7978
15713
13513
4054
3071
18964
25312
7334
3805
22461
15822
16036
26124
16477
7703
5675
10522
4173
24235
164
9545
946
27468
25970
3631
684
11778
8652
26464
23955
822
26098
2278
20183
14442
16817
3648
17152
10959
9025
24083
18746
24605
25314
2380
2561
1254
4458
21028
22962
12630
1528
2825
21964
4199
21121
12702
6822
25423
25507
15195
13960
15886
188
23607
18480
6491
10697
3990
5008
13237
18517
16489
18707
605
35
18978
11185
10087
24247
1997
1888
19318
13431
20816
138
10864
14796
15156
23248
7555
5217
21520
20689
9237
18410
16733
8873
18353
10223
14098
1773
22634
6644
6654
5859
15870
2311
19547
22092
16065
19154
10681
17094
7232
12492
20905
10668
21316
3329
17988
26785
4464
24661
3849
17662
2881
14637
22122
742
25822
443
4713
23986
18067
27233
20333
560
2736
3701
4359
14755
10984
24809
2528
4187
19882
9874
26115
13099
24317
15753
435
8125
17723
22837
23985
461
18411
12882
1859
15607
15520
8169
22177
25315
24999
17145
6116
14775
3725
16232
4495
18518
16859
20631
10099
4047
19520
26008
15208
9847
14780
2983
17784
10920
26279
16883
25842
17937
18999
21318
18611
10844
1207
22560
424
10941
6730
13151
24737
16710
5779
20852
20693
19865
6437
2689
4467
22113
22113
19114
887
21162
11050
6563
19296
27346
26423
6453
335
22065
11076
3519
26815
11699
17492
8470
10622
24804
7736
19672
19656
3702
1353
6997
3408
22782
13519
7756
3150
16670
10482
22248
25493
17390
26052
3190
13892
21436
27083
11935
15634
15528
9455
2776
10431
25257
21402
1252
24138
14026
3020
14977
6435
17196
18061
7396
4542
12627
17534
4344
989
13754
4875
23847
4189
603
13777
22887
1278
17854
2736
27073
1582
9231
9177
13820
4214
2345
23217
3600
16797
8878
7771
10201
5685
9152
6100
19290
1928
10309
19495
13299
8217
7890
9757
15951
17557
24160
6176
23794
23514
26696
26395
17827
25378
17617
9514
2837
17297
20385
21641
12356
25070
24534
26152
2755
15635
18969
10785
8081
932
13310
1754
17143
14974
21231
1876
5338
15298
8052
13760
5037
10740
7063
22205
15200
23384
5795
1605
10785
7850
21154
5475
2363
14784
20879
9258
16192
5046
23759
15868
21829
14617
20694
23102
18283
19614
20828
21718
13295
2918
1393
17399
2119
14801
9100
10426
10581
12401
25682
16116
6216
19867
18112
3579
3712
1676
6487
18934
9960
6802
4185
12118
8812
23042
10368
19691
26587
23781
4106
14777
17700
14310
19815
23228
22063
15341
14638
25448
380
15525
10831
5181
20273
13636
23391
16933
20157
10116
19917
10945
7692
11147
11577
2449
27319
26249
2002
6972
14733
15364
9519
11071
17862
2310
14004
8274
3047
19419
3916
24175
8025
14208
2884
20596
5733
5514
17134
9808
19168
4089
6654
1185
20855
6662
6223
23235
6486
105
22782
27149
14598
6768
7427
19767
16886
19090
4651
20366
19211
17782
25549
6704
24767
10058
13602
536
438
18963
5997
13540
12913
22933
18386
2604
6707
19488
22717
3896
4043
17906
19510
5419
26882
4386
13884
15700
21342
26242
20576
13915
20983
23143
16179
11203
1875
15499
3603
15682
7835
15669
4460
2314
12126
25439
10060
23370
24638
10024
11005
3582
25732
21379
5013
9796
21312
11629
27251
16319
5847
8227
20734
17729
23077
6864
16921
12041
945
10449
17548
19860
25061
19623
4122
4216
4755
3991
16724
1081
3660
21812
9917
11915
17961
13935
14000
26993
20028
20465
24101
8185
19680
23951
2829
8947
1375
11557
25779
2660
12958
3122
20539
10138
9008
7177
9400
21677
11033
10955
3312
5466
5431
19871
4458
25873
6384
11413
4109
5961
11870
492
6912
16887
15730
8880
15561
17298
17588
2911
13263
19749
23053
21269
7429
10765
1239
5650
320
18469
10025
6353
8745
9484
17301
4251
17237
26089
19212
7680
12371
6058
