9700
11790
3137
4738
6040
19360
9358
11808
10368
23250
24604
7487
17298
24922
14494
5345
2575
20418
15848
25089
11861
16717
12458
7202
1520
1609
1509
13330
6530
2955
6101
718
3333
20714
25300
15692
24359
17573
11936
12519
27347
9967
6458
535
20172
25095
7178
8978
4651
3001
24606
4053
23676
9448
21403
3710
12862
18207
20081
23919
1646
13590
8642
16961
10248
16125
7105
17591
15484
21498
17965
1111
2187
9539
14397
21144
14871
19442
27530
10545
20922
20874
26633
21881
16667
2329
13522
7017
3718
24321
13450
24829
15350
1398
10565
27450
2287
13421
12607
7186
17438
2513
10204
15768
20124
26673
12141
26828
27305
8492
12948
2885
462
12758
7
5581
3166
27008
11709
17505
27191
17521
654
458
3929
15286
26828
14180
27500
5629
16706
13577
6737
19877
2246
7920
19917
21402
3953
1910
2641
8136
26572
10710
25503
17128
23707
3048
14558
6180
4036
8527
23016
24866
6222
17784
13445
8937
25796
13204
5680
12131
25154
10446
24946
10937
21904
23923
6410
5609
17558
5974
6571
9946
13371
19101
16358
16884
19301
17793
13458
19868
26781
23695
16527
997
1910
6519
1028
11017
15435
17167
3839
2877
18513
1880
22672
24765
2158
10801
16593
1780
14016
5861
25897
25057
25823
4092
4567
13563
25360
9545
25345
885
20376
21855
25991
16313
25902
12706
11623
10304
10867
11780
13341
3405
1546
8584
11631
21453
4166
23028
1355
21075
2369
5350
2314
14217
17023
5584
8186
11570
830
16585
4775
20331
15491
8736
8960
27433
9317
26578
18229
1847
3189
17596
12226
10104
6336
12626
21833
23284
17940
10682
10214
27166
1960
8822
4210
10540
5364
21264
14961
7936
164
24986
18732
8356
12977
22334
12018
17217
27541
16673
16961
12447
19374
16506
24604
18621
24836
23456
9990
936
20885
13372
15957
11020
17729
8758
6355
27424
6150
5457
12578
13144
8215
14228
17963
1466
3765
17849
12291
18797
2108
3511
1839
21446
9324
11607
21898
17200
25836
3850
10274
18424
10142
24188
24108
11576
15038
26698
18553
26943
22620
25329
9974
16476
24421
12444
9673
23160
3718
9683
16205
24114
4201
4987
3727
10101
17504
23314
22245
20431
16587
18081
7265
4723
22346
9228
5181
16008
3042
18218
26566
26379
4273
27455
18367
18027
10323
2694
13283
4369
9175
18149
26429
8260
6829
2310
22515
12150
2843
24302
2148
19597
6419
17033
4295
14049
18780
9550
1600
10986
21842
15349
25022
2598
2265
22918
22276
14651
15961
10449
10653
7716
11579
15620
23459
26162
19553
12282
13283
9219
5297
18301
20155
24227
6887
24416
9085
1005
9542
2283
10311
7754
4177
21884
27052
1304
21515
171
22905
19223
2869
20628
24982
2375
21176
6100
15681
2882
7276
347
1442
10137
22755
12170
1871
11884
22260
2673
11805
16980
17700
1113
24494
568
11123
21683
14668
5281
25793
20828
25323
6703
26912
15360
19873
10017
18820
14736
6308
13038
21849
27
14444
9582
13096
17892
9118
1390
23521
8031
11811
9861
20285
17759
25494
6416
346
16266
24749
18385
4307
21617
3723
7832
11844
14097
5003
27467
762
2424
1355
6461
26222
7826
537
7665
9157
2716
24098
11415
1366
18588
14586
17691
5917
4314
25785
11730
3579
2479
24564
6235
15798
24466
14898
17592
2124
4807
26084
13526
6457
744
14562
9043
19442
7696
22667
8020
24458
19238
16007
25469
2914
11689
10420
16717
20317
26018
21047
15359
7828
18692
4478
19023
15403
7631
8494
7104
14080
3163
27281
8948
17678
17399
12674
2445
17183
25118
2179
2575
19261
13226
10825
4487
4446
21553
22515
8267
2595
4741
24052
15906
16685
10211
17636
15558
7728
7231
15086
4833
19576
9505
19169
21156
22562
7106
16461
23876
27523
205
9556
21265
17044
19726
12421
14935
19929
417
12149
4883
8895
4912
7171
18631
167
13696
19639
21101
9714
3809
14989
16702
17507
6864
26212
17812
17477
10963
24452
6568
14239
8987
19250
24925
27054
12161
5237
26281
6050
15
9308
19374
26591
20582
3727
13326
24562
27062
9901
5072
20487
10843
7819
14838
4598
9367
19833
18435
8341
8543
18189
638
27142
7342
17787
8092
24581
19094
18559
11455
21358
14841
2611
19796
23877
23041
16826
23977
1205
396
23768
17734
20994
9379
17893
536
17717
26276
16787
18081
7226
25233
12330
17518
10036
18957
22534
3149
20368
27217
10212
11415
14669
26184
10875
18875
26674
16605
12538
7287
23718
19561
4402
3800
8249
18472
17731
2040
13772
25245
9678
8718
24828
743
16572
18500
16940
506
15143
24633
24511
25223
8990
15246
14974
23710
20060
19666
9685
414
19112
9678
2594
15823
18295
14845
2563
9454
3106
16267
14698
7829
25630
684
2916
4061
14976
12393
24743
10235
10195
3829
281
1543
9007
7533
7515
847
11848
17947
2077
14401
5937
25032
26153
10626
27483
11102
1745
16600
2089
16876
26203
27523
20770
1438
1345
10085
17313
16167
10786
23843
24325
23976
12334
26845
4041
9549
21077
10134
14641
12522
26830
22177
2083
4220
10345
3025
19972
5523
23408
26929
6939
9233
22298
8523
7102
20237
20175
2799
2810
23536
12138
6068
5597
1712
13158
17846
14466
13359
2602
23943
5331
14117
2732
2835
16941
179
23274
2310
19003
11283
22531
22108
25021
9846
10280
11732
47
21860
10698
17871
5457
7865
6477
6653
13406
9940
25030
27166
3582
19134
20494
5250
12221
10927
18055
6451
6749
19891
9712
26995
18020
18852
25424
12192
19256
20494
18652
12028
1987
3065
1640
2368
4942
8344
21690
25612
7680
4019
22859
1263
13229
10150
25977
25456
14514
10254
26570
7497
13452
6334
4236
2644
26585
20841
11126
6032
24034
5005
23211
2564
983
18936
15336
23873
17122
26633
17944
772
22866
13951
271
14928
24568
23956
25407
14178
16522
3652
12448
15436
19841
11377
13831
8725
25266
13517
24556
26661
13877
3420
2499
5852
15054
13670
17651
22868
17303
12978
119
14741
9803
21574
21129
26533
3734
5847
18659
14698
16983
2886
12156
26883
2016
7028
16365
6545
23380
22070
6839
12886
7273
6687
22107
18642
21022
1565
12878
26884
11605
6253
20484
10544
350
12628
12319
13060
13934
18798
8096
3444
10838
15238
1810
26195
