534
12437
25581
24950
5397
13544
25195
3201
115
9836
1376
25489
18348
1211
22761
543
16223
18266
3534
8878
15503
592
2800
11184
6915
12126
22018
2468
3305
7892
19472
13548
23091
27362
939
16550
8942
26872
6217
22673
11300
21779
21279
12389
3456
12678
19938
15756
25096
12867
4198
532
11736
8948
4425
15757
10154
22150
2858
17345
23655
18918
18010
3386
15798
8935
6795
15225
2134
10603
17677
9318
26665
11459
21905
1719
5713
6610
434
4913
14391
18667
2911
16509
16740
5342
20912
13116
20740
15992
14320
26498
11842
17491
26471
20843
5942
26623
16326
14806
22129
10532
22974
12156
6776
2356
11132
16714
7420
18930
25352
23190
11123
152
18646
13619
16045
7773
18700
16551
868
24761
14778
26356
2396
14395
2371
11216
20002
2135
21843
11117
13338
18662
16785
27345
12178
21401
13767
3680
25006
20373
10731
12649
16284
20086
21963
23724
14631
5023
18336
18288
11574
7316
20708
113
8419
25451
1836
4461
4844
2759
24813
15860
22687
18428
8618
4213
10714
4385
16413
13641
443
27550
25217
16336
23258
5002
998
1227
20561
5993
4757
20099
8571
11725
21874
15032
7127
11734
676
5630
22195
24533
3919
17278
16074
16519
17629
21751
8039
17755
18165
26777
20071
452
16514
6826
3077
20247
17509
7175
19855
823
15991
23464
17713
20412
105
1357
21193
20214
12762
17837
502
744
12112
26537
25153
7257
21754
24050
2188
2441
24389
3034
14143
20712
18297
23590
27383
4275
4226
5869
2578
4320
19170
24050
4202
6389
17972
8077
20688
8911
1127
15125
13921
23927
14105
8839
9405
1555
4402
7992
2544
8987
11994
13170
19547
12533
7924
10791
132
4923
9508
15959
12349
6285
5583
5059
13547
541
16931
18478
26568
23275
23965
6051
25058
24021
8512
8650
11240
15077
7687
6236
14437
4995
25182
1144
13749
21817
20040
2446
347
13489
10653
11138
21548
13335
12458
9652
23832
6344
17022
14885
23298
5603
19565
13931
18962
17310
8389
18828
6212
9983
3355
5361
25015
16062
13021
14100
22575
7311
2771
14904
2153
8137
14999
3245
614
5458
17159
17874
24696
6666
21102
19410
21102
7811
3887
2070
1269
14852
13317
17949
8986
16612
2439
10718
26214
18213
3270
19069
13929
18630
17553
18788
10613
16172
21293
18641
13341
3711
7146
7442
25240
10868
24311
4199
15027
21381
21998
3545
16748
16657
23466
4611
17179
12327
7246
17149
7391
11240
1985
22685
19792
9339
3989
2574
9664
4993
2954
15047
26774
17308
23906
8842
76
12751
8385
3706
27183
8356
5778
22701
15969
18146
6120
4594
13678
8985
6705
859
1801
21813
10175
5591
15684
11963
27240
9021
2185
460
14888
25974
11034
20231
27513
17298
3553
11261
4803
10078
14489
157
20433
22553
26277
25865
13419
19987
15024
4723
20669
21570
3550
12405
23830
274
3357
21335
20515
2930
12241
3649
6868
23659
6740
11254
27337
15946
4353
6601
3609
4546
25222
4343
16373
18659
13067
11254
26889
1317
3638
21572
9122
25242
21260
15543
8384
26169
22314
11509
10335
15271
26523
11295
2763
22487
5431
19715
27115
20909
12758
27148
17471
760
17221
21598
19987
4813
16800
18966
1973
18567
22235
4896
3809
478
19685
23410
24506
954
20690
17876
1573
23131
22794
26160
10738
26648
912
10388
19533
24394
8871
15648
545
5265
24920
6452
9608
16471
19284
9172
16497
15351
4667
10429
13703
3312
2434
6483
25740
6020
21820
10720
19212
15058
16169
24653
15866
7024
10002
25447
6397
18968
19987
25132
10035
20835
15190
7385
17273
6219
11828
11904
25111
19356
19770
17150
13859
9909
179
9885
12630
132
15100
7724
6724
15750
25355
4337
23035
161
23253
9058
13663
23324
18343
17205
23312
19147
17948
1311
26706
24974
17046
12427
6677
26750
6290
4807
26056
6556
7440
8376
17034
13534
24963
26240
15992
228
5587
10291
4966
27263
22519
24243
17534
16119
2759
13115
27303
10785
24034
9712
10675
2638
24816
18787
6670
18675
19914
4388
9271
14601
3854
23875
10961
2636
7909
26146
8357
4860
6158
7824
14763
20378
14629
18597
15006
18321
16757
20656
23848
27017
17517
8727
22075
27353
15535
203
19507
15555
1897
3137
26185
22585
6284
13279
23937
3606
1943
17121
11501
10015
18489
5284
17312
21849
4402
23314
9524
2442
18150
11500
5924
10888
21851
21661
12642
882
25926
24977
3811
11295
8461
16554
25757
25372
1935
2974
22757
6280
11827
612
1837
4065
1790
9039
23323
18823
15618
8722
17742
7795
6222
2440
22793
5942
21832
20110
1733
26392
18216
19038
13265
7520
24670
27444
10082
20962
7132
22251
24928
14954
22433
26394
10420
21554
1665
6538
19302
22538
27012
5046
27151
15062
18902
26285
8919
12582
949
214
25647
230
27405
17759
25457
25476
3443
2012
19100
10333
26353
11974
1863
13862
5771
4588
4366
1622
15255
6009
27418
8418
24155
24991
836
16137
6694
15690
8432
18568
19644
21179
7138
21821
7639
26578
2186
15286
10824
17673
24127
20988
18497
2881
11559
3078
2386
12535
21601
13179
16395
17834
21572
2228
24010
9128
14823
1482
17543
20513
25632
132
22311
23260
21107
14421
11667
22711
10135
22711
12340
18606
17477
738
19719
12613
27256
10817
22387
2531
11236
6090
2846
27007
10300
19051
24388
17463
17159
9670
22904
13341
23280
20094
13677
17607
13156
7378
25269
4862
14689
21250
1473
18800
9713
22859
18021
25528
20660
4402
23342
4812
11049
16778
18781
11573
4940
3274
2244
11623
2914
18334
20937
23536
9018
26127
2300
17320
15008
1230
7084
4413
11470
15848
25563
8035
18291
19024
612
23222
18528
18723
14283
20636
11384
5801
845
23625
13357
2968
25348
24599
18545
14880
5554
26006
25911
22887
1792
12794
17556
10070
15309
7149
5005
193
15464
20771
14500
9325
9475
23674
13208
291
18055
2637
229
22232
22544
21118
11260
6828
12885
23553
12819
23995
25484
12982
15149
12310
25535
3295
16687
18500
24673
26405
14607
2473
9112
25834
2158
6595
3967
25704
24514
20046
16678
7055
19401
26596
10460
23438
8312
10851
5403
22698
6278
16549
25356
11141
6842
22475
16056
13096
25381
6801
16260
17741
26175
14874
14619
17591
10023
18757
