5333
11702
18543
14022
15897
4102
9687
12222
21421
20753
4363
22957
20031
10439
13908
25558
23347
9590
24094
6941
22402
9867
25215
18480
14898
9167
8245
18882
12054
2895
16604
17812
18733
17895
26387
4342
21307
24065
21350
1768
11732
21239
8284
5069
23978
6871
26203
11557
5228
2124
7815
18803
3897
10747
8410
10371
14467
25174
7765
12817
10731
12894
20164
25088
22495
5837
11224
394
10322
13545
605
4164
21484
11893
2114
17404
465
25273
8807
11918
16667
10749
9434
14647
8972
22933
15990
12354
1305
6233
1065
7977
20203
22891
4292
24715
16326
22468
19117
6842
11858
8970
7133
13722
10974
7005
4903
22071
9435
11301
14784
13059
5674
8738
219
13004
27536
11727
17068
16570
10254
25564
7317
10501
11774
24350
27415
18092
11193
17963
3628
11660
17907
21327
16015
3363
22931
24139
4115
26021
24849
14153
14839
551
21794
27391
11990
6236
2314
15130
15048
20490
25298
23659
20364
18045
17856
1359
16159
11956
25335
24937
24381
1499
11574
26013
9258
11301
16689
15030
15263
7683
21373
16988
4420
16590
2110
24821
3887
23640
10431
11326
23286
4583
2473
6283
25065
7716
18350
19676
7654
8663
5795
20087
17444
26372
10762
17729
2713
8125
5632
17027
17675
7090
269
7150
26938
24580
16853
3682
5528
450
7485
14458
11927
15214
14106
5065
14141
11992
17218
20704
9952
2681
23822
15141
14723
15479
161
24194
1963
417
23837
21575
4773
1241
2447
15019
11281
22927
4880
2799
4434
7731
24137
12565
20577
24028
12540
4135
11165
27153
17100
8975
24859
2317
17965
21707
8747
5961
4901
14258
13237
14607
13795
17053
21015
3080
18587
19971
26631
18850
2520
10857
14530
2268
2545
14514
10078
8340
17137
21897
12708
21463
19575
6482
26189
4048
20213
8935
15687
17234
12500
6982
5205
2672
17465
27550
17558
25568
16913
2313
16585
10316
18024
2804
13523
12348
7478
10730
14835
23996
16146
23679
490
9438
945
1779
22995
188
23939
12979
6753
15659
6655
12719
13346
2288
23740
6477
16377
8339
12555
8440
16520
2250
23718
20166
11596
25317
23743
9923
438
23263
23226
8963
7623
19636
8495
14316
16478
18186
19882
6871
14246
1905
23953
20532
6586
16270
17030
25457
19423
10882
10927
17906
21003
7013
3632
4804
26282
3232
21390
3359
6289
8019
12325
19145
10073
21874
23964
10934
13608
6208
13054
23166
2514
14156
16746
7667
14430
15294
18029
8387
5351
9689
18055
6141
7224
5744
19051
16451
394
24469
22950
3272
2088
25701
9792
16053
7431
20475
23610
22679
23369
10964
5794
86
14440
4230
6919
15763
20230
16625
3058
10815
14689
16013
23304
20664
11683
145
25363
7275
2106
15074
25246
7113
7788
25373
7654
12273
15445
20699
20348
19336
24412
23390
13539
4026
1741
27020
19709
5210
1815
17817
8021
22065
8795
9789
18331
2501
19902
11888
19154
9414
307
6642
7751
2436
10251
2240
27438
11766
16265
3116
12756
10349
2314
16774
26741
16139
6031
17902
273
17258
4702
17026
11413
12575
22835
26074
22289
4773
13207
22783
2306
11326
22030
11044
9508
26026
3916
7907
4631
5441
6399
5507
12674
18736
27479
2263
8754
5180
1748
27521
11270
21875
21777
9008
5345
22645
17929
1001
10670
27261
24001
18745
22512
25350
20076
13993
16232
8345
27079
25085
9050
11593
2640
6000
9416
14293
18326
23286
3162
2754
8358
6633
21732
24637
27174
12499
14774
12686
250
11405
2785
15747
15293
11474
23555
26565
17076
14952
17863
4768
5914
6421
17679
525
14979
21403
10149
6977
11567
24387
11381
25564
13349
19486
5287
29
10801
14075
7555
11474
5316
9785
21698
18407
22142
15798
24199
7186
17073
4358
23672
9366
8328
6705
1192
11180
3111
13418
17924
8922
6356
12489
11529
8268
21273
24302
7929
14177
17206
21313
2625
2636
22860
18782
10331
17281
6380
25132
4206
637
1873
7563
12579
545
18516
24483
1943
352
14951
20625
8240
5783
12338
17149
9252
25877
25067
13079
19065
22646
7971
23233
4076
13627
21916
10647
21476
24265
2088
4457
27087
10801
18448
8589
18858
26351
9680
6348
549
23383
12566
22489
23046
2230
12506
105
14620
13717
19466
13923
13365
10452
19819
10691
25238
23569
12280
18546
9751
9904
25563
6641
18817
2366
11624
21276
19254
6704
4083
2525
10953
11868
13621
3949
12314
26819
1402
4343
14080
9931
18986
26266
22408
935
1789
13034
11944
26655
2994
16177
7830
3492
15187
6717
11009
16297
10064
12929
21370
519
19743
25187
19972
7063
2263
12911
13769
26502
26248
5144
9191
14665
21665
13183
26134
7082
2647
24712
23434
15850
25473
19862
16533
13432
21854
18671
13126
25673
6609
26372
22415
10293
23215
16819
310
18168
23295
20897
12983
13596
24441
10923
21839
24671
26392
20228
20681
11416
9614
1287
828
8912
7053
17011
24878
14007
21768
26996
1173
11438
19392
13779
24368
9063
2115
17976
78
25687
2348
1186
15115
11204
19988
8071
23163
11259
15385
12292
27161
14435
26949
24304
4353
14608
13128
7040
27376
11729
9914
10283
18022
20408
9044
22979
25567
9195
2569
3313
17751
2736
20182
3930
2988
6167
5608
9733
10870
20882
27315
6070
8948
6706
27008
23969
6042
2391
17458
27293
5855
8911
9105
25760
12099
8603
13595
24364
16863
16922
8562
18956
14281
26484
6333
24387
24317
12667
18893
16393
18790
25435
8497
21307
21181
4628
16199
4825
2633
27101
5353
13376
24524
24308
21428
577
1071
13018
1652
5849
7125
20467
1847
22907
16692
26068
6266
18131
13078
10204
3621
20491
18920
20317
13906
11947
15481
12645
6098
8323
10843
9621
6803
7506
19162
6924
10860
27022
11858
11143
3062
18498
21001
7639
23522
1981
5302
692
16816
11296
26685
21505
24931
25921
14951
12323
26434
6050
610
1125
22634
7432
12464
12418
506
24852
11413
7586
5152
18966
23633
15258
11547
21916
25224
15495
25193
27508
3140
13289
1588
10708
4416
1701
26122
1252
2058
18637
17987
11167
16268
8591
6714
22915
17525
18478
23482
10228
24355
10925
3794
8697
560
12672
19250
20285
1570
1598
24799
6334
17034
2580
27368
7929
23555
7276
450
25506
9450
12508
20891
7747
12628
1818
16685
10802
