6638
25235
16609
15897
17548
20027
8098
3985
3708
18525
345
9170
24077
20224
13385
7241
1751
8666
23350
15166
8904
17837
11609
24912
10891
5876
2456
22568
25767
5166
12189
18205
14635
3284
25621
786
2394
6477
2138
14588
8087
11279
25421
20754
27463
25489
24048
20204
22571
23948
4195
22860
3746
16478
17545
19769
24608
13058
5046
26966
5662
4432
13434
3876
8550
19841
11765
14611
25701
20109
9982
22179
16552
22859
12147
9566
19730
20182
10848
20208
9114
9695
6367
15706
26422
2313
13202
2866
795
162
3335
8667
9912
22474
481
2770
25845
24876
2862
7633
19841
8080
6164
24615
17915
2692
21704
19292
16423
22059
454
19992
6716
11064
12940
16849
2414
2598
21904
9229
3032
23535
6728
7326
23322
2781
19171
24472
863
22133
20302
9179
9268
2055
17276
17422
18693
16834
20378
17562
12356
1706
20220
20333
18093
16869
24682
17826
8911
12484
11403
7045
13107
26732
8522
26319
6859
19684
5
2006
18229
12376
21298
21907
3269
549
27444
14017
10552
15260
16453
25650
26985
27198
2584
1055
17271
2403
13181
15662
9912
23825
20706
26948
24189
2591
21135
15956
1105
21818
21691
17378
24382
17418
2108
22796
13204
14325
18143
23039
2932
6797
17144
847
15342
21133
15789
26387
19992
15498
11020
16318
24935
25137
2208
304
6757
24428
8382
26725
11029
10401
22035
25069
21987
14916
20063
12517
22942
11644
9357
6091
11151
13764
26883
6593
10276
4769
5467
27073
9554
17949
26192
22012
12824
15599
6431
4743
24544
3991
3527
9445
9321
26804
11429
8319
4884
1982
4450
5977
23383
24499
15440
23936
25311
27255
14430
23423
25964
14878
21330
9913
26689
19785
6351
11482
18593
17290
8971
5801
23026
4021
16213
15411
13654
13619
21439
7022
9911
7519
11661
26321
8792
987
18632
24951
7855
23116
8727
7646
2299
17883
15179
14433
24675
7963
7369
8203
17430
1550
8998
4581
10762
15535
21962
17546
12825
11252
304
2566
26951
9592
6662
14053
23149
24316
27247
2293
14260
19385
21458
5942
23604
8618
4336
20908
14142
19725
26535
26440
11593
18682
27025
17189
17626
1989
14687
4875
3620
10585
19135
4540
3590
1567
25926
16967
6180
17939
2060
3629
10911
21289
447
13991
15753
23688
3448
27487
16436
8943
1216
13477
18192
16085
25018
24531
23391
3726
531
4871
15995
937
9952
1732
24254
8760
6866
5826
21435
7990
8418
20092
16824
5972
19407
4645
13511
2311
21433
1665
22738
23336
5117
24593
24258
26282
4426
13370
25559
17177
9583
17826
14995
25752
26449
1
304
11515
406
5643
10730
17437
11049
22235
11220
2238
3695
1809
169
23434
22635
23460
16842
978
8343
21860
25768
17682
12209
17261
11667
8884
24408
25193
23031
14141
27304
11683
2056
23925
7843
3275
26002
26601
6244
9454
13248
19069
19639
18184
20168
9564
14387
23729
20182
27461
13123
18083
23879
11508
2709
22142
26576
6624
11531
11395
19135
2586
696
16528
11132
4376
13380
18683
11117
25444
5233
10274
27332
6934
25524
26464
11220
17982
23776
15646
19008
14707
27184
314
20908
14706
884
17071
16855
9552
1015
704
6040
19694
2763
15341
4041
16892
4936
21863
14187
6903
20359
5112
2574
20602
1186
19143
10018
18889
7304
26635
3253
11699
18682
17128
15148
12683
11268
11663
27461
25487
21962
15375
12165
17416
3852
13621
24404
25882
7505
9205
3870
11558
26712
16223
21101
3755
19374
17468
5330
4762
7327
2100
14470
22189
11425
26389
26369
12805
1675
13239
19416
9905
9462
2660
10955
24899
26680
1837
18442
3303
17262
1757
1008
12335
19099
8452
17715
6351
3280
10954
25769
947
7816
15251
6499
13319
13854
2257
14593
22912
10403
22669
18678
6289
19133
6359
16645
15373
21437
6434
3751
15005
11033
6204
8424
17325
13921
25460
14096
24246
12225
12485
27551
17625
4101
23321
8151
25165
8548
8933
19382
21548
16900
2483
13463
24805
24631
20584
17202
15472
14843
27071
11713
17856
2270
643
3071
27366
3134
4148
3877
8002
5883
24299
9768
23175
16033
725
5942
24239
25459
24498
17675
4351
1960
27281
25920
5238
26188
14887
4504
991
2441
10918
25021
20908
16988
22711
27482
15820
8205
2258
10083
857
23588
27031
1527
18295
11353
18682
23887
125
5251
15603
23694
4539
13465
2426
13243
22197
3179
23470
692
21298
10212
10591
23807
26628
22628
2997
8326
26709
3652
19835
17860
1281
20415
2224
7729
20718
24554
9477
603
25532
348
13178
11346
8978
19931
17302
3270
18058
11069
9826
6773
16858
818
23868
12416
4363
1001
6236
8918
4269
9173
4040
1915
2447
21353
23405
3505
16664
8603
24779
2691
19821
239
21753
14774
15844
13279
2136
2347
15191
21181
14081
20628
9006
1990
22757
16676
23560
11021
7909
14057
20100
3822
2639
18491
27224
13605
19109
20738
8960
3704
26310
3582
20447
11231
7593
17191
6276
19354
5800
23176
7601
8228
20863
7040
1425
6816
20349
26422
8203
16603
26632
6991
195
15006
27360
9338
15676
8126
9891
5895
11782
5428
12743
1444
11601
8855
3055
9570
9949
6102
8458
19278
25894
2440
342
1345
23573
5054
12080
23763
4592
24501
24435
19296
342
2290
19810
9261
19959
6018
9406
9143
8265
23802
6358
9096
337
11567
25033
15241
235
22753
11243
22538
23751
21723
1457
26267
22208
10218
25463
20158
15748
978
11362
7961
11746
8585
2929
11824
26251
4412
568
11645
24550
8746
23754
9336
9068
14673
20183
4707
12792
6172
19813
7740
402
12355
7794
26406
11905
12679
10952
8128
17213
597
15604
10981
4192
6538
26748
4579
7388
157
10470
26601
26875
4393
21174
2287
15700
4447
15358
16052
20803
2257
11977
16230
6354
4907
17806
7977
11227
11111
14561
19277
24218
8554
5538
5916
17974
4430
21175
7261
20820
20457
12457
27271
17425
22617
1586
22302
6116
12469
15030
18993
11746
3714
4437
16742
5748
7313
364
22429
9605
2124
15094
27314
24332
23792
5592
8664
943
24969
23518
19231
6839
8638
1670
17643
5657
14352
10473
4916
11968
7163
18740
4743
18643
11262
22373
15758
6423
15598
335
14245
1420
17352
14360
13543
10706
9222
24291
12499
21808
19842
26533
