27169
21557
1571
23550
18803
19892
25065
10268
1723
11229
2098
7905
12368
16998
20551
11447
20192
25824
456
16604
15
15077
18162
2265
10070
3706
2709
17428
20759
10668
16342
11239
14151
8842
909
18567
15279
50
9518
22157
22105
20090
1390
1270
25194
23761
21546
10535
22711
403
23525
11419
10200
6995
26796
15380
10457
26022
10298
20068
23917
27305
25776
5464
11488
2036
18400
1809
27
25003
16669
22363
14166
9266
14963
20432
26632
1129
15030
16493
13383
23964
17734
11310
438
17272
24293
7863
22129
23171
24858
17662
17907
17903
16420
15880
2240
24891
22228
24115
16759
27347
12572
3577
13164
15318
22246
24940
19000
2301
15753
2292
14613
12073
1004
11506
10722
2399
2717
1617
1643
11580
19488
11972
18804
24146
13164
16240
23263
93
26370
16970
4417
4282
2104
21236
15341
7536
13432
10812
3879
19122
26874
21848
14760
25085
1314
18696
337
16698
19955
13292
15598
4255
1000
14203
7523
24424
24368
2204
2598
4786
22766
26217
26939
27233
14281
20158
7760
5828
24145
10465
18385
19628
24293
10487
23674
14951
26725
23690
24193
3361
8999
6853
9099
10762
4570
16356
1515
24189
6245
21016
8339
21502
7751
21417
8509
5137
12554
21031
19870
9109
250
19969
27070
6609
11504
6245
1943
11751
22186
6277
807
18550
16552
245
2470
24441
19810
22307
2327
24734
26727
18236
23968
4628
13844
8753
25046
1161
8223
7292
13239
8072
18488
9497
16542
13705
4734
2314
22218
9849
1503
25081
12681
22462
15932
18152
18090
965
3215
3157
8827
13619
25636
16288
2253
20758
18703
19178
3776
6427
24230
26015
353
9290
22631
8996
7589
27403
19884
14909
6352
10720
10559
23314
14661
3604
12987
15058
23478
26725
15126
23531
12834
2312
6088
26815
12592
1926
1345
17573
15839
12829
2246
21141
14505
16844
12178
5881
9799
6689
26011
6220
4498
22631
19905
180
5546
20988
8222
23787
27054
21082
19937
22613
4428
22009
3330
15588
14888
23840
11140
24597
16334
7616
3470
6641
11648
13237
27487
8322
21521
9776
14277
1160
15985
17315
26789
2787
5734
23018
8889
8787
14979
10298
4576
9137
17779
15676
15655
13885
7867
10131
17151
13678
21041
14266
8842
11509
15065
3343
4197
19073
3841
3290
22896
4742
21974
16478
26960
19162
18915
17929
20151
21384
25234
4322
8786
11258
8719
10351
18675
24235
26343
6976
2108
18925
22094
20420
6096
6316
3442
15290
24099
4847
4727
11567
1278
14285
2904
17826
9643
1442
660
17019
18800
6821
12079
699
14743
24706
22999
4460
13783
22170
25214
19978
2950
8737
8573
4181
8207
22434
3172
786
20732
2124
22352
17374
17113
2771
347
18267
12470
14467
18601
10599
371
4949
5426
3983
292
7935
2254
21551
20775
26119
21898
12037
26466
17514
19992
18949
2396
3449
14338
12834
16063
3070
27063
22109
16121
17856
2180
17383
1352
25777
2281
14778
9135
20953
26115
8825
18795
10831
8104
16368
1702
25408
27026
671
21102
17161
11601
7122
15764
3658
23982
25387
22939
18519
19416
13494
173
10208
19179
27521
4619
20086
4923
26948
21054
2714
24574
14061
10298
22270
22313
19877
26621
12069
9455
9683
1588
1725
23881
6216
12539
25635
1310
8693
4614
2185
26021
1543
26070
24480
87
8916
16847
17766
2688
5668
18169
11312
21786
1206
9423
17773
7368
10490
9673
16956
14602
15873
7204
8565
22856
13103
25925
4345
9247
8964
3937
10828
12981
13530
9698
6103
5505
25993
26128
2421
16884
6422
11275
16519
6399
25749
7942
3530
22336
134
26459
5086
20443
17143
2458
11420
20718
7615
22539
12791
7299
20840
12552
14137
15968
10885
26456
2681
2101
25646
11079
21622
12597
5474
9010
4687
752
25872
16983
9960
12322
26056
11916
26114
26804
8597
6901
2911
10017
12422
19739
5506
13655
10105
1006
697
387
7518
11170
2223
19639
24700
10656
7480
17896
17383
9973
22151
22132
6598
10079
4391
7253
16019
10606
5812
19943
24509
24225
26724
17661
2216
21442
22248
26288
6788
20436
19950
9844
17387
7152
24003
19019
22662
8977
12019
482
10989
20421
17613
4349
19703
15750
10422
5824
1529
3313
13232
12066
15936
4065
4916
4540
22221
19225
7877
19596
23184
394
21623
9041
2582
13102
21429
13328
16447
10009
22989
5230
8188
7399
19925
12454
17580
11935
9368
23944
22121
9621
8850
9061
6182
22046
9921
18293
20068
5107
3326
9659
2584
25440
26580
21367
4341
10073
10876
25608
2456
25731
19876
9883
2477
5892
19770
7166
9365
7812
25159
13864
11364
18398
12522
26189
18219
20950
27401
5928
1358
7341
3037
22919
17335
17306
7190
26826
26323
6058
2706
23390
2519
24023
19039
17479
12444
23615
16579
25986
21750
11412
5169
5345
16564
25071
15086
17170
9251
2875
19521
2824
26327
9824
20211
22690
4311
5199
5046
26930
11057
5070
2300
17592
8479
18191
24675
18935
3685
26295
27070
10267
10919
27530
6553
9521
18016
14787
20446
14418
9609
6338
10574
20703
4117
23518
13972
15456
21278
14433
22131
267
19188
17008
24804
17775
24248
22730
11650
23416
21541
20085
19212
17996
12821
26434
8873
12090
5418
16619
2904
19910
26915
3990
14407
19581
25810
11220
10875
7290
10119
2845
26911
9739
8812
5219
15927
6830
16373
10448
108
24034
27452
6523
9685
21378
3604
19442
12767
382
7709
1665
11117
19260
21753
9488
12204
8746
22923
12346
8745
12336
26573
10740
1930
973
11117
10783
11247
23268
22458
20942
23167
23369
16370
24301
11849
9075
22943
15483
8848
13830
20712
16297
12630
19775
24516
6573
12612
8768
25103
21698
22222
9355
7054
1474
9731
10635
26866
26919
18876
14271
9018
5742
13074
16921
5840
7200
19560
13775
10715
5206
14988
17858
2329
17319
25645
10491
21994
220
20317
2882
8256
13814
6455
9430
1554
5763
3555
22999
10888
17756
25717
8038
16591
26744
2793
24247
24162
16717
5409
2290
16832
24813
13568
12545
22444
4273
23246
12478
6100
11577
11489
15810
18932
20174
25075
1959
11326
4402
9860
6135
9840
13211
3971
11141
26446
9139
16654
15403
16701
4559
17158
383
10023
19951
5894
25395
13350
22726
17786
24106
6568
17742
10640
20108
10364
26289
9609
