24043
11603
9524
1845
27024
6325
23409
23867
14162
11529
24898
6065
19443
23608
16358
21055
9977
16645
3855
16745
5734
12642
16373
16974
4402
18267
2418
25901
11595
15651
11618
24363
6767
16008
2386
27384
3970
3971
2970
6356
71
17370
8956
2711
1617
23188
7857
2109
11838
3481
23043
12195
3799
17536
23126
14405
4382
24448
17860
18869
17822
25030
1212
7297
9823
6453
17132
19265
15395
1697
1243
23066
7600
18241
8
4815
22935
3829
9224
15525
1987
11147
14577
20773
13086
20492
9379
20861
5029
24275
7454
14126
14249
2196
21081
25952
25582
1812
15026
10674
24417
1912
24943
26100
21072
13021
14717
2041
17746
7753
8129
2355
12626
18586
5335
13891
18377
27439
21168
21772
15042
22457
15681
13099
17330
12442
8334
17322
3092
4403
7105
17915
8902
16538
18422
5957
22238
10773
11454
9762
18527
5925
3749
24934
11115
2596
12536
12392
9778
6047
19569
8456
17650
24945
6083
21850
14958
11731
6354
16944
23279
22154
22539
19046
923
10478
15331
7209
20890
16704
324
19425
800
17727
11583
21723
2172
11257
16048
19753
21766
23719
23702
2968
15974
14031
22178
2314
21851
14314
3714
1250
7223
14879
23907
19997
15041
24081
1934
27542
15828
20697
6484
342
25991
7361
16054
27384
4126
17420
452
22307
21098
11144
4193
20242
24947
1662
7206
10676
130
17338
11551
24567
19374
19663
2580
334
6885
5783
3804
314
19722
618
10996
20056
5514
13349
27465
13898
20779
21232
18244
24710
356
19622
19480
8727
18383
16778
10734
14691
23474
26302
3928
7613
21203
5227
23639
10734
519
20859
12117
25920
12304
8569
16526
19964
10411
11687
23317
14355
23027
22918
7795
14178
21713
12486
17944
10151
20211
22185
25298
16853
3807
22458
10254
24898
3217
18260
17647
21639
18140
15013
20014
5237
384
18878
7516
8730
22080
21435
4084
23485
8011
26479
27059
21920
8342
6235
1550
14669
25042
10730
17242
19062
9841
17402
5259
675
20235
15558
10550
11856
26813
3674
22712
22721
6690
1776
7333
26520
3376
4525
2770
16606
6854
17271
13240
25223
25241
6086
9607
7375
17714
20531
25786
15355
8133
11715
11170
12020
21189
4251
10090
9444
5003
8494
24371
3708
25373
22981
9333
16995
2673
863
11538
15294
7097
27431
24259
13588
5685
16160
21096
2473
26503
7614
22521
15179
26749
21975
13271
25183
544
8561
3191
546
7655
17522
13765
15875
27356
1109
19127
17807
9370
389
22381
13072
1787
7610
13316
4432
24017
1530
25953
12681
17394
132
13596
3053
25503
14271
12927
26777
2977
5401
19625
22896
11395
11050
21435
13427
4892
19507
11375
12803
4417
7914
12079
10490
15912
2518
9935
7624
23437
9559
12759
2222
18726
16418
12157
22022
22122
897
26882
22062
12093
26970
7527
9455
8053
4337
21371
27545
886
12891
2229
7152
26837
20592
2539
11699
13056
16929
6316
1805
16988
3087
21529
26256
21684
18638
4611
5161
11895
18875
23359
11134
17598
18371
22130
5676
19426
18629
11985
19011
20256
5936
15450
12306
15041
7943
11809
17278
1827
19264
19834
10491
1974
25570
12802
25998
17914
13150
25056
20113
131
5179
10123
19776
25087
14154
25315
25814
18301
13478
4230
17807
1528
1298
7206
2460
12503
12204
13191
13019
11982
18452
23651
24233
8091
7044
4304
17415
20057
2028
21892
9283
20548
21969
4173
10757
6268
10444
11546
11043
6622
9367
2278
21742
10693
8192
16551
947
22830
25198
17878
11895
5228
7884
24258
11383
7359
13353
22816
14749
7493
21857
21574
22010
23193
11366
13853
19288
14555
20311
19653
7477
21517
10129
14270
14964
4382
8744
13487
1178
1542
19664
13477
10881
13976
18817
11158
6812
24122
5296
8217
12055
4304
25150
16678
27141
27280
23674
5971
940
7498
23368
9577
24881
3983
16132
8324
11582
5197
3008
22447
22955
22619
2438
20399
5393
23621
7522
16067
13100
15604
8783
19023
2384
6001
14025
14566
11892
3914
19645
27137
543
17790
9547
11515
16597
4018
2584
24246
6754
15810
16056
18781
15064
24696
26324
18293
20626
11203
15341
926
2231
21609
21985
18873
27057
24517
14307
9648
24317
2267
11101
19526
22725
11004
23083
11766
26672
18884
6084
5997
11605
22462
12754
2082
17090
7649
12911
22405
7362
2308
20853
24003
10010
26626
6246
9413
27214
3219
2466
11881
23376
1324
251
21734
20768
12203
879
20560
10302
20663
20383
6325
1016
6656
6610
769
19686
3039
16766
11096
26940
10914
24252
2211
14877
26547
17686
24891
20884
16366
15625
777
15844
23187
13590
23926
19202
9797
11008
15209
25221
763
17208
11173
6742
26443
7491
22626
11648
22948
16691
14991
14412
18511
11081
10738
21433
1742
4375
21549
14996
1016
2789
5572
27439
5465
20951
25265
3676
9689
21643
5877
19397
3518
15106
6492
651
12450
14228
4751
1824
18134
6946
21961
10906
20504
7944
22688
7097
22910
15047
10888
18248
6375
658
23668
23353
13010
20371
8407
8859
26938
17071
20943
17022
21634
2408
184
4764
2918
25
455
12241
9205
18268
27126
19452
16697
1036
21473
19386
4144
27559
8387
3640
3157
25487
15126
20520
27246
26781
15955
9275
12201
19976
9478
14677
4353
14770
25279
19185
18487
21527
5393
7494
18712
22415
12209
5766
2613
13737
6573
17606
25097
4845
19266
12105
20276
20021
9385
5877
7399
17205
16789
27171
21699
586
7716
17470
13028
15074
13498
15225
18753
4120
12147
7663
17463
167
10424
4700
26588
17435
11873
18856
4275
24555
21589
10519
25009
24157
18796
18799
3885
24925
20179
10799
15473
20986
3856
10915
22402
27154
14842
4253
18463
1719
9336
21176
6206
5453
7379
15453
9357
17564
6590
1647
26465
4436
16361
16584
1360
18001
20949
2314
1143
20162
10222
10730
20705
2986
6290
2440
24525
24298
4402
26430
11607
11149
8441
12835
14533
15139
19878
10588
2932
7102
143
16532
3811
7125
5123
21236
3646
8161
23151
21353
315
15973
8665
24831
20497
22220
8836
18027
3263
4222
19531
17237
2622
2953
17613
12698
7616
26329
2999
13740
1263
21116
15737
7869
10166
6860
3410
22517
26333
20736
11490
14297
7732
15758
12338
19864
22630
15974
6339
8632
4207
23308
13078
19365
