6084
18603
14768
1146
20454
4352
22956
6752
2393
24979
21023
25567
7711
12858
20874
22544
12170
2230
15900
18150
19051
10149
2516
4926
1268
8420
20060
459
24854
11178
8292
18925
17940
4083
20334
26047
8740
26574
8596
13197
10356
14758
2593
1553
13997
20071
15761
24833
20678
26489
23594
26596
27522
10493
5514
8532
2285
2237
533
18061
11802
23018
1977
20713
21196
25543
25009
27244
1948
439
16877
21138
18778
20769
25223
18508
10128
26861
8001
19988
4866
2022
4651
19389
6357
18106
3990
5895
8814
11455
11607
6167
23948
6263
14969
13070
10472
15546
17133
16691
18811
23926
5942
24061
19495
14038
22517
17500
23147
24879
18560
14504
17711
13413
27397
10146
8562
11997
20808
20417
20071
15808
12345
26847
3623
7296
6471
26516
8409
12902
7454
22350
20593
23589
1691
6911
4118
20665
5895
22977
21333
22916
10878
1019
14976
11413
12445
3149
23006
11170
5016
11538
24969
16574
3924
13014
5401
12317
26347
17672
10156
21226
13645
12954
27069
23036
15860
14998
8205
6341
672
6761
21066
23261
7432
26544
19003
22094
17448
7516
11659
3543
23179
17479
300
9520
1226
23654
12512
23891
22664
20341
15152
23730
6726
275
9593
22897
9441
10885
20221
18758
8519
24799
8354
1544
20364
22143
7562
26262
4132
5119
4028
11780
25414
16587
2689
25105
17639
23474
25599
9783
19033
6998
12134
22662
4592
15601
11185
2649
21187
7199
2061
14305
14024
12984
25183
25769
6327
14559
21113
25583
15754
4342
19238
18351
16132
25318
19982
10909
17570
24206
20434
22469
12360
18790
21117
8882
15896
23129
2424
8935
22280
16312
4723
4207
25899
342
7090
16129
11858
784
25703
15279
26679
13566
4922
2314
12656
26910
3751
18437
21653
12340
9152
18768
17883
22536
1007
18605
6319
19227
11413
19551
612
17880
23955
1536
19089
25883
15813
24147
3732
23535
5054
6855
21334
24197
18505
13869
6441
2165
7675
26156
5346
2921
26097
4743
10718
9129
1518
27419
19019
9058
8247
25466
1509
26291
8580
549
19466
11394
16520
21744
2720
25785
21474
2633
10543
17194
313
250
4622
13625
6665
13147
23510
14513
13683
4186
20699
4049
4480
6140
5629
20556
10896
12454
21351
24063
15149
13419
22055
16078
4030
23366
13703
9244
12908
4242
10641
3824
12674
13527
25350
5387
25927
10472
22212
786
20434
22353
7863
26739
8935
12407
11275
6079
21574
21726
885
19236
12024
20298
18373
8930
10842
3548
5475
731
16304
19972
11026
7223
10734
11534
11682
9730
17908
5741
965
752
342
22956
9658
25120
14392
26912
12587
4846
10130
27423
9859
26035
7637
6312
2580
9747
3822
26352
19628
11570
27495
16060
12011
11978
11479
8916
15196
3005
18108
25588
3604
17071
6210
24992
5078
20283
5744
15601
11987
323
13491
11245
24978
9353
19672
1941
10597
2276
8490
23034
4961
21033
1764
20757
23183
19042
11120
16683
20227
20090
25414
7613
22643
9663
1222
4449
9164
8158
9235
27028
13505
8525
12036
10158
16683
16187
10888
22915
24915
24803
473
1839
27427
703
26115
9783
12264
16890
17145
24870
16761
24878
17905
16249
10793
23632
12604
11977
20366
5990
2787
18583
5042
11010
14033
17036
11079
4920
17305
26308
16633
17349
14598
4793
934
4318
19276
16959
21324
16068
12077
13805
8555
22514
1303
17295
16018
13984
16208
14285
2582
16617
24306
13150
24704
15789
18305
14352
1086
27564
5953
16634
16253
11342
16279
10801
23360
9781
22788
19646
3874
6154
13173
18712
24747
10077
2415
17876
25445
639
20783
25100
17928
13881
13723
15273
2031
4939
4109
1715
18752
26706
10244
9467
24249
747
5232
24596
10503
22780
17695
20937
15411
26689
10225
18368
5622
908
6555
20995
9220
12085
8002
25551
9898
16042
184
24601
19706
10730
7482
23399
8992
11397
21488
23515
17849
14183
13540
404
1847
462
11628
11806
11128
4187
19374
13748
7003
2534
14780
25596
27196
2957
11698
15705
27283
1695
27318
18597
13172
19490
15283
16547
18235
27174
22683
15174
17446
13430
24786
21012
10434
13526
19386
18640
1855
23423
19240
24298
9432
1953
9930
10190
11819
21227
27332
27171
9811
6051
942
9271
8149
26702
11280
21430
9552
14605
4119
24397
27008
17647
15705
6590
12575
26057
2477
11819
14340
22272
27160
6329
5961
6290
9367
2313
11882
9641
9806
21471
4294
16427
13870
22742
22919
2407
7356
2903
12931
1152
14601
15686
20041
20039
19063
15850
5678
22239
26006
25174
25748
2982
22979
27501
16467
11679
12326
13907
11885
16089
23403
1728
7617
12786
4112
2672
11973
25462
3744
7711
11400
18983
21998
19969
24254
2048
8208
17911
15778
25987
16016
4026
3624
5244
10334
17354
25359
9043
1389
1943
27449
21868
11572
7679
428
26626
17595
8187
10968
7940
25729
13127
13874
22038
2757
13297
3627
9450
5816
8818
23983
10713
2659
10937
14891
1878
11483
17922
23572
6630
18855
17041
19628
20480
19100
18419
22353
6087
4154
2211
10845
17048
4402
7519
6016
3244
78
11023
13475
13256
2998
15776
12643
12170
4466
9366
27230
25525
4660
3603
24174
11794
9068
15575
17271
16245
5208
4342
5869
14435
19657
26182
14219
8740
2634
15208
23481
2458
10188
19436
5544
12852
10369
7215
9557
26671
17096
16360
997
22122
1517
23785
5055
24242
6172
17522
25501
1858
19052
2485
25665
3359
852
687
23949
26668
19398
10857
22856
9594
21915
185
15938
11122
8457
9815
3058
5061
12017
20573
25270
132
768
10493
3990
6486
459
652
10397
11009
24712
1964
9806
6120
192
2306
22150
14082
984
15479
17647
17427
6337
21253
6176
12579
16593
1939
23348
22813
10131
25170
8584
20998
20655
21199
26555
24324
7228
21392
23654
26047
6266
18999
22467
9035
17132
14426
12711
20412
11963
27278
6838
26329
8712
2019
4217
10436
516
21297
762
25565
12962
20252
12273
15027
15039
19094
12822
2897
15826
15729
23073
18034
23498
2114
22611
16056
9550
4363
4706
11202
3828
14024
9687
827
21484
9557
22679
21427
7216
16892
12161
12366
18186
23520
1716
20604
21869
15895
9837
7200
25952
16319
7920
14972
22092
12372
20200
26885
8606
19946
8540
3576
8373
26807
22219
5834
