10789
27289
25564
12992
26728
8960
7477
22189
6282
10644
2025
4469
897
12029
12573
1183
3097
10097
26652
16309
20916
3121
1625
26432
15193
11278
2342
23294
7321
26169
859
23743
22887
8748
5751
23344
11596
6214
15682
10352
27562
6646
18377
13838
25970
5346
19018
12022
14427
8492
5499
5762
20147
2513
8713
11729
9173
18542
16995
20313
24840
26779
14740
15355
2019
14735
25695
12635
7690
2267
20473
8993
18237
9240
3798
8083
383
12476
10605
16392
14153
10892
938
2823
10362
9330
21662
11741
7757
22593
18864
1339
23764
19852
20706
14505
17687
21668
25338
24859
22714
26979
18815
26533
19496
21970
17134
9283
13095
4196
12159
4519
10091
10414
16619
107
15234
9491
18730
7135
7282
15288
23125
21116
14223
21774
23118
27476
14446
17230
24204
893
18348
1472
2276
4042
21600
26098
13255
6813
27347
112
12771
18219
10586
5808
17263
17903
16683
1655
21679
15630
3565
27424
4648
23265
20970
7855
6313
615
1182
21993
6233
7287
15040
1561
5003
22965
13089
26336
506
26670
15088
1142
16120
23430
4174
12485
9377
6885
17369
12819
22297
2438
8489
358
9490
1887
18998
10258
509
23674
10911
15852
842
3456
18149
17832
8639
9608
4434
9106
11205
20089
1496
530
15078
24537
19045
3954
21705
2162
17856
2412
14198
7486
4684
26136
636
5457
10043
5821
21596
6719
22617
8578
15889
24520
22127
15679
21906
19721
26475
27179
11588
6977
11893
24423
6719
5866
9612
2232
23480
16955
22896
16469
11932
13088
16073
13009
1968
18895
511
10128
11948
26664
13561
4779
20743
17622
5466
1157
6264
24428
15668
11349
21459
8884
1884
26569
7149
14208
2230
10149
7319
7672
8073
282
16026
21081
10268
5272
12064
11429
14359
11403
615
2809
6595
615
2539
8422
26433
14445
16339
17628
12773
23674
17363
27488
21823
27266
7054
3412
19519
8190
15529
4305
6621
8926
12658
17896
11138
9158
6642
125
9412
15638
18109
26910
8851
25865
2158
16056
6045
26689
16024
13833
27091
7911
6148
7819
2834
14302
3356
27367
17795
24040
4953
16341
332
22955
21794
1168
16998
16280
16368
8430
1738
26766
9634
22154
25693
9891
5733
21206
8559
27476
18843
8957
23917
11158
21270
19664
14244
7526
3311
25233
11202
22212
25105
8760
2846
19671
2240
15752
20255
19979
24927
3368
6908
11567
23191
8640
21482
25861
22197
23477
20576
12612
19373
20516
16550
3303
9703
8156
24216
7253
5150
15397
25093
20257
11515
7680
11861
16398
9448
18304
5292
2627
4507
17471
24396
11788
26379
12037
16876
10322
15657
10802
3675
19379
22722
21811
6266
17608
672
13103
4196
12314
16697
6337
3696
988
22819
7354
3966
13326
15831
2243
26899
16602
25858
6626
17925
11012
8164
11016
12074
13568
13018
2412
17130
8848
4042
5026
21168
14369
17736
15580
12474
17739
16978
3410
11671
26909
7950
18933
21729
6888
10861
12622
870
12365
10917
20543
19417
15369
3313
19538
12164
9605
12635
12190
11136
21290
26688
1122
12935
2036
22594
25272
10757
15708
24928
1433
2602
12421
27345
24455
6001
6711
17185
4401
15378
17842
27374
13897
15424
293
23321
9797
17463
21173
4076
26629
12576
2617
11331
13012
13138
19756
21843
11135
21669
5982
1557
8523
9401
20129
14113
921
7138
2912
16433
11392
2316
22498
21154
4289
24534
16974
27532
5400
20424
4488
9129
4204
15634
8959
13714
7617
27355
4126
6396
8804
9519
10304
16245
17778
25465
25955
24447
6881
24614
8248
22411
17477
23090
7191
24097
6524
11390
4693
8497
4162
6035
20682
4847
13061
17957
20093
21097
15254
27192
25336
8981
19724
10243
21572
4667
12509
19280
13011
19598
16908
18125
25
17841
25068
13756
3876
3308
11755
9286
21617
22975
3634
5282
942
4389
18564
5143
6788
26423
25374
17721
26724
13611
11279
5063
6380
23462
9385
4292
1397
17391
26932
11860
1031
17626
23375
13084
8552
20153
404
23398
12334
20279
21964
3329
17264
14214
1226
27429
11371
20653
3424
24590
24306
14088
1480
15764
10170
25047
20500
16055
9505
16190
17765
2882
24411
26077
6139
27184
3797
19425
24239
17071
12122
3608
12317
6227
8924
5980
26202
4846
18566
25635
17930
646
25598
1427
11581
503
4654
26830
20322
10807
21192
4137
19926
18000
16373
11667
14461
12456
11926
11911
17033
13780
6610
16390
24155
18998
22774
11734
7627
20186
13519
2199
16929
4280
23294
18859
13392
24921
24439
24162
12678
6615
27557
15979
9992
1140
11364
21290
1914
23925
9895
8502
13747
9361
25134
6460
3561
16596
2475
17670
11399
11155
9634
8618
2089
1113
22114
267
21830
17196
8243
21470
11743
7987
22898
13975
18464
1656
11919
19175
17333
18826
9577
19198
13361
8431
24052
10915
27151
2439
17989
25423
11879
8562
14309
24442
25722
17185
7774
23595
6050
3524
14637
3066
15628
1407
11242
12579
12962
1522
4520
26053
10684
5268
16132
7136
12521
6854
13982
4326
211
22494
19677
19959
4336
17322
10718
2748
21594
16798
16733
19705
16695
963
9544
19502
14484
20056
15800
21442
26255
17693
10895
12912
12251
24062
9011
19453
6468
21859
24957
4307
25906
7365
17147
8962
10702
9977
25501
15919
24889
4707
15067
12025
18773
5935
5280
3208
21802
5299
25000
10818
2513
12252
18382
9774
13280
24667
672
7065
19002
9551
23231
16196
25728
24484
19794
5809
18034
21396
17246
2349
5686
13307
5767
2375
7136
12055
17205
10280
26728
5899
11621
19484
13339
20274
8887
1288
18322
11306
1984
10545
6394
25123
967
11925
7297
7981
2586
8718
11503
12431
2164
20781
23530
11510
9028
1436
22078
4432
11953
1516
26050
25386
858
9184
16365
16821
6847
24338
302
15881
25897
24580
11436
7811
12141
19238
2847
15037
22106
18376
690
23676
12101
7960
5499
20716
25141
15535
22272
12903
15465
21586
459
19982
9621
13492
16689
14461
6508
1704
21132
13926
6140
26406
917
10575
642
4545
12671
25970
10963
20858
17582
11201
19882
4402
8656
11428
11231
9986
15134
21261
844
22465
3111
23839
26281
2627
10779
16827
10953
10030
24932
4402
5345
21313
23147
17872
7791
20323
13262
2860
14122
18166
25063
17855
7386
1379
19407
