14640
7948
11334
6036
15974
26883
3953
19678
22633
14925
6135
13376
8987
15684
16946
13963
11848
16811
6538
14430
10133
27194
21469
24524
15238
2195
2140
13870
4385
12947
26452
7056
14101
10412
8042
16038
4096
16534
14638
16257
23661
10151
16091
1733
6275
2025
24769
10368
1597
4507
7007
19547
12118
2611
17085
24864
12960
3656
2466
8606
4032
11832
13201
2845
7279
6338
25814
26596
3635
1774
18303
22374
4888
21513
12923
12681
17415
8706
21462
14468
9644
16832
23788
2270
23383
21669
8632
883
11595
19343
8720
17388
23627
16900
15605
9445
2313
4918
17089
14687
177
908
13098
16852
11375
8998
24366
26693
24140
2305
18581
5864
8469
27239
47
6319
27033
7621
27463
8852
974
13103
4917
25550
2785
1836
8837
17803
15128
885
5734
23008
23208
15240
8812
13992
12185
17304
11744
16449
3715
17101
3800
12135
274
9307
18214
4865
1214
6288
3004
24335
10920
24412
1740
22839
19299
16566
26375
10565
6154
18700
17553
4832
489
3566
5043
19711
13963
14155
6325
16738
12756
24693
945
8086
26685
15754
12678
23144
22961
24319
19879
7058
25070
20115
24742
3889
27529
18671
18802
23542
18273
18623
18648
8446
22481
22209
23393
20829
1885
24684
8593
12858
5399
19220
11136
12405
11559
10880
11661
20480
17701
23946
18211
27260
6188
3548
16970
3425
5816
576
5692
587
2403
16304
15538
23990
25126
14435
26961
10631
3823
15194
5645
4199
11853
2257
3551
10911
4007
14388
11403
5389
7844
7611
24543
11702
14653
4903
11815
10870
6218
5871
13597
16990
11324
26782
27350
26969
20009
24012
25353
2129
7481
7095
8962
17919
12690
4104
12121
25621
4890
20140
11662
9594
5025
21957
17527
25839
25588
17908
12232
6364
25271
20336
23629
18399
19890
1286
17279
16042
1736
24639
25671
18524
18670
15447
1566
6290
20206
13988
699
20411
11728
16696
23495
5393
18087
10333
15863
17738
15847
18672
1188
1639
24557
10798
11143
14790
8603
4492
11848
15783
301
22924
19359
14854
21783
22131
9292
13357
3711
10541
170
25943
7720
23086
7218
2839
15529
11663
9305
6591
5822
24012
5695
18806
9325
5061
17822
3162
20639
13883
19015
8055
22606
26087
3258
8074
2931
150
10963
18451
11088
11644
4887
13670
12675
11216
271
704
6017
2183
10226
13721
15217
8683
5902
26997
16725
3391
24316
5501
18120
5705
21459
6959
16527
2215
11030
18893
12202
961
10646
7926
15991
4294
18373
9077
9811
15508
3090
12065
13861
26546
13199
15727
12925
6432
1391
26054
19639
11513
19029
21335
23531
8641
24255
22382
14758
3534
18425
2882
20052
8143
6252
2351
22469
26756
22170
13373
18186
4723
9947
2497
26079
6912
16707
2327
19615
3967
3889
26743
3601
3601
6045
24537
3531
6269
9811
8246
19732
7674
25245
9985
9239
8753
24136
22775
18145
2119
730
16955
17551
2811
21867
27487
4680
11488
11814
20487
7125
7266
1649
8601
8459
3582
24443
5069
12821
758
4461
10726
6616
23627
5129
25858
2793
25994
15252
6002
14469
23694
3639
7510
2123
4554
6752
18377
751
20203
10940
18271
25781
26272
16081
19509
26143
14790
7536
18057
10626
395
22858
2289
21597
720
24167
18218
1
16072
14738
15972
250
11421
22983
24122
12272
18200
12468
11628
14289
6660
9012
11930
13
23190
21763
26447
21907
9831
12476
25312
6053
5941
2375
98
1599
3627
24155
15845
3824
1292
14215
19987
16549
2314
5554
7293
4023
12328
27040
4174
15637
3971
22983
18058
19981
10160
24496
10445
19695
1809
21014
2925
5209
18929
1963
15713
3370
9618
23250
8716
7912
6542
20566
23968
13411
22527
24483
4020
16167
6864
2265
14752
16325
23394
17359
8202
6334
7149
21348
27241
11955
15666
1560
17327
4445
20629
10400
12092
22611
24516
6761
24757
22613
4668
13668
25413
237
4238
19966
9514
12798
7637
26213
23917
24398
16113
17586
4113
6421
8733
26900
13848
17948
3037
7306
2525
23086
17563
12614
22047
1870
7793
16373
7302
8278
10891
1547
8088
16042
2541
9619
22856
15835
953
22683
11432
3815
17375
11861
2863
7534
8688
1528
25003
17422
16971
12889
1943
5206
16719
8312
6807
2772
7937
1482
5944
10478
23211
16948
15800
9646
23294
14741
381
18660
11517
27487
8978
24081
13051
5010
9749
3911
2465
25347
2243
26728
6251
18222
5355
26125
3127
6297
18508
19734
14139
19120
20339
6217
22983
18212
19024
18780
12406
21841
13089
5363
8281
16685
12101
417
20954
10586
14489
19918
15604
22838
14286
21659
20947
14902
23435
21794
12857
14463
19739
25970
7932
18332
7929
1536
4938
5693
13049
18470
22016
20221
25247
7150
21166
7770
14831
14902
8779
12931
16612
10623
3027
23103
7948
7138
2249
22794
13912
3921
1244
25378
14623
16916
16329
26297
1427
21927
9200
6789
22651
19521
25559
25485
5961
4576
7163
4128
9279
9035
16495
11481
491
13769
21103
25349
22909
10699
11079
6703
8510
7366
16395
26645
20328
19927
25380
22500
21505
600
4235
3229
18579
15516
20390
7867
18515
25070
22431
6175
14109
26683
23606
26067
22744
18896
8350
8865
21377
10836
52
9905
345
11934
1023
24690
2586
18589
10770
12640
10157
20303
6426
14388
3627
1383
1461
26629
19952
12268
14757
14748
25143
13006
20761
1808
18362
2427
9613
16819
7567
19756
13096
5718
24560
18329
7774
24428
14553
16782
23867
4543
9104
27486
5324
9360
4617
1497
22091
27184
18435
12629
10420
4317
8496
19372
26880
10672
19364
25394
24968
2504
23544
5497
22873
14768
26255
8239
19151
10933
19985
16514
27059
21928
17911
7123
14610
20368
22272
19854
360
25614
19891
2895
13755
8672
11122
17217
9043
15062
9331
2837
10109
25218
9670
27293
26843
20629
22554
1911
22273
17160
12373
11779
21231
7070
12427
1567
19790
9557
25004
25935
13588
2310
2176
22253
9621
18769
21705
24313
751
16927
26685
775
27259
7317
22864
7184
23865
12683
21586
11403
21567
17119
5516
4008
10433
13680
6521
14549
8139
5423
10080
14441
16740
13442
10681
22956
12224
21653
25586
6415
18564
19260
3289
3186
21422
23000
6720
23323
11601
3558
12965
1211
7157
19711
15962
21268
20593
2594
23320
