2223
18583
19847
17822
12150
19253
7583
13646
9604
21513
23651
25953
9081
26176
7609
20224
25913
19487
24842
21963
2003
10592
717
349
10099
43
14610
24620
11138
14285
19577
1533
4428
212
21158
22378
4790
5653
13771
25878
25851
5961
2117
6308
9659
1669
11665
21091
6119
23862
3739
20312
15601
7991
4727
22541
3015
11981
1998
22578
11524
382
10117
26445
13420
11247
17850
24520
4054
12148
2267
12155
2986
16815
19203
4130
1270
10705
1130
12725
6897
27192
24460
21666
13480
16604
13279
13695
17305
4473
21834
6654
8161
18725
18856
10718
27250
16366
17018
25589
24339
17796
3346
19376
16103
1577
5806
2193
9453
4842
12875
16298
21985
8987
16689
704
8998
11454
2794
17094
6709
14589
22982
4608
8794
17921
25141
18604
7569
18700
5382
3733
6830
4918
15958
24983
18922
11195
17308
23205
8544
19883
12833
22825
20889
21042
10050
14692
353
21847
18838
2356
25685
3730
14929
23947
767
1033
12040
8510
4494
23947
13085
11754
11440
16381
27343
1483
6170
14067
23670
4714
25361
16578
10431
10433
24419
12459
21163
10562
10901
5178
21554
314
449
4584
6383
7381
25119
25740
9153
9990
15798
23075
6539
20447
7924
16956
16258
14758
8589
21211
10707
11804
7753
5425
8526
6300
15086
11405
24532
1529
17314
14988
20966
16024
17305
6112
16427
10381
21365
23320
11315
12199
22204
14597
9396
2988
23147
13547
225
23119
25373
4868
13201
25172
1904
11007
26043
25075
20999
11289
12739
24652
19276
11141
25706
1517
27500
4369
16603
5244
5254
3840
24771
26606
17154
9601
22967
8489
2306
6071
12577
18992
18187
9394
25151
6839
22717
14248
20170
24173
10174
430
17076
26576
15001
16189
16717
12267
3474
26068
16242
24731
8832
10265
3171
17794
17686
5481
2158
23638
10955
8660
27267
12767
6450
14219
20085
3783
698
10550
4872
4895
10850
6273
22543
15611
11191
27120
473
26690
26261
18710
983
7570
1149
66
23534
7847
16390
25842
13304
8552
14313
6977
13637
17683
6354
4336
3316
12113
18792
23111
13168
17177
7010
16254
16635
833
11628
6047
23780
15973
24726
11695
20187
16036
25955
9031
26323
43
25690
14700
14015
22776
4999
4955
23238
19054
24441
2580
12418
17286
6040
14839
1932
9722
2526
13279
17313
16728
5165
24393
24806
8426
13335
18364
7381
9201
25570
2481
25225
14080
11793
834
8896
26668
19050
5307
24026
20949
14389
20063
2180
8520
6237
320
24318
3697
2310
6951
21177
18099
9665
20324
27450
22658
1346
13312
13552
8715
15776
5809
20752
23374
25040
19268
21868
3120
16876
5570
547
9564
20996
8939
8982
1712
3857
23309
20101
678
5906
10699
24488
9993
2663
23239
1051
4801
23926
18158
26040
20137
25954
9690
22009
11705
9370
25774
2008
47
10870
27350
21415
15909
15646
12894
18500
11959
13857
18390
155
13813
8145
3856
3142
3897
8441
17706
26349
14018
16534
5732
21863
14813
8070
27187
8724
27467
14174
716
6983
1490
7039
23310
6760
10141
17175
17963
17239
3000
5387
6139
22692
26193
16915
9242
3154
2739
7135
19546
5279
9790
18454
9816
21498
11770
21119
18866
10586
5324
6160
4816
15542
21519
10936
16953
20732
2060
24216
14935
20173
1458
26206
17938
20554
2468
14304
23258
23028
2002
24485
10526
24675
18009
8243
11475
703
21429
5116
718
261
8053
12665
23464
12026
21709
16897
24610
27024
16400
23937
9287
12463
23622
891
15872
26225
21958
8129
27493
24543
12195
8405
16414
1602
16772
14864
17586
9850
20491
24555
19958
13864
21607
20142
15818
8168
9757
4460
11873
9804
25065
6434
18088
24590
6334
14505
1921
20546
2892
12384
8053
4439
11330
23694
7097
26249
11057
16688
18718
10785
17147
11702
18422
8741
11539
8278
14698
4486
11668
20578
12630
22122
13713
15666
1406
6758
2685
2435
365
11811
6324
11285
12700
27332
14306
19208
20794
24911
21562
5888
16812
13339
18031
24006
2919
10662
17764
24581
5621
17734
1260
20090
27266
367
26629
13419
3080
6306
5842
25753
21817
2516
8363
23249
6408
12711
20378
6747
14666
22182
120
20701
24679
2926
7423
857
4888
995
85
10798
14207
26852
5357
5030
10762
26977
13227
12996
11402
20096
6488
4817
1157
9619
6239
888
13877
14775
8426
8306
9177
7262
3328
24276
25007
25621
17672
2889
2458
14148
25097
18673
7559
16933
20590
17899
22547
3507
14220
25101
6911
18587
1511
25928
9788
11646
6873
4261
11507
8650
23441
3154
11578
4057
8022
500
25930
13289
10770
2880
1196
1991
15741
9838
3159
22263
20949
1986
15308
15076
20522
8804
4872
20084
5554
22983
1369
16226
17499
26708
8913
3268
20782
9312
9963
11403
9957
26904
10464
20511
16144
19236
12327
22625
24449
26470
22103
14537
18418
13821
3652
2930
19585
14614
27015
11194
11589
10026
19756
8617
2524
5651
8454
19880
6020
5027
26850
11403
8411
7304
10886
8171
24635
1478
16051
18662
3625
12905
5019
17835
15270
16912
13567
7163
3703
4287
2742
11425
10722
9353
2536
22809
2305
20395
6064
13230
618
15152
19929
11595
13906
20869
24200
8287
9489
18743
12881
6370
16161
12447
17967
17491
1559
24375
12706
3108
23762
22719
25201
9432
13904
2164
664
7157
25530
26162
25572
1278
27028
25297
21371
21712
23926
20603
12045
24736
18040
10746
24522
26159
4244
6050
6999
17734
23871
4336
14409
19729
17826
16207
10414
10823
15217
619
24221
4197
5928
7344
7288
1927
21208
302
14099
13932
13661
20027
9613
19613
24855
26912
7888
15485
3446
6083
3767
3199
26501
9400
2385
5192
20073
4454
6828
12042
831
23121
22207
10847
17526
26437
10835
3935
6112
14852
10445
1287
8391
25838
9730
21756
8738
25496
10602
26881
2835
4295
9481
21692
23060
7147
7352
20327
11414
23799
12473
8146
18812
20310
6958
6487
26313
12676
3728
18328
19061
9086
7738
5080
23805
7661
25441
26276
14529
6559
16863
4205
6381
12191
4024
3010
274
11376
22719
20116
21142
23243
6490
641
12584
3127
11754
19788
8625
4583
16043
12770
6134
14901
6850
27416
14215
18955
20423
17961
24567
24310
10920
27134
15122
7332
7958
266
23343
7606
4148
3810
17447
