11914
21448
26064
2464
24337
15657
22511
26103
9349
7548
24581
24595
23552
26128
10153
5834
24375
7574
10784
5104
22283
6773
17669
7540
8730
25962
1580
18921
15539
11420
6413
17590
17506
7946
11612
9117
16460
11570
334
17244
1217
4428
3484
6047
12115
27317
15098
2439
20790
5950
7313
22426
24925
15837
6554
20959
19917
1518
13582
11823
2433
22644
16976
6374
18375
14672
867
5960
22188
4395
26654
24045
4221
12438
23034
3071
4420
19892
26986
15353
21786
5776
11245
17183
2759
24547
12016
7532
9538
9194
24712
8938
19230
4570
18041
15951
1319
307
13622
11755
9896
25697
20200
16948
21440
8155
25562
24084
22419
24442
8551
17408
7691
16827
15569
27532
26293
9527
4503
13318
22468
26227
19438
2323
22280
449
8515
17159
21266
5093
5352
11150
6710
20988
17819
21520
15763
6118
11561
6031
19987
382
5057
20071
11645
561
17709
3887
3839
26979
22781
15487
18940
981
6905
5883
3965
5561
5527
24381
78
25440
21223
10645
2035
13498
12877
9377
20555
9181
510
4851
6266
17826
1572
25285
15273
6553
15370
10916
688
2657
23502
12416
26865
26352
18180
11514
22710
16214
19477
13920
11580
5016
25963
4242
6558
19992
9497
2902
14934
12252
11502
24160
23148
9558
6116
24251
2473
3516
10609
5980
3336
11848
9646
20565
15221
10636
22146
323
26047
24909
8292
18077
350
24033
14570
10101
15570
8739
2747
16678
107
24726
15489
17734
11125
2306
1058
24702
5543
14104
445
417
18077
6180
18382
25883
27563
11163
23848
15498
11053
559
10492
19501
4548
26533
22688
12216
10073
25729
24599
3078
13729
10357
26061
9860
5798
20360
15488
21481
18213
2192
21534
14123
25270
11403
9232
16281
20306
10666
7520
18514
17837
9740
830
13942
19475
9625
18976
15380
6570
11160
11917
19792
10464
7796
12609
14666
18235
21333
9239
12405
26075
21532
14968
1801
16740
20787
23964
10673
4441
23864
2979
17331
18606
16501
4640
2789
9424
25877
23717
6083
9307
10614
19615
4428
25062
14812
8133
3724
10180
6857
17601
20251
2498
12984
12328
24268
17176
22431
496
6245
21883
23137
26731
22845
18094
6213
11661
10103
27364
19244
19741
22814
10357
4072
22494
10302
3031
4058
15559
4985
2030
12006
24557
2683
8510
24656
10165
20684
25150
18557
16604
24453
18414
18653
3204
274
5255
11618
1487
2683
16778
27341
14674
8055
870
27346
9368
20115
2378
17777
26368
19866
12849
2569
5043
7647
1190
20767
19320
8693
18601
11684
11492
2524
11669
7244
12718
20149
26781
8596
8371
3306
2205
23555
4564
18444
21132
21663
23886
24437
4441
1535
14446
13468
24668
22699
25391
20169
343
21271
19756
3497
8573
25451
20044
1994
6790
15486
14433
439
4723
23797
2448
24353
16731
27500
6516
11419
2727
19838
1246
11006
24735
20893
15912
15900
477
23131
11274
25728
24779
10699
19691
10954
2306
25818
6087
19862
14408
19213
7796
6413
27398
457
7830
19521
17922
9169
24549
21645
22457
26063
22015
16781
9340
19328
12982
4966
15314
11766
20579
14617
17795
15729
12538
22989
18135
25091
6278
10414
19852
9902
1154
25045
6346
17271
20026
24989
9265
23782
10766
20945
5454
8629
24699
6136
18301
6594
19859
4187
8490
12657
9865
21537
8303
24417
24474
8320
18925
8101
16199
21904
7070
9334
3307
10919
3267
11241
26322
18077
3551
9919
2238
19333
4436
2895
1370
11051
23089
14997
11920
7156
1659
25998
18155
10867
10940
5866
14930
5033
17786
312
5958
8345
1233
114
2090
5296
17071
20895
4714
27457
11522
9433
25567
13204
15247
8891
25926
24973
14499
7477
10484
17331
353
17198
19940
9116
10709
1985
23605
25079
18564
21554
25505
16070
18747
22672
8387
6568
12012
9588
21549
1350
23132
19420
21706
21473
12652
11323
25690
17704
6708
25095
3220
5207
22530
24255
21902
9413
1132
8585
9102
6966
26990
11234
18871
26685
2771
15344
10122
25834
7756
12334
13046
27193
24305
9914
23633
22097
9655
27194
9317
22669
14123
19914
3948
14790
25365
24599
25334
20041
11209
19866
4863
7761
14844
2381
15754
9953
688
5457
21506
5448
4435
25804
19302
16897
20312
5679
20190
9841
12499
5793
21355
26132
5828
11462
16910
1575
21469
18204
906
15180
10088
10659
23471
20939
9462
20431
18022
19118
26397
23909
5587
10599
19374
15913
12337
15688
351
4503
11497
13108
1369
22126
8352
2220
17267
1477
13547
20102
2584
13332
17469
27419
3976
5535
8393
2976
3636
20473
5254
21856
4562
26229
22864
12781
4709
23775
11382
1672
17701
5518
27493
7826
16862
5500
8579
18546
2819
15991
19143
13309
20353
17843
19664
24898
24960
12807
9256
5780
21969
13646
15947
209
2513
19473
4723
5902
4595
2479
20730
13552
26928
5775
27180
11115
10131
24471
12479
4437
16368
12837
4762
15617
24135
9508
17686
6969
25262
19436
13357
15843
25580
22188
518
16061
25633
14789
16506
16281
719
1818
6193
26650
10467
12242
21250
1394
16308
2743
2673
2593
12797
21648
18454
26642
17930
4060
12996
19711
7535
10688
19035
6545
17607
4395
11379
5939
25794
22050
15536
23630
23563
13939
18875
16326
10394
14358
8947
297
23447
26549
19056
19295
25817
20950
19818
8084
10037
5620
15848
18033
23004
16193
7440
15392
1416
17256
22230
10397
26651
13568
14537
26535
1149
24280
11288
630
13911
7861
26860
10251
6272
1068
23727
25541
25238
17251
19670
11117
23901
20771
15470
18237
2525
21525
23883
10426
13784
3120
23697
23775
10339
4504
9557
21941
14878
4098
12692
6479
11895
4621
26351
113
15604
6910
18621
12389
23853
4263
19791
339
2337
872
23213
2019
21652
21364
15759
6324
1051
14487
1195
14612
15916
7972
9956
13193
12099
19252
7835
10046
21330
3613
4353
13050
4369
9609
26541
14473
21905
17701
25753
3800
1290
5560
9694
13517
25552
22732
5395
20807
14436
8785
10358
12016
4783
14692
2472
5802
2394
19144
7414
18824
10030
2198
18648
2451
17428
21887
12585
9873
21907
20080
22090
19444
1491
16353
24109
25903
20807
20904
27065
19264
725
23021
24383
12422
1382
10762
21444
11973
27499
17082
23934
4961
4763
17323
6280
997
440
6016
9233
17689
