9462
1935
17349
6565
21577
18701
18256
2031
5300
15001
8982
26513
25354
9023
15912
22289
2221
17071
1260
21878
10176
5595
15946
6375
23260
17895
4112
25461
2962
24261
640
2302
7869
26234
6484
5556
15953
6537
10389
13954
13536
22852
14428
15836
17224
17963
21495
26755
4503
10811
6239
25653
19278
9113
25930
11164
24548
21934
16193
1878
6381
11512
21005
13379
8462
12098
15491
27374
25038
8361
19152
9123
16474
21094
24672
22037
9604
8830
5891
407
1810
6551
23719
11257
25336
2649
11679
2422
20449
18707
25061
11699
17327
3604
1229
21859
19304
22720
369
21181
6774
22412
11307
19192
26905
9838
2442
8247
23110
25537
22960
24442
750
11785
19629
1151
1636
2163
17028
10720
26120
6289
899
8189
24656
13452
18945
22757
358
13459
4973
17254
24126
9300
16864
238
18873
11910
25389
8242
21313
24814
24282
27032
15186
2287
16781
25418
12783
10823
12268
1213
7276
68
20324
20051
18671
1837
11321
9452
25496
8597
7806
26336
11032
20479
16628
17986
2178
5394
22525
18531
23636
21039
1812
8094
14480
20156
22070
6033
6019
16437
22544
24245
15625
25590
23344
27204
2439
7873
1844
7932
264
14974
8173
3694
5062
17104
16456
16475
22959
12568
26816
19728
21959
24925
11326
13091
15962
11388
20656
8219
9654
5597
5289
10802
14419
21586
18547
18340
1921
18413
14534
2153
26054
2703
11156
15841
19916
13232
1447
18296
18135
11422
5431
17926
781
9457
5219
26428
3813
17244
17414
2110
2663
1260
12666
301
14900
24693
3024
23636
27406
15885
6352
23285
22324
14687
3228
19474
11500
3033
8678
22808
16379
24646
10650
11384
10637
8290
23861
83
16909
9754
15469
8916
18301
25939
27510
9198
25759
941
2920
4484
16714
21044
10137
10295
167
18733
14241
12755
9916
6948
11293
1850
10437
6639
9108
26080
16872
10111
4124
10943
21855
1677
10902
8356
12838
10495
8800
15390
3061
11808
5362
24492
24189
20413
752
20118
18765
22037
11364
14517
2644
1752
8779
18748
23785
21029
20495
27529
22396
6334
2491
8493
10364
26720
21836
2752
17455
9422
24245
20220
20147
13700
10753
22685
1433
11631
5868
1619
16970
4660
21134
18321
15500
4178
11596
10896
16279
21170
13712
20672
5966
24410
2473
13886
10770
7597
7533
16839
11422
13801
9141
8013
644
11684
2530
18494
25310
10872
25734
11400
25096
12836
16560
4750
23272
5291
13138
23976
1583
20302
5470
13578
6612
27309
19863
7306
8938
1578
8596
19357
14086
26658
9670
19721
6408
2297
23401
12117
10435
13238
12040
8107
26142
1207
26826
27535
20235
17472
14009
10582
23536
8385
3217
26531
25333
25065
7317
20147
19766
12284
193
27401
24688
14845
2042
4437
2318
4974
17194
10261
3156
2391
22356
16237
11136
9121
26281
702
12752
10990
3264
12997
27081
18190
1524
9930
4535
20311
15112
10360
12489
16151
18318
6478
10458
135
1950
12695
26244
11173
9403
11535
9559
7795
21777
25141
26088
12565
14476
7723
14711
22740
12892
19483
1106
2004
10495
10847
27469
18781
16901
1487
15369
23940
23859
4402
2270
4299
21649
5633
14615
17187
26644
2464
2253
22217
7336
17421
5386
26596
25786
14008
9050
1996
6547
2071
10892
145
20182
25870
3634
20695
22244
12155
11268
17232
23742
22154
9757
2926
11376
5488
13761
25924
11393
320
4912
25831
8007
11107
4507
18465
21989
27232
4100
18115
11324
16938
5521
1954
16389
22493
11283
6226
1772
22893
6418
21792
3566
7828
10626
5467
13019
7112
7622
1450
219
24419
6344
20452
1795
16859
15810
20774
23795
25705
15363
15724
1014
23245
18059
25879
22841
9621
15692
15277
23833
17194
9704
18785
16064
13959
3010
15451
15610
13598
17856
17181
22927
7281
2636
20254
9947
24553
22266
11577
11366
18599
12252
13152
15236
26546
14112
21998
19454
26841
20850
26444
15230
11407
455
3565
23175
14981
4071
15538
10124
19923
26757
15756
1535
4537
9590
6730
4349
2424
9698
12202
12997
15351
8886
8838
1996
2835
9527
17290
23068
19556
2250
16164
12563
4901
9955
27342
17150
15810
5633
7329
21151
21488
24417
12242
1960
11679
481
1206
21299
5074
26441
3736
9797
14757
853
15093
20916
20197
5274
9539
3916
25540
7276
7522
1170
27116
24576
14871
26102
27295
473
19784
9737
3976
7490
9701
10621
9265
21649
10335
16651
10462
15776
21637
22677
15365
2340
9167
9753
19383
18647
5161
23644
12834
5378
25204
8979
27145
17222
798
413
24754
25579
3004
2864
23416
3640
10837
24664
15736
14322
26758
4471
19789
13857
27566
24688
23354
5060
5424
21074
2979
10628
8769
21611
8151
12216
6697
10858
719
12141
9162
671
12920
7354
1218
16792
14765
24651
20124
22865
4873
25365
15164
22770
13985
11544
11049
25317
23538
9811
2580
21208
4721
17580
20401
8519
11177
16592
10339
27165
2230
21610
2040
12076
7796
11569
3318
21442
25418
10762
11303
10131
20625
22623
8104
887
19214
6363
11607
16032
10519
25044
494
15597
21533
5150
24916
2292
11593
24939
12801
25539
1731
6256
11516
18919
13577
20382
24323
10600
16209
17112
6575
11747
22501
24057
4583
19057
5760
24039
6887
3217
16592
16796
8004
24404
26293
19785
3900
18367
19138
5710
15410
25607
22832
1410
11525
25803
13674
12498
13900
21080
20458
17927
2536
549
7562
993
25863
8532
10862
11226
1963
8210
24996
4231
822
14364
20853
3573
23619
21872
26266
7447
6714
25191
17861
25390
21176
18639
23100
18259
1226
3959
2157
24282
5382
841
26249
20962
6236
16729
19193
14465
17315
22725
24327
23271
25043
22083
19694
19365
20761
11690
21210
6345
411
13072
22430
8656
11710
24221
294
1528
16655
242
13785
6468
19442
2695
22108
15329
7926
6456
2087
11421
7205
16269
25065
12362
22146
1102
17936
14015
10631
19338
10429
8116
3508
18186
8526
17574
6931
20338
1006
19138
21122
3082
2284
14909
24583
9270
23369
9505
6580
13481
24377
22795
23280
10213
17363
51
26103
10578
3371
22409
21363
17735
4733
12378
16905
19939
23999
26418
23660
22085
16096
10916
11316
23660
17126
4309
8655
8367
21443
4823
843
9979
22777
19131
27348
424
25008
16741
14529
16355
15286
