12458
8023
2017
6384
9179
14103
6308
10538
20836
3450
1476
17579
16279
13496
2408
10003
18610
16955
17098
26065
11127
10858
26037
3398
11694
17872
15485
7535
315
16191
22126
16032
482
11225
3200
3544
10285
8094
13732
9280
4477
9010
12103
25800
14372
6584
25518
21771
16829
5560
16008
16545
22852
19933
25834
16453
8568
25735
17421
8627
2824
20634
18057
23265
6446
25859
11381
27058
22019
26377
24790
6099
14832
14159
21933
24255
3329
8066
15121
3171
3979
16992
4434
18430
10951
16300
7773
15385
12992
1132
27402
1881
17450
26462
2622
22469
24173
24951
23530
20908
9669
18950
23657
15055
25313
5384
6933
892
21011
8651
21281
3450
26164
16000
23468
7968
20700
3788
8893
22102
22881
26577
2060
1941
24584
12515
17050
12989
5302
11032
5104
23533
18152
24490
7675
1359
20984
14669
21766
11781
8137
11420
5584
10699
3613
10762
1932
1430
11679
17647
14289
6912
13509
6139
9917
18636
12461
1877
10991
3344
18859
23409
26850
10945
23169
11676
1428
19344
10644
4603
16751
27475
27312
7489
16988
25367
22450
21544
20706
2796
22080
2443
25044
21069
13264
23345
13988
1078
5224
8519
20520
26060
14451
2575
13225
6162
26506
9915
5845
24432
15625
26548
17850
7356
15603
9449
8991
6116
18439
14444
26385
18300
9753
19084
21232
22338
11040
4235
9888
3158
7001
14986
14547
22126
2051
15033
10764
4633
2265
18789
7278
7888
15771
17612
10002
9646
16108
10879
21724
3696
7017
8060
21736
12562
24457
3636
12357
2562
304
24410
16683
19988
22019
6309
3294
24358
2924
3252
21444
9391
7075
720
26140
19449
18193
76
20186
6283
12726
14600
12368
12049
17561
2087
6357
21124
23156
23089
22705
11564
16728
20203
5992
13803
9004
6766
1590
2317
5825
15860
13813
19386
26757
17001
2783
19068
6954
8162
27385
27291
23616
9063
3786
5422
6915
11848
10097
5665
6646
10036
308
17375
6450
16083
22244
15288
24891
14226
9807
345
8894
16863
18548
23121
4125
13493
25758
19439
9566
11078
173
21909
11651
4942
20504
15843
20566
13063
3702
16855
16978
3278
27038
672
27333
21921
9202
13382
19694
4262
20903
5599
20259
18260
13127
5446
10416
7722
20575
6322
18208
27283
26223
21212
10588
1229
9525
5445
20282
1195
26006
9291
2049
8782
11171
14914
476
12069
5753
334
9545
24317
11087
10959
5654
8291
9466
20644
6772
8544
24447
2569
7432
27398
12826
6300
16478
10562
961
10717
17801
8406
19104
25024
27325
6442
21848
23639
6320
2550
24553
10795
23463
26435
24387
6873
15051
14625
22315
10017
5359
24928
9753
2679
19553
15374
25212
21620
14914
24337
6222
18078
20446
18604
25492
4520
12684
20030
12761
6597
24806
6813
1540
24916
12259
9842
2539
6129
14701
20747
18850
13579
8858
20205
22710
2099
6269
10588
6891
4077
3844
16970
13257
3516
6733
2987
8322
5955
10079
6569
23608
13277
23949
3513
16695
505
14328
2310
8460
27298
18726
23188
4361
9962
21767
569
9665
2419
1953
26472
10500
21021
3649
14591
19910
11258
17598
7676
9875
24195
15609
18498
26795
9821
6726
22619
1197
25523
26380
9931
4595
16134
14043
246
3907
7102
19774
9260
24295
16358
8745
3754
25206
9500
15371
13824
23586
24999
21439
8348
16888
27553
13215
4332
10118
19893
12452
8020
10182
21623
241
12336
10798
17125
19588
14703
5344
8663
16202
3178
13384
21222
20790
12674
2799
25045
2648
8208
8675
26228
15416
19628
6096
4220
10406
4700
19379
273
11233
16382
18112
14488
8480
12438
21349
16186
18362
2610
5126
4074
6083
5622
7626
412
6491
23211
2098
10128
10671
24772
6283
24033
18430
24292
23893
15303
19501
968
27509
15189
18032
24290
7689
12606
22811
6672
14241
8174
10902
12064
8122
11506
9354
19028
12671
11605
11489
20405
22313
2283
8446
12080
11885
18674
16636
10127
6406
25556
25887
9625
20528
13333
5888
7491
21284
20348
14216
22786
27345
20946
18901
4854
9635
7992
16148
14923
12682
113
21015
22287
10020
5560
14289
1891
12820
12475
10352
13799
8898
27020
20707
24039
6565
6702
22483
20840
23814
23287
9165
19239
6135
12923
2152
19541
20986
2497
5932
5210
26873
24698
21236
12321
22758
10891
12971
16126
2497
5965
20712
18948
8174
19599
10105
25678
25029
22656
15728
22264
11818
5155
13224
347
12408
11918
15079
16626
25312
6559
24384
18863
11406
19210
23801
20221
16716
8870
24751
10902
19624
26321
4196
5848
25736
21941
12253
6739
10903
10745
10850
22453
7122
27495
10896
7958
13626
23679
4057
8959
19627
467
3253
15539
13836
13109
4715
15311
1493
11899
98
5545
1350
3066
10664
2301
3788
25287
552
26051
13656
18703
9859
642
4730
11680
18393
7570
17997
24029
25196
5332
17668
6278
26869
5158
10784
21509
17110
21528
391
11401
5611
11987
11896
17846
26989
21937
24991
26611
11529
6453
23322
121
13344
8956
7722
25265
19971
16732
17112
12033
5942
5672
21843
19935
1975
11056
18352
7992
11968
18854
8354
5907
26500
17957
21506
1359
10166
6781
18673
17409
3967
25578
10310
13721
24629
21321
20136
23371
19935
11741
5127
16341
19721
10201
17981
17952
17617
23315
12888
6758
23118
25970
25540
14719
921
7976
20092
10722
13976
19491
17287
14855
18290
11437
148
25250
27016
18152
17546
14935
8950
25164
4666
7294
245
5298
3880
10476
17138
6911
14364
1990
906
1300
20682
22561
23139
2941
6484
1049
4485
2958
12650
27192
2576
19037
17733
7782
13445
11895
13898
3696
11169
8005
5643
23319
22860
21067
15720
17063
24359
6371
3812
16670
9148
18511
25768
18892
2226
16194
16304
10902
21488
11715
8372
21629
5809
18788
2046
19558
18439
21092
17062
22179
5855
9400
23674
6192
24680
24098
20240
12156
23311
5000
25105
20215
26171
13296
13870
18995
1266
729
24365
3347
24593
18121
1779
7134
9971
6839
2710
24612
18715
18533
9676
24922
19018
24651
13396
24421
22640
14849
13472
15534
8375
27320
6117
25582
2607
14536
12442
24992
6113
22797
3042
15103
20429
25155
9447
21745
14574
8101
24864
4287
8421
25464
22863
23281
1638
9781
2106
471
24908
15286
13420
19436
10045
3779
2696
22401
