7573
18603
26101
4844
26228
11391
11574
24693
19250
27366
17986
19730
12503
14142
20755
22381
7059
5030
16011
26623
2379
5393
18886
22726
15269
19810
3265
15800
7782
11955
11338
19595
24200
10121
13363
24554
10635
17118
2955
3208
15378
22095
19846
23130
3836
13514
23150
13404
27121
26915
24942
21678
7898
12236
5749
18981
7924
15134
11997
27321
8847
10254
21430
6010
14928
19213
6286
27469
14468
13676
15620
4278
225
12059
24593
18065
20462
15708
4679
23616
25943
20864
13360
3774
27482
18474
22747
11628
15685
17560
7255
20564
761
9714
8094
10248
3143
18422
23503
8980
1639
1105
8811
1685
27149
1170
25941
27343
2236
8562
14974
21978
23655
19051
13746
3613
19069
6999
24357
9739
8437
11321
2514
23311
2308
4146
5570
25111
24906
14157
21823
22460
19879
18805
2808
9138
10652
6276
9509
6033
12693
27301
5816
12861
23244
9413
22762
21687
885
25046
26951
15795
9708
23369
15485
6332
26211
9355
7814
16292
1696
11566
23370
22948
18489
3393
11474
22227
18252
10994
20063
3205
27159
15858
7171
7568
20397
20788
26714
6662
25701
21339
12505
1879
16669
18052
16295
19895
2050
2215
48
22887
8585
5978
7020
14796
11208
26733
15898
26125
18064
26314
13466
9399
25801
22911
25930
6440
2959
4007
6790
7739
27355
5361
26730
8975
2308
9154
21463
6638
6213
6284
17574
4148
16023
4626
1638
23562
12094
16792
7787
10239
20215
21803
13465
26060
21514
8593
6369
9920
26267
3138
10883
18459
11918
11397
24551
194
1068
6320
24494
23039
4965
115
25618
10232
16922
6476
8385
21999
11141
8077
24634
20256
26098
5561
9723
21586
10084
26647
19625
11196
14771
20455
16514
16905
9377
898
6484
1090
20584
19628
6467
23177
22003
5004
12802
3724
15437
25308
14817
16377
12975
1324
27385
2215
4728
8012
18707
15748
3248
8648
2853
6836
2883
10442
4255
24295
4493
10903
15622
25225
8226
5239
6662
24810
14749
27258
1429
21529
26792
21478
11160
26425
263
3908
4303
20716
14513
4238
26639
2207
3947
7804
18313
18999
25363
2359
16727
20546
12823
19650
21504
9353
10132
27235
25250
14994
16289
19578
2405
902
26651
5198
77
4524
17856
17499
7242
8836
9742
25940
10308
19393
25559
18644
26336
18508
14736
16717
1847
11864
20654
6563
16366
4336
16144
1305
21861
20912
6942
26225
16992
11280
7397
2226
491
1078
26985
5959
10707
26531
18418
13351
1795
10879
6059
9621
5590
25656
26266
23515
2035
4184
238
1853
13672
763
12593
23218
1850
18727
17074
2
13209
4008
21969
18520
24024
26479
26067
7026
2376
9975
25484
18893
16694
16604
8978
8260
15436
24184
5370
7511
15567
17279
24549
16990
20977
17677
4111
16879
25681
21590
9460
12789
22460
19138
14680
25378
16733
14441
1167
23919
3123
21184
25761
6047
8038
3078
4399
24422
7032
2290
25070
3024
5478
21621
2346
26500
22322
26278
18586
26528
22266
18928
25479
5132
14011
19992
6505
12047
7581
17184
14338
3768
16038
2602
22358
11951
3205
1184
12315
21973
20688
27196
6404
12271
14940
9380
10896
6769
3000
10418
1623
15645
154
2962
14153
1103
15288
7853
16208
12311
9729
15499
26399
11407
3712
3153
27451
26586
20603
9527
4554
25535
3955
23160
18616
6691
1646
13703
14246
23619
9723
2859
4524
11937
10743
9647
5310
3219
14113
16079
12645
14764
5224
14295
7543
21030
20885
22512
1179
18886
25442
6705
11116
25668
9379
8335
12103
13442
15432
17393
21467
22556
12828
15827
344
11562
6318
14544
18995
16438
9284
6820
10541
11132
1376
26318
13088
2454
13965
1549
6214
12479
362
6867
15343
16098
12052
10244
22853
6566
24653
1396
202
9157
21886
6423
3309
5574
24869
2781
15225
2416
3974
22920
2739
6217
13652
25200
24986
17194
20024
13158
25914
17356
16089
3770
13552
2225
20154
19028
7603
6819
3213
15003
12226
1950
1649
12132
14918
24197
2267
9188
9069
6013
26206
27063
23874
19159
18152
3896
16669
25858
16636
7005
121
17473
15117
14120
15819
19237
24393
17345
1184
13717
24177
2592
250
8650
10802
21068
23484
8222
4125
15927
10873
1113
5148
1939
26484
8819
5606
24977
11936
10070
11599
12399
20590
24318
1006
2655
314
719
5167
19623
17463
23350
16181
18773
5076
3164
19020
18183
10984
21823
5228
23896
27555
3936
20571
6932
3341
27468
21080
18474
9600
18196
25262
7122
23047
6774
4948
7987
19117
8217
13116
2539
6108
26587
15467
6391
17374
8960
13451
18568
22931
16373
15546
9353
4349
25224
27223
15801
6920
22441
18056
22008
16058
26068
11232
10657
4609
19236
7050
11521
14717
20082
21172
5516
19286
1071
9721
3545
19310
7940
5734
7138
15167
6269
9115
11529
6246
19396
3806
11759
8814
19723
17412
11108
16966
22687
23273
23695
2378
6798
8659
25608
19341
23330
10140
21185
19416
17731
9017
24368
12026
11609
8800
18093
25046
7981
11801
4629
16410
23933
21582
5801
10762
8942
21531
17283
19002
4989
6642
13335
14155
1392
23375
15437
5098
3969
23652
2241
27284
9413
19417
21850
632
14176
5764
776
10247
23884
22767
10589
1006
15181
2585
12107
11730
9016
11251
16366
20765
26211
8905
21288
16677
9206
26127
5591
25361
26352
13142
10618
24661
19232
187
22694
18238
22075
20539
11168
4668
2355
11447
19333
16914
26034
2580
13803
12223
18597
21927
11751
7351
25482
1582
1902
8734
2954
16732
25387
11143
16874
9697
7692
12090
24240
20928
11553
5693
13743
19847
14235
15870
4477
20267
18276
22652
21389
25927
25552
24628
11117
9945
1774
13045
11754
19352
21401
15549
8388
10957
8395
8654
22616
21880
5508
15077
23862
19533
11428
18943
26596
19343
15978
23233
8300
9785
4005
611
8627
20918
15745
18022
20982
18010
25005
1181
2447
23585
14376
543
18367
5163
17952
14900
24225
24284
19049
25907
7414
23686
4221
23328
14414
10545
23954
19521
24360
6761
21843
6174
26858
17249
24845
25703
10508
27063
8712
25664
13199
23818
23880
22290
13324
23608
5108
11161
13706
23758
13477
11633
13642
2801
14055
18629
16484
14410
4943
7082
20935
22775
3483
13965
3951
5942
9080
15126
1336
311
25470
10181
334
23940
22917
