2306
16395
10178
17242
16394
2313
11511
23746
18535
20514
21433
16629
21807
26721
18151
3910
8794
952
16962
5961
16533
1104
26951
5111
22252
17057
23786
4816
19103
4270
3343
6839
27257
24992
19135
1919
8585
22055
9277
17446
26055
6513
19348
1240
24901
12650
20020
22838
5726
1266
7820
9913
24150
16102
11629
3157
19134
26637
15111
1679
16877
12137
18372
6925
14645
6009
4854
5361
12090
1992
27448
21112
18248
25489
3608
12666
16341
2559
13489
19535
19055
208
1336
7447
1426
15823
6734
18310
10070
8715
17691
26027
22091
20408
23163
16604
22094
15679
3948
5847
22091
26733
8236
1841
4769
15656
23009
10431
2079
17254
2211
21123
6467
9621
13530
24077
7312
21347
23530
26363
7686
17571
8832
11536
8339
26190
16852
22001
18410
27286
1100
20468
27465
4725
10163
13403
24276
11860
26902
4312
20803
25977
2491
22121
32
9506
10406
10473
20467
19272
6619
12867
6426
14537
17729
3737
26893
10716
9462
24172
27344
7047
16378
13454
22426
12686
2323
4895
11115
16920
18217
21690
1994
10592
18963
2905
1017
11174
7090
27110
3907
443
12656
11240
17882
18529
18293
14042
20865
14037
11525
23586
19910
10590
6416
3626
25740
2007
3677
17101
2105
3217
23945
6573
9490
13869
6909
13336
1379
26739
16382
14340
8777
11341
4345
951
19128
11755
24474
841
20710
11947
646
6864
20397
26517
2305
12429
20754
11804
11820
4557
23125
23526
17631
19918
26088
26761
12185
6886
17402
21371
4378
8486
27349
6658
20210
1046
13250
26796
6316
2025
23089
12192
7626
4567
9515
21232
26910
11128
14146
12934
19612
5727
14229
18533
5977
1928
22619
23733
1424
6192
12418
13571
22800
14937
17934
1742
19997
4550
6290
919
20507
4507
18416
17567
11938
20577
18033
791
9557
27390
766
10431
7898
19422
23592
14899
8371
4845
8454
12996
443
17127
20519
14390
8550
16659
9318
11699
26473
17527
5185
22838
6377
4402
16134
16712
18909
18156
23740
17217
23762
2741
37
1847
11074
2729
3990
25704
511
2630
1834
479
889
10225
18026
11812
14503
18254
25701
17960
10282
10441
18708
5332
13808
14612
12314
18928
358
21171
1570
16915
13774
22158
15819
18274
1709
5801
2238
1240
13190
23989
16052
26146
7898
2139
22963
10282
24418
17216
13341
25274
7273
2114
2818
24316
26229
11111
18626
23591
3824
13479
13538
26153
3680
10783
13877
25607
19993
4319
23435
14450
25623
7785
2041
17949
4365
14231
19521
22053
7200
5228
12603
23722
1575
14548
8250
19831
6233
11988
15033
12823
5595
6657
1725
2490
24982
4690
8441
23559
9657
25465
4145
2350
2416
5120
13459
21180
22069
22866
11139
1265
15440
12516
6277
11749
10118
12588
21562
3190
2356
10114
18217
3067
19386
8036
18311
20349
16717
25135
24683
3617
743
23185
24423
10466
23147
11897
16841
23304
958
6253
4437
10508
552
3977
26798
8222
24538
17326
9349
20041
3822
17505
20170
903
18228
14808
7017
17073
15797
99
1545
15205
2817
26629
19922
11512
14710
13706
20652
23032
19876
14750
4903
19465
16676
5177
23438
26265
22275
26615
25301
11774
249
5521
17655
8954
16052
20882
2077
1074
17128
16860
26377
7000
20645
13656
22804
14227
19708
26825
23326
8561
863
19480
4491
23383
5031
18824
1638
1355
18325
5086
13365
3708
15974
21550
10160
11695
4816
1126
7525
19486
9748
21292
23135
18147
22601
12396
21053
14510
7032
3916
2124
10029
2395
5435
5066
18516
2282
17522
11278
4912
9417
1847
6442
9458
13467
14181
20750
1433
23886
10020
7074
2296
23898
25134
16720
14151
16534
11850
26378
9314
23129
4878
8314
9768
27228
27011
23884
4889
14794
4057
24074
22699
17422
7461
9656
15152
21313
10779
17609
11077
2965
16816
15631
14625
21514
3300
264
12730
24568
13757
25382
17215
12539
13712
22074
23641
22452
5182
114
21926
5393
7538
23433
12877
10229
12465
20427
19302
26905
13840
15157
2822
24873
7457
4601
2563
17134
2258
10411
25687
19941
13777
3455
18886
22857
6463
16825
24334
23210
6774
19129
21231
9806
794
5628
9516
12595
25743
7681
2454
9422
1049
24119
20488
14977
18110
24442
958
15124
27401
2536
18473
15632
25404
8834
7332
2911
21540
14235
21798
16043
11217
7790
24184
1018
7948
16417
18598
26157
13726
10028
13889
687
19486
7708
19247
7854
332
6834
5030
24544
26753
9635
18791
11359
3170
848
16712
25587
17770
1278
6468
8546
1068
11419
11434
5491
326
26068
3660
16100
20221
13566
25703
2904
5747
5520
21760
4865
8242
962
1084
13191
21355
15744
7442
23447
7382
12290
18300
27382
8310
24683
10228
21576
22702
408
1582
17836
11731
8133
11092
12175
24747
22912
16528
1835
6408
16935
7323
19327
26318
1076
3581
23047
14383
16
22807
16727
11593
20101
18600
21401
26246
8273
26395
2739
26158
11542
3283
23453
15688
24653
1858
21166
7867
12721
9730
7990
12864
19947
5940
4218
13272
8063
9030
12591
25364
7894
27025
24604
3037
1321
2620
26173
3418
20304
6858
21205
10506
6365
15715
3746
26184
12519
395
18235
8205
430
3886
2654
27372
4148
20926
15418
5638
20153
11512
25297
1058
14379
24910
15441
9678
7848
21812
15601
17186
1326
14358
27523
6138
17722
5681
9703
16378
13884
8124
22672
5180
25144
469
4120
17190
11575
10261
24443
16309
11329
25953
6651
17450
8876
2566
2921
26184
15397
3787
11497
21360
7604
19066
20244
16471
21601
16993
15033
11110
25945
8776
18200
3996
14103
6080
9433
24814
13303
274
16078
12657
17963
17821
17940
3847
9942
4018
1751
23114
8731
22118
10546
2084
14750
25590
5251
19660
23048
2493
11981
22091
1655
11892
9077
6769
26862
2981
18796
22639
2107
13957
81
12922
17763
23524
16126
24776
2764
6049
577
22304
17963
27510
7402
24173
10174
12508
13431
3611
10027
13694
19961
12505
18362
3972
797
24792
9717
25733
1038
13079
16246
16172
1593
11604
14248
5610
25274
24175
1757
26565
10902
14993
9718
9092
11801
12177
21328
7743
21128
3967
18666
21026
1818
21428
9043
4074
15267
21510
142
25212
27216
21587
1826
19972
10151
11453
342
9912
7368
16085
22016
11538
14980
9010
