19865
22716
11366
7751
19002
22013
22821
8437
26588
16585
11492
22206
3645
14306
13959
16159
13355
15464
19076
4121
22666
22552
12970
20205
6174
11310
12091
13903
4524
19456
17269
6152
17166
24165
5739
26817
23551
17040
24323
24285
6143
15776
12025
26007
16090
20934
25370
21999
25709
24945
25678
26192
5755
24768
18650
26012
4700
719
7470
24441
4355
8999
13873
10248
20479
26539
377
14370
21135
18256
23373
24897
8992
520
8044
17285
25856
6788
10058
26620
8734
7908
8452
7643
21811
25676
22992
24417
15766
12437
744
12853
6580
20311
23192
3228
11438
13296
23470
2375
18349
26596
1909
26919
13644
10831
5675
8845
550
11786
1468
20440
18784
24282
21706
23447
21099
2131
15887
23112
27020
24363
4419
11113
18152
9079
14792
6716
18074
8566
4097
6126
16134
24815
6552
23992
2489
9557
25662
22949
14195
9647
17270
18112
25571
14481
9953
22589
4314
17395
18175
1780
26287
10098
21213
12132
4762
26738
15848
16892
17827
7479
23864
6259
11734
10868
19740
12862
23364
2748
26072
4345
16596
12046
7071
4057
24764
11531
4277
14871
24915
7955
21597
25722
19344
25738
16870
15724
21314
23625
12752
5664
20182
3484
4813
10400
11921
24708
25433
13170
16084
3203
5343
9662
21044
5912
5017
24061
8292
15017
4439
7058
18334
19851
24371
8441
7429
17583
1432
19601
643
1419
21096
16787
7980
10569
19800
3071
23897
19639
14173
23994
18011
14469
16373
19495
1934
18429
21144
17654
19800
5726
2928
3793
21374
3429
5627
23380
20298
15383
11506
13667
26110
13895
13717
19480
1127
24269
3355
20177
26964
8167
24323
2843
19452
1831
9278
27468
15294
12988
14024
5552
23247
11543
16964
15023
22068
11329
12601
13147
24555
14849
4723
5746
11860
20195
6941
26119
4399
14118
9150
20404
24453
7486
16049
20130
13654
11488
4958
2287
26269
11113
3378
7468
26335
23978
2535
20945
7656
23018
8352
12375
11769
25671
4589
10075
26673
16452
18679
15353
14013
5843
24342
5047
24171
14466
10773
9332
17459
4216
7985
22685
10801
7346
11233
20776
8637
4470
11301
4560
7764
18789
15054
6537
21814
12192
17745
23207
2665
16796
1049
4405
8994
988
18586
22838
24604
18068
12723
15711
21775
24845
27095
16138
27257
410
6419
25051
25622
19586
24192
792
8112
8527
14781
2473
843
6474
1113
10967
2673
4550
6319
10857
26639
21931
9058
19779
10133
16043
8155
10144
25225
12834
21319
25090
3074
24306
11291
2456
6619
7360
12122
4524
26552
15825
15796
21897
5763
10816
10727
22122
462
22988
12164
441
25438
9106
204
661
11315
1790
27090
8423
7334
1650
8303
18858
20341
18498
13424
12012
14170
23426
2225
11584
24981
13963
12044
26596
2592
3649
19749
8916
2680
14823
17722
18793
1968
19093
24543
24718
20383
14330
11920
21734
21885
26327
14777
24775
9621
26577
10752
1983
20089
9874
15820
8561
25552
5234
9705
10076
206
25010
12516
15396
16080
12634
1984
5401
26693
2395
20770
716
25794
19417
23979
18155
19561
1462
1962
18644
13842
27488
6284
2384
27144
25859
24821
25604
8562
22497
10141
5903
23578
18122
1407
26300
16396
11560
19235
25575
10125
19975
10873
4856
291
7174
24414
17191
14247
6468
10941
21319
26055
16506
26669
25003
1291
11629
6181
20870
6592
21992
4096
1641
20557
16650
2023
17454
12505
10094
10331
20136
25618
11701
4036
20663
5437
26783
2580
23910
21641
16219
32
5513
11679
17405
24228
4235
17617
23449
20093
20894
5069
24633
3894
502
434
13642
21116
19294
20763
20822
23310
16880
12437
3414
18885
16703
26590
16243
5988
11676
6204
21433
12090
1218
2865
26187
17602
6241
6799
21139
7800
21390
7731
22978
6111
17525
6910
8642
12027
12528
12781
2413
4226
15624
5259
8763
25451
1827
8258
16659
15127
20845
7431
22090
27002
17788
17796
4568
6
4619
23586
18284
26060
17017
24263
19677
26357
21143
9757
15477
4481
17843
2332
21708
16955
8760
9483
8870
12797
8302
3117
13067
25602
9298
21628
14715
19709
12295
20548
7104
6283
9876
25150
18858
16158
26495
11165
9737
12373
27027
14662
20012
6308
9945
19429
3289
10355
11488
24022
5446
4607
6038
4932
9644
16460
9837
11248
6894
6989
27296
11772
1101
27299
15849
27462
23308
19561
11329
380
14636
10389
18768
3177
850
20079
27566
17894
13169
19117
10638
8827
14701
14683
20136
5789
3636
22077
9172
19756
11664
1902
18121
9261
24814
16290
14471
20260
14795
27310
18162
7720
434
25865
14114
10082
16985
17071
8223
15410
8778
10951
8992
16644
18367
1212
26627
23169
9362
4197
22552
3225
9376
27180
13943
19660
17348
10073
6855
17079
18574
9366
11365
12395
13575
911
20240
5897
21911
23911
24318
23319
6034
23414
4576
11274
16352
26147
10762
18017
510
25266
22343
10036
20921
13079
20257
13609
15436
16900
26670
10023
1919
19446
15951
21750
19343
23648
22683
11274
1880
11209
25103
12005
14963
18678
17693
24738
19034
14949
18697
14352
3066
19074
2440
1263
4740
986
19868
20999
22865
223
7521
15912
14009
15525
2322
19173
22358
16699
1806
6146
19673
25300
11268
7133
4834
10338
25931
5617
23658
7903
20022
19021
19897
9095
334
958
7754
15277
15394
22680
4690
22914
24097
749
19317
128
25465
23764
4340
16514
3332
6914
5271
10788
59
8345
4174
8846
893
14022
26885
19569
13500
12579
15149
13616
27014
6209
17134
1517
2529
121
22319
22808
25876
11702
19385
10730
20642
5772
2211
13327
19535
24179
18423
4708
10592
15264
23968
10118
12778
17038
3526
20269
17652
2862
9349
18556
13288
14564
24360
12405
4407
12961
17190
10896
4250
12710
8397
26698
19231
15608
18507
10144
22209
3262
21465
10832
27333
10807
3379
17560
26861
10299
2287
13685
18087
4234
2924
20967
2700
22587
25765
19490
13099
11274
11403
14585
12489
6833
9105
20275
13834
2140
20102
21925
1373
1035
23679
16709
721
97
2974
1266
22830
14584
19498
15925
1938
2568
17022
13348
14220
22372
17472
23533
9671
2989
14252
13470
19439
24169
23919
19549
25963
24002
8825
11117
341
9939
8094
21678
19275
23920
9982
859
24322
668
17516
362
10091
24037
18766
26221
18858
