25673
20933
1456
6795
23457
7294
640
16749
18085
2277
9811
423
18621
16266
15141
3990
12934
2137
9743
8416
9656
21495
565
3644
24565
6679
2999
23823
16273
22909
7261
22115
18051
6655
10918
14048
12849
5647
6235
26680
51
7627
5688
14277
21585
18368
8187
11732
8892
7849
25735
16218
5475
1512
15534
17659
24351
19788
15497
6607
18866
16953
18001
5830
23355
9450
5999
12924
19953
16717
11945
11716
19397
16548
4382
10753
2408
9048
21437
13092
13292
8262
9479
27216
4815
9569
14324
18004
18910
12292
15879
795
10647
17844
7178
26874
3312
26886
12588
25702
9018
14093
12988
22018
687
14837
22505
18267
2406
17647
18025
27119
23629
4265
13128
21676
7169
8634
10743
18272
6670
12168
4551
10776
8247
11993
7635
21145
11100
12689
14159
5659
25188
21025
11206
18698
23729
906
6442
11131
24418
14141
11644
7207
22483
394
12070
9873
8562
7285
110
13687
10749
2131
19700
19435
11843
25541
5936
2077
24020
17965
22671
12727
14993
10290
27290
11101
23589
24621
19797
22213
18419
14058
2400
11895
11251
26112
15981
18712
4236
14331
19688
7908
10405
7510
14716
25845
11264
14899
8256
16212
1689
23031
25378
25165
22183
25721
18389
24556
20677
4440
13367
27524
7098
10414
7031
26632
20791
1701
3887
11510
5999
27255
8902
25431
26749
22102
5942
11692
11506
15416
17837
4856
400
18327
1889
13923
11079
4432
26781
25256
13997
14109
12018
10452
6309
3497
10802
16882
16352
17719
22788
11389
11647
660
21121
19745
6198
10851
18759
13639
1936
6319
2630
23574
26056
4524
10070
20864
23472
12901
2876
15008
2312
2576
8740
9116
17484
7502
8540
25468
10203
18620
2638
5723
25599
12818
12551
10046
19853
5413
3727
19003
322
18176
9213
1641
3341
13832
22623
16089
8276
10911
26838
11917
3700
17546
23512
16269
1288
2009
6862
17134
6957
3234
4222
1807
15983
18454
16236
13308
1009
6028
18477
7024
173
21946
5879
17275
13028
479
11500
23280
13499
9182
846
1540
17518
21518
25851
1819
6760
1366
16557
12358
16768
7817
15548
21947
13979
5023
2360
4001
21686
12872
1979
6885
15899
19366
8266
14535
19054
20413
6967
18472
7952
5423
22776
9654
21086
14465
10141
3666
5709
24456
32
20097
9982
27495
3846
23495
7728
142
18152
15686
26346
16240
22010
9032
20408
7929
22384
14118
22316
19474
27452
5562
17721
19560
7447
16502
2466
9488
4821
24430
7282
12028
23370
821
10963
7858
11517
24791
10493
6751
10058
12233
15143
19542
25683
16535
20283
24611
19075
27031
17683
22896
11739
4559
1904
4909
24178
22757
4951
8234
5541
17607
18767
24223
524
2077
15244
26822
14427
24274
20567
6977
8650
12803
12200
26220
25911
16580
25323
14564
20256
21568
23631
13973
5362
15608
8753
12167
152
223
5198
11057
26155
26643
4674
10498
26120
8575
4187
25125
828
7704
12450
26812
10730
20890
9835
21575
15736
15902
19109
1100
24865
2836
6180
10856
12867
498
27363
25237
23050
21296
20535
9971
6827
17074
13752
10172
3146
20631
13716
26591
9293
23390
3050
24762
25079
7343
13846
26208
5964
18896
5801
9917
24847
1920
17075
4398
17773
17904
16753
19619
4954
24973
4047
1700
19276
27322
9416
13455
1295
25942
3874
11983
24590
6039
15901
15918
8394
208
13801
4202
17585
10217
3934
18056
23383
20734
27137
7439
21942
12264
24865
4591
491
6905
686
5128
7381
16136
23517
22311
6957
4006
4110
2245
18499
27318
16731
1305
20701
20617
26207
11544
11258
13123
6181
12370
2164
6333
561
23826
26086
692
4620
17731
3835
15917
22459
16991
25350
20230
21006
21158
4013
4727
9889
14963
16813
6754
15214
17383
24356
26828
15217
700
27349
9428
20829
19399
7728
24050
2311
7565
14390
9203
23923
808
10713
146
27257
16212
26056
9733
10190
16253
808
26812
5702
10456
18085
590
20263
5723
3937
10715
2230
7600
8897
26885
17834
15456
881
12615
24501
2305
2314
2495
547
25452
26893
7440
10262
15284
16836
5733
15847
6439
2730
20758
20156
5262
19366
25354
344
8742
8032
15030
13815
11259
4405
6131
20284
24735
5032
25380
23894
459
12203
6288
19809
13494
16519
20290
24412
5215
10816
6192
20909
27330
705
15279
21319
19759
13586
13914
7664
17573
16923
21367
4836
21252
16078
18035
6464
5536
24317
21907
4922
5966
7102
16226
26699
19235
8715
2441
13150
9783
2044
8904
8632
24411
11421
19082
8726
8898
24412
6745
22935
11679
24399
19203
2394
23441
23918
20262
10094
19023
20553
12272
22428
23642
4376
4101
5915
5644
20618
21660
6817
14551
12787
3691
13085
7720
11115
13291
8537
11345
14117
6484
26109
6760
10507
22479
24311
11865
6413
2045
23008
14945
2518
14946
8218
26372
25273
25409
960
26987
19419
12578
10892
12634
17361
27550
23113
19217
6595
22003
1212
6289
3468
14899
387
12795
9278
19224
946
7184
7848
10734
24990
14966
19628
22389
24506
26072
3713
10247
865
17674
3431
25579
22417
19372
15991
1401
22154
11095
20341
27285
14646
2063
9622
4566
9992
16726
24042
22633
14175
6987
13848
22087
13621
22269
10519
22722
17835
2831
4250
20673
5536
3593
5745
25747
6312
8742
15798
14305
10672
27165
13957
16493
2571
731
2696
294
10233
13254
10794
26406
2345
10901
3661
26773
13536
14293
24624
20198
22564
4427
4780
24380
18334
2019
24411
15087
20768
21448
1396
12215
17677
18353
2222
21568
682
10457
21224
23367
10366
834
3793
6035
22905
1424
24697
11578
21433
11500
27078
12775
10102
23994
9722
20898
4224
20695
1738
4285
20134
18205
19728
23669
16367
16995
612
12255
8618
2968
6038
23047
10886
21076
17853
24050
14215
21920
6038
24175
2464
4412
13725
13675
23353
26756
21749
10110
13413
23183
26818
5038
26307
11102
22530
90
2473
1866
17520
20089
2444
20096
10553
25100
23674
2019
14401
4861
2405
7259
703
22024
9392
8414
13305
26863
15097
18707
10388
18419
8135
12578
15364
24295
16314
12356
17705
1945
20434
16494
24391
15286
6442
12469
25383
3850
6254
766
21577
18864
17338
9096
16690
6123
9625
6194
20622
7102
23436
16218
10037
15267
5212
12834
6284
17185
