18004
13350
13002
11919
25148
4111
15178
12879
21602
26265
942
26983
21572
27125
15228
6822
20525
2820
9431
24705
13266
11286
18149
4866
17178
10911
15059
5694
13062
18686
24024
13887
14612
6035
26584
24854
25953
4437
25985
18179
11946
6741
6122
4276
14192
22345
21037
6947
9760
8988
23448
11587
11897
22089
67
17656
8740
7540
21374
4404
17177
7839
24899
26968
10582
10745
21044
17635
9615
15104
18674
1532
6479
5634
7770
6466
291
11146
9823
17740
14686
21119
10586
25018
23080
12829
4763
5713
9406
14615
2096
19892
21716
12301
11368
22150
18773
2143
16801
11493
7254
24498
13884
12241
24432
8659
26862
23064
1250
5726
24506
23137
26246
18153
19806
24158
4427
7606
26781
16813
7285
22299
21783
16849
23311
7811
8107
3928
18052
5930
12710
24064
7181
10212
3566
20446
7735
27456
9799
25929
5014
9984
5759
701
5386
7850
21775
9461
21994
25746
1518
1788
17916
4687
13224
16401
10770
20079
8015
22857
22503
23096
27179
18063
14963
6815
19989
18419
6269
5913
16945
4461
2974
17437
14249
10524
11775
24023
17204
5060
2265
8260
24843
9852
8243
17141
10312
15854
14350
14442
6079
8262
9146
18684
4470
11252
3104
6467
17352
11107
9448
22760
9171
17278
7628
19992
16132
15330
5086
14568
12461
4691
10883
13856
14920
10055
5301
25441
11662
653
6705
17142
1847
17326
24637
8763
9485
21377
16237
21832
7949
12367
22860
27270
21090
26941
21722
10267
20924
11266
16257
11451
25515
3681
6827
25576
23570
15372
20234
1955
26112
18850
280
26013
17939
6050
4668
12358
17248
4984
5473
13538
3485
4249
11500
19188
10309
19682
7925
13272
11925
8809
3909
13677
25078
25093
27217
13028
19930
21538
1909
1214
24005
13090
9337
15898
9810
23827
18390
15013
8999
8047
16861
12428
20957
2350
3718
6160
6710
972
26530
2247
8078
11254
12048
14722
22004
24014
20934
10771
21216
24766
9892
18152
3435
10865
3200
13237
18812
13288
6311
14509
20047
15150
23004
12291
17113
1022
1347
17891
15588
11670
241
23135
3258
6259
8998
3750
24538
9423
271
12508
7001
11703
17100
10880
24568
4925
17497
2123
20010
50
2310
7140
19230
612
24138
7419
14422
3548
8601
17822
384
26039
4568
24590
8727
5543
17266
27530
10736
26779
27405
17084
2301
18873
3301
10643
7224
16353
7556
19029
5914
11267
4057
19287
15944
25003
13911
22987
13892
11324
3124
16692
23699
7309
1160
8963
4696
19552
26364
2286
13665
8627
9073
17692
16549
17376
19727
11800
15331
22072
2626
24043
1002
26672
15013
23066
21087
16959
15920
26611
25426
11804
4835
11925
27056
8939
5059
2009
15042
26600
15168
12486
6930
19769
12364
5969
4960
23348
19182
16469
9204
2314
7315
12630
9668
7498
10628
2750
20025
21511
15034
18506
18236
870
19353
25380
25230
7232
18081
20767
27367
3822
11834
25555
2267
8980
5765
12200
7395
20484
20496
24036
5905
16619
524
10892
7975
24333
5815
3901
8272
15954
14089
20106
13806
4230
21871
19756
27004
15081
13272
23322
7975
1296
13733
26683
6276
14571
14977
16617
15798
5448
18393
18712
2125
3380
6097
19463
11675
14353
25503
20912
21153
9782
11427
15758
8281
10720
24234
1146
9746
4668
18714
8108
22999
14532
4421
24854
24395
842
10227
23055
26391
27170
17249
11895
6098
7830
20984
2141
26931
84
18702
1950
12828
14214
1050
20069
12481
795
22462
23604
14159
3974
17834
15958
7560
27146
9867
3647
16540
2531
24895
11883
6904
17295
3753
10975
23878
3628
22559
20472
23326
11533
26877
1303
21911
25155
19199
20685
10176
2211
16631
5291
17166
22403
26185
24478
20284
1753
16344
7618
13245
6894
13920
25107
25154
10283
25191
4516
15277
17922
24317
10901
23171
19374
6462
20246
7212
16951
14966
16976
982
23473
20907
13200
15291
1706
19410
15114
26337
920
9948
1305
10373
27341
17386
13727
18921
7889
9206
24188
18312
27279
19977
6050
20896
17564
22269
5457
4116
23554
20605
21794
19602
12497
24270
16461
8208
15375
19467
25722
440
7657
15594
25572
9426
14986
21807
21242
22963
24992
11723
19589
27376
11177
11747
5355
6434
5527
3092
21318
27169
13047
19121
5909
7873
12994
5411
23126
6788
18042
23043
11200
5245
22774
5491
8903
10349
3874
26480
17238
8305
25229
1226
7872
13494
3261
20661
26687
1135
22877
4331
4151
27396
15183
6366
21726
15073
26924
23704
21427
22256
12224
11433
16434
3556
21513
5059
341
17949
19268
14951
164
25448
11706
7408
5827
6492
21481
14517
24211
20493
8931
10771
2338
4758
17011
9994
19612
12022
12613
10863
1312
11695
25910
10200
23180
24366
563
4244
3082
14931
2837
27521
23316
1294
25248
26624
26473
21381
9506
7096
18488
26465
791
15768
11662
22534
2257
10115
14373
5584
19753
1442
21435
22070
18766
11849
6749
15696
19331
21635
10192
3894
15330
27406
22024
22331
630
10791
15467
16527
6786
10821
11725
24907
4495
16890
9299
8155
3638
2009
26190
5951
7102
7330
25456
10789
26400
17693
9280
9218
25811
7149
22286
21238
25323
978
14943
1247
12978
16927
19425
21930
4620
24008
21045
10004
12027
22500
25690
4725
6390
13671
6099
11333
18673
2153
6918
14988
26642
27451
6161
23856
18385
13582
14091
15998
16449
26920
9131
5453
19183
8853
6172
18660
4695
11299
25353
22683
1445
13736
15213
25161
11873
7011
2541
6980
23390
21637
12796
11389
20991
10554
10680
4958
23159
23062
22758
19975
14060
21085
12965
27293
20448
13404
11057
24763
21421
10423
8451
19396
15183
4391
20774
2623
3424
10737
8342
11148
15152
10145
13683
6654
5013
18192
5479
6821
5416
18125
11353
17344
16614
22279
12378
26955
27070
10789
24236
5588
507
25336
22685
7102
17208
15376
16223
6714
27180
21733
19147
503
10885
5096
7200
22220
17232
9332
18726
5460
17934
690
3546
24352
21050
5702
14604
9419
5682
22177
16742
11741
11301
24205
26544
19488
7934
5083
21272
24190
13230
790
22707
13418
4618
5610
25955
2092
16356
14406
25635
19569
5608
27468
2842
7437
12475
14600
12888
13982
22594
27532
7476
1559
24587
2980
7036
27452
8681
10334
15258
2741
21673
25765
23475
5135
3998
