21565
46
5570
1113
11714
1119
16403
468
4843
10287
10792
6388
6312
11376
24317
10136
18155
7453
25367
2328
25975
23057
10110
4326
14359
13430
8
23011
27160
2881
22921
12997
20475
24659
8479
2365
2077
25372
11211
866
18074
897
21234
6107
9177
11004
1886
12166
1403
22708
15483
14585
3485
3710
13306
4432
10866
6165
6415
18197
6212
23086
10966
15422
6021
6599
16214
23867
11657
13762
5624
24437
7148
20019
6072
3006
13215
10234
14987
26147
15393
22830
7262
13861
4108
8300
20587
1687
6586
15304
24707
5751
18422
13394
22272
4925
3107
25500
16236
15883
18112
6367
2479
21087
23257
20412
13128
24322
23949
10653
4005
5240
12992
3229
12630
20465
10353
413
4087
23211
9903
16505
13442
26995
494
24898
26560
20325
23171
2329
8242
8705
6940
1730
9441
3791
14078
7728
22611
24877
10803
2562
24002
27452
26816
15333
25909
16881
1147
18366
23298
23803
8843
10549
15949
7440
4007
16566
8145
5908
4065
26462
20626
14602
1445
15995
13608
16622
25107
18998
23196
14784
6904
26796
21325
8596
15870
11667
3392
8675
25618
26564
14815
8779
3804
5301
26297
18640
6660
11494
394
5705
20478
22151
6797
7492
4363
20688
5244
2365
15138
10070
18678
23300
7914
11593
9532
521
7253
5988
6581
27384
6725
23605
22363
4040
13412
14245
16101
26037
18508
477
4705
22007
21294
15724
20933
1681
22164
5761
26939
25111
14977
13813
24006
13150
10800
17275
16250
5603
20525
23931
10903
4767
16902
22094
9471
19400
17005
27106
20695
20465
17513
10789
13356
11595
6703
4021
4012
3364
11110
17345
27306
20426
25093
6429
8021
16676
26706
12804
10989
12365
1913
26001
9356
23328
23273
4715
12085
10358
10546
8760
10203
16362
10925
14875
23399
3715
1837
370
5008
27099
10136
20341
17338
9053
10062
13858
16484
862
27013
9305
1038
4946
5697
450
14990
15290
11749
791
10973
20519
10626
491
1139
8765
10076
1177
25766
25506
27428
7122
19284
4989
16136
13579
13899
1572
19394
835
16329
14946
10832
6824
27350
17205
2135
11451
20063
9860
10350
15917
18977
26008
665
27555
24011
22823
25229
15386
19171
8853
13659
11723
19677
24532
5603
5663
25924
3567
12370
14494
8604
16042
18224
1916
18630
7842
18932
10904
19558
25208
16307
17585
13514
12976
12917
19050
16002
4291
12895
7052
14111
11657
12573
21943
11953
15146
27549
16394
20221
16900
20661
20107
15239
486
25410
15777
25133
5224
5745
1567
26713
27011
15519
22843
615
14254
1500
21205
15926
1290
10050
12117
638
24135
15689
20256
25463
24604
17394
14180
7105
20642
2151
9155
18755
11488
7600
20838
11087
667
17433
4676
10919
7528
3217
3121
23314
17414
10229
16892
25218
2905
24411
9150
15440
23067
13068
24250
8902
3392
25796
6100
8789
2316
5508
10878
12057
21374
4775
23438
6024
7670
17785
1785
13663
20807
6548
16050
1239
6714
575
26502
12450
2019
14391
22414
16572
21057
14663
20191
26921
11710
21166
25016
24658
13664
7542
12867
7482
4598
25714
17372
11398
21108
14214
4978
17478
6854
18685
5790
1542
1568
24545
14233
2694
24453
17389
2816
26078
3434
16534
2974
23040
7633
2905
20910
13027
1922
17333
18948
12821
20423
23836
24712
26895
22761
24109
6606
6649
2117
12244
3643
6383
9925
20682
14902
20153
26501
15918
15946
13140
14578
27329
8145
4000
14635
4198
2445
17071
23999
3097
578
130
15554
10331
12033
2694
15837
22535
6311
4353
18720
7537
1950
11839
26771
12331
19233
21423
23083
10824
24999
6702
6507
20634
12989
24170
2026
7877
19373
2685
867
12672
24343
22267
21842
22197
12639
24001
19705
12817
19444
12171
18919
3082
26308
26114
25568
20624
6808
20469
3768
12408
21442
23679
735
10822
5753
470
13949
6420
5772
16751
2871
24572
17316
717
19714
16373
1383
22549
15791
27452
27521
25174
22990
18248
2989
12264
21202
563
26898
23551
15600
23926
24228
393
8678
12794
10478
21028
10157
8310
21156
13946
13570
14912
6089
26098
23697
18523
17846
5716
18384
7144
18008
26547
3116
9106
15351
16365
14294
26521
4237
25124
764
287
4485
16914
6491
9358
8266
18118
2728
15728
27362
9170
1926
25533
24780
12650
2232
16614
2334
10896
12565
20660
5498
4304
8350
4895
7356
11234
14695
18977
11601
1731
15396
21359
18564
21631
23040
4276
9539
98
943
21722
10213
17470
11117
19265
18865
8810
12449
5445
1307
24003
27563
19030
11141
11378
7540
5395
6135
27451
6330
2905
22809
17883
11306
12920
17528
11418
3775
24119
17876
10918
24607
23363
9946
26776
21529
16219
10781
12817
25969
11471
16240
5206
11025
11591
14629
25203
25030
25359
3713
16373
4188
22139
24856
7125
10595
8827
13733
1067
11065
9206
15495
23563
18225
10328
11072
6825
1954
10803
24857
26672
18770
8806
2449
4323
3707
14132
18301
13492
5424
9862
16242
25294
24825
4593
17481
18311
26367
6910
11986
23628
18743
20887
1174
10485
23791
23704
4413
2247
5499
2997
9590
9005
3705
11668
1489
24923
8704
15824
14196
10366
9129
24289
16778
17895
2521
23684
27557
6369
9388
11553
4336
24634
14747
10008
1338
19044
16334
23724
13566
22326
2700
25760
3939
19362
15945
8140
10705
9744
13314
8754
14461
8554
17671
4071
1188
26025
13483
11521
15041
26669
22605
1120
20027
23704
17760
12818
25279
5187
11564
24866
20086
6276
13622
16850
25982
9408
20618
12404
17083
2084
10246
2736
17762
20357
14977
4983
18376
10131
22582
18545
19403
13355
24610
9666
2821
9193
23302
10336
25395
7415
19529
15805
15207
4369
6192
7598
8892
3549
23984
5468
16356
2049
19681
593
17864
736
9573
424
5050
4452
2405
12241
18051
14726
20652
24074
10676
9524
20187
10948
13258
16230
5076
24947
3489
27056
2345
6883
25115
4184
5898
5084
17829
14116
1416
4460
24537
7866
8979
11415
22163
14330
264
27531
9899
8752
16808
24393
12882
5631
9639
968
20384
14678
16673
22649
23718
7310
8034
22994
14621
17270
4488
19441
25192
144
4345
20431
9331
10070
18143
8902
2107
8933
4108
6720
880
11601
10900
16991
4345
6321
1319
19879
15040
18173
21489
16643
10602
7007
24710
