6944
17142
685
18790
13060
21634
26320
12270
495
22783
8275
4807
11920
4110
8526
14037
21849
9666
25288
14833
4847
533
24919
1798
21010
27457
17327
24786
20580
11403
9244
19701
13477
9155
27108
20482
17944
23865
24744
16436
7328
26155
6761
24307
5646
3470
25682
13963
11130
12470
10743
2868
21494
9587
13937
24162
24325
19133
27365
11881
19774
3487
13880
22625
4198
17367
99
16038
19593
4109
24586
26176
16489
7014
9388
384
23348
16892
16630
24181
14122
9658
12020
2908
10193
9975
14457
8745
4443
8028
7160
16085
18877
6838
12106
9991
5521
25193
16052
10730
12027
10353
16631
5193
10357
6693
7722
10931
3554
5204
293
13316
1073
21066
17433
11561
15943
2158
9695
8327
25753
15148
4402
17798
26500
23836
24467
5260
10763
11820
3320
6575
26821
335
20990
10928
17471
25294
8576
19861
2230
6537
15958
12562
10187
15754
16894
23917
11399
20383
345
9319
2175
25818
19464
20884
16157
23542
25173
27401
1983
551
18408
2274
20730
14352
16138
15526
64
5077
2605
25930
25897
23726
7084
19285
27510
18682
20609
15150
2314
23173
24238
1713
11955
8245
24425
5155
8554
459
2253
17775
24520
4814
12073
5279
3792
6199
287
4495
12760
19573
19205
9472
6602
21000
9086
22039
20686
19725
9678
26314
10931
5143
11028
4191
1989
14484
11660
18197
2547
26275
16839
17782
4668
20707
10756
12544
19103
25413
273
11500
10283
10910
17983
18674
17841
11075
22969
8477
387
10583
16989
3658
15078
17184
15019
25343
23438
5113
3127
3399
27244
7796
219
4966
285
4106
21440
24685
13750
6262
21441
18190
7449
24610
25019
17266
12219
6545
8355
25256
17639
8533
119
10401
3082
19286
26242
14771
18682
4301
12374
12554
12242
19062
13667
1167
2247
23833
12484
9883
10384
4641
22118
1631
4216
27291
5604
27071
2323
4250
7662
14039
8065
8286
27441
21621
2110
11843
15849
20284
2118
8440
24063
21538
8903
7918
16167
20201
2075
13439
878
13892
7269
2249
12853
3449
152
7887
26222
9855
24303
47
26832
11824
16077
16041
18623
18833
9321
23430
21622
12021
16518
560
19988
16906
9093
12253
4551
10678
25153
27053
22046
610
26175
10298
4413
10903
7041
1342
9824
2332
21751
22653
4218
6591
24325
22293
22567
17705
25408
19137
11658
10988
5451
4949
5786
8505
24407
27008
13828
5945
18439
24414
9428
17141
10129
20908
26051
2514
15800
24468
17434
18143
8547
8193
17180
2148
22381
25894
27335
19590
902
19875
20300
20711
6554
9621
13261
16940
7974
10349
24249
2071
17177
2505
17136
21414
24059
12764
14962
25466
8516
17158
18727
6208
5113
3449
7283
6510
12997
21568
5546
9842
23772
808
26111
19927
11674
13339
14737
15023
10929
11313
587
20683
14497
19211
17455
6430
19209
14796
13854
923
16113
21235
3773
12577
24444
24331
12379
8690
8489
15723
9936
4105
23098
5282
12078
25309
6426
25410
14448
12982
23863
27108
16029
18929
549
12287
14909
8096
20424
6662
17342
22589
10695
3437
5441
20333
4373
10381
1405
21996
9259
18058
152
18444
2247
19072
284
2142
23857
747
12488
4797
7579
7724
1488
5896
15704
4708
5435
19656
10314
4460
11028
9159
18738
10290
22026
6602
4812
24845
3759
2695
14570
21453
21906
24213
3082
5287
10657
10400
16355
12789
4022
11769
21491
16751
3416
27303
5652
4002
4477
15896
7735
24841
22969
17830
18505
8433
24075
11826
1700
24087
5427
3960
22318
9523
22531
12142
5411
12386
1096
6719
19851
2905
26194
27246
2472
10286
10862
11811
9123
9816
21892
16407
4382
6464
18519
25986
2684
18173
22833
4614
909
23311
23009
1208
27134
22768
21659
14056
4670
10582
10634
19596
6079
6803
6575
15086
13738
19710
18726
11471
2465
11267
4665
7429
24670
1389
700
2127
3275
25415
4068
16557
13182
7587
15008
19092
15303
9515
6557
6897
17372
20232
1618
25408
12026
23939
9951
6122
10162
10190
4440
20699
14847
24552
24608
21634
2897
26996
1686
907
92
13748
2962
2581
5792
8944
13842
6974
24519
23216
11086
27230
491
15106
27415
7014
19701
1014
8058
15543
4707
20335
25013
687
15923
12239
473
11879
16875
15952
25432
16905
2142
15245
5159
15001
939
15514
805
24946
15050
11117
3590
11574
12852
15077
18453
20866
1063
23741
25481
23539
6761
17978
11365
11734
13881
20458
7336
10722
23074
25892
15670
4783
3907
17212
18869
3653
8202
540
24805
4656
4226
25284
13568
16726
25269
20825
764
16943
18374
5990
23878
17383
18482
26135
5129
26695
23280
21172
24716
10625
3408
15751
14415
21591
23050
21063
461
2766
16904
5269
1973
19857
16551
14118
27434
26617
25097
4877
19037
10021
5544
14902
3156
1170
2542
22241
23606
1539
16173
5455
19996
12213
21013
16305
12166
3549
17902
6243
15350
3194
11675
4126
2076
26830
23200
645
23121
17308
17023
2294
25138
12292
9114
8460
24339
25259
4981
8356
17765
18237
7638
1953
25663
8469
23614
10357
23629
11403
5466
951
3227
23336
5841
657
16302
25339
867
727
15575
13888
22261
11237
5939
6386
2136
23406
18690
4402
15251
12754
6186
9423
11709
22801
17143
14617
6863
3325
12869
6590
22245
7670
8507
23762
8738
10014
647
3127
1640
17892
24017
8704
488
25298
9531
12607
26791
25677
10768
3597
17694
23399
214
10400
17307
1354
11021
1068
4903
13161
11280
7813
10146
21531
4152
11210
3702
3840
25114
11156
3036
8164
16913
9947
538
15329
24219
10740
9838
19917
1589
9643
21628
18492
5721
17546
7129
2826
26793
17379
10935
25151
1226
26441
24911
17213
15606
2921
23464
5008
5705
8170
10431
12650
239
11882
61
13346
13492
3266
2828
10298
16398
19061
18881
4174
12637
4416
25389
7311
12882
4401
1210
12279
14139
25108
15432
12062
12238
442
21506
4459
5969
14440
12281
18666
2072
5320
9512
8614
6932
2930
23031
9722
18863
24343
15663
25697
17555
3525
17890
7524
18447
17461
12227
22739
19351
25565
9075
25104
8829
4537
17883
17335
26713
20048
241
6913
24693
4402
13326
5229
447
5857
15483
21928
9660
11486
24507
16436
13626
3469
8691
21349
9981
4392
2069
18525
6050
7768
