19359
4856
12202
24378
16403
8609
21662
18579
13098
4330
12343
15480
9771
24001
8645
11051
26441
4974
4967
18610
7205
897
7570
1806
8551
25294
3554
23398
6491
20555
5925
7781
19031
9792
20893
341
15853
24429
27314
8133
15698
11057
13233
5319
27242
9416
12469
19283
17563
21405
8253
3519
702
9040
5539
8255
24597
15306
2718
14481
13326
5310
22285
19982
13349
17334
5861
12030
2290
23147
15345
12113
11719
16782
10787
24812
9999
10737
6923
1730
14500
3468
4119
2506
12299
17822
17594
17965
17819
6507
9940
20994
15232
10709
1664
23232
4402
16449
5282
26240
21594
24924
8984
23246
13754
2196
5584
17053
16636
15858
11006
12668
11733
21524
17766
3295
23082
16757
12252
9376
16551
9687
23165
6197
12365
13738
20101
19478
14344
25069
8998
18534
7360
16744
3362
14310
26930
4829
21637
26011
17406
8299
5746
23746
23658
20627
10836
19919
22012
7452
8215
12027
7114
25085
24384
16799
26543
8016
15345
11521
903
21368
6266
4723
3061
16630
13238
6675
13229
20856
23086
19775
15746
24040
2612
27235
1912
14534
18976
14058
12262
3530
11815
19356
15021
2438
2985
10758
8600
23587
2598
334
8922
2416
10849
24607
20865
3485
15227
27276
20452
18598
4156
26409
3033
24550
8768
6846
6164
1909
4814
1693
23583
26902
18885
23442
23376
3196
17151
12529
22879
22836
21323
15925
26791
11578
4599
8763
9751
5510
12012
9094
11910
6385
11559
21077
19359
20680
24132
20132
8188
27289
19053
12897
25980
400
20364
8216
22158
23116
18533
10602
20884
15891
7766
21823
25526
4336
25232
2719
27237
3999
3489
3520
26318
15832
5540
18011
847
2972
16420
577
15030
14793
21915
11136
23931
27521
13146
10219
2710
25455
16140
22066
25587
12105
20551
6744
6337
17195
8917
4519
7339
21044
11261
1213
22783
25184
5582
16545
3886
5499
243
22778
23080
20575
24614
8200
20288
23071
18342
15497
16858
17875
11398
4845
27245
930
12688
6462
9413
6066
2823
15275
8603
18045
25718
9124
15399
8221
9768
24776
4869
11713
25617
2256
26697
13478
22924
24334
6841
5759
27274
12637
6602
7536
3031
2585
19884
16388
10392
24620
10860
10718
17939
5109
17218
12095
2431
9618
13411
7116
10794
5153
11046
20880
24078
26445
25808
17670
4461
3778
6040
12498
4067
20037
5299
14684
27454
6678
25186
26455
12146
10539
26836
25782
26351
9905
22052
7372
13634
9239
22135
18778
2506
9329
21121
21633
14197
12725
26132
5835
18991
23074
24273
13185
3292
10599
19422
2298
6285
15998
835
12655
22137
10165
25404
8978
12337
2417
10901
20777
18464
2827
13968
12293
12050
25939
4200
13963
9115
17949
5004
10972
13793
5511
13985
10272
18583
356
16052
1024
6855
27156
1706
11689
1116
10031
8282
2863
9281
11670
7225
19207
7786
4583
2495
21823
3486
21122
2845
16763
23777
19535
15193
14309
27189
8656
9321
11849
12706
16378
8426
3094
8112
4104
27458
22990
17066
16663
7073
21034
12227
11395
22125
21402
24854
9423
23937
17694
4384
12855
10002
18126
19000
1403
4886
20429
12562
7236
19334
13191
22942
13185
21138
22140
19809
15366
6044
2515
19611
14294
2323
16769
7866
2720
8832
1767
16375
15079
7595
26681
23517
12710
26596
19825
7880
24564
15647
690
17602
15258
12042
23276
17236
7090
5577
26617
4554
8480
18520
23497
20207
10740
1888
3112
17442
4168
7635
9259
22874
23900
10891
6327
4546
18758
13688
4982
374
3651
18885
8930
18057
3475
18152
9042
22813
22266
11163
11679
11106
18467
2812
23612
12467
997
15280
24721
9043
21674
75
8241
8500
4228
24597
9006
24779
16695
4057
21027
8476
26706
9697
2084
3562
11197
4251
1167
23640
22453
1854
9520
24781
13766
15418
14614
8790
10875
27285
19052
14463
197
22550
9118
1663
27506
27082
5379
19101
10729
20367
12538
4308
13841
22956
24878
26266
3202
11719
512
21701
11667
27504
6483
1927
18647
14394
23912
961
2019
5719
11375
14339
1167
11979
5059
22513
8549
3840
9120
3282
12864
4359
2580
10067
16231
11032
23632
9394
16962
15120
6543
17620
6918
4834
23488
11401
5158
1813
11522
19094
21087
6484
4248
5487
9488
18177
17332
25003
19322
15239
1392
10326
21197
810
11087
13903
15303
18661
2025
9456
25711
10747
16145
4259
18934
20044
19174
22595
4411
3603
15307
561
26152
11345
25427
15255
16577
16916
25884
24556
7228
11816
3875
24808
10789
9305
16580
9866
12272
8176
6180
14084
21795
25539
5066
9820
6023
16136
2290
27501
3042
1002
1518
3917
19956
11453
14992
23082
25857
4460
10515
11804
13032
10522
11442
25580
9367
2030
17779
25513
7558
24325
17325
16114
16142
20660
2361
17514
2999
22546
17218
24723
9124
24911
3196
27270
18015
7904
25294
10201
15541
3771
27301
9853
25684
21132
14925
15163
16663
11143
401
14450
16783
21101
16368
17535
23854
24289
13207
25466
17376
23267
3526
4888
9271
18147
3232
6370
8664
18671
8749
16422
1653
13111
15523
8764
2304
2536
19921
22551
27471
17831
1788
9732
19502
4867
20484
12520
24368
25635
24341
12539
25496
13030
23530
2041
21509
14733
74
17373
9600
16578
4939
15092
13655
23013
17185
9173
9073
26883
11170
676
18605
26212
20170
6825
24316
26669
18340
20468
22343
6322
8870
25404
1336
22091
3696
19443
6544
27522
6482
2561
2498
20955
13152
22026
7143
16862
15083
18809
15120
24315
22772
23320
21251
10720
5801
24204
22708
26643
10374
4807
10340
23565
21819
18238
1483
23465
11361
20789
27273
2469
10881
22003
2655
23257
19291
21295
24137
26868
24239
17716
17014
11248
4287
8359
23766
18441
2403
3807
5448
17922
3202
16077
328
8762
3752
24898
26062
25132
7500
11079
9376
16690
24139
16470
25654
3881
19749
17973
2816
6330
6655
12314
21073
10605
9581
4895
17963
9547
7838
19861
8863
24978
10496
14669
19160
24231
6752
24969
814
15052
24537
565
1259
1896
10662
24566
7345
8718
11151
3601
11577
14216
7200
9865
23148
17621
15101
21296
9921
6753
21574
24060
24505
23492
18155
23429
12401
21803
8899
11094
11079
807
12869
23311
25713
18909
467
17841
4434
6204
20616
9082
6662
6863
6579
3910
96
