18106
19003
4522
1276
1365
10165
5157
6957
21994
17968
16821
23621
19523
22870
5071
23202
1014
26984
2172
3800
2101
10716
3875
15635
22457
26738
20931
24896
7266
22292
14531
18503
12395
14148
980
14093
4768
14827
10252
8301
19220
25831
5667
21039
8167
12458
12974
4942
9438
21159
15911
10730
3420
19684
16863
9874
27526
5719
15811
16494
12105
2344
19935
15924
6290
25303
22576
25495
21317
4938
16560
21797
27328
13152
24999
24253
4310
9663
2814
6981
8673
27540
13067
1260
15172
3683
27187
25013
9621
9738
6480
4661
4068
3625
7378
15380
5984
10077
19111
18263
17951
370
12516
21024
19744
22174
22772
3990
11460
25776
24828
12968
9454
20370
9717
4920
9469
26532
17236
26515
10901
16433
9769
11260
1414
16492
12863
14541
13751
12567
9777
20916
8841
7348
11711
3876
13127
11851
396
1989
22147
8685
3308
2300
68
12578
22497
2515
342
20226
9126
8707
12604
24355
18578
10429
2300
1574
14456
23049
23134
5424
25120
4749
12323
2078
29
384
4898
16132
20928
15593
23729
7332
21652
1986
8254
27516
24520
6186
526
20071
4707
20158
8796
6311
14291
26984
872
15121
22878
18208
7623
9112
6882
992
25875
17002
18644
18445
21701
26682
5869
15151
15191
7229
16343
5096
20727
4483
5468
23154
16832
4120
14632
7456
17575
21088
12288
13852
15120
11541
21426
10741
20054
20383
9546
27328
24515
7546
13687
265
8403
13602
11288
16955
3555
23090
10927
20104
26579
15174
24947
25330
11730
8418
12059
518
10492
652
12301
15690
17920
503
11700
1965
20521
13749
15384
10987
13028
2923
18790
508
2887
12012
11395
10347
23519
27488
25994
11115
3348
21483
14398
20404
26832
5988
17864
25393
15865
4762
27515
1048
3486
23344
19612
2443
16386
20284
18152
9583
13232
23448
19155
947
13637
17828
16907
6855
9751
5072
795
10419
24801
25654
9937
21255
18048
18565
12099
1724
11749
4810
1009
7673
7228
21603
3696
11563
17606
23667
23091
11577
26827
355
5655
22386
5019
5388
110
3267
6627
7733
13355
3590
2412
11280
10745
27423
25644
26184
19554
24453
2251
21078
3704
21610
12626
1640
17045
12511
7785
21575
12350
22677
18862
1295
18201
6777
14877
11395
19810
4572
27365
571
26896
11972
7019
43
15080
9521
8510
25911
11768
6313
11115
26013
14698
23261
18627
12146
10857
2652
11057
2349
2704
7264
6221
20373
23189
16461
2314
7105
403
15251
1677
13054
2613
11050
22154
3308
11395
10935
8414
18292
2859
25818
24688
14529
3720
6761
2498
2227
26705
8758
6481
18162
15991
14731
1585
2817
14706
15383
5358
16638
7702
20147
24827
26826
22244
2289
8758
4946
24712
23453
11882
16811
15430
497
11082
22585
21315
23573
3547
9377
15018
8024
20777
17237
20673
430
25553
15320
15122
10274
24668
21390
13676
1579
16148
22009
25063
3416
8211
7711
15381
6195
23699
4692
11596
24526
10602
17830
5994
23651
17893
5069
328
16166
14018
19704
17618
22963
4008
5778
25094
12156
26774
21577
6154
15634
20465
6461
10952
7048
9210
3736
21097
20882
21693
15867
5187
24696
9984
8833
14754
18452
4221
26542
314
22527
10900
21746
9380
18314
5829
7200
2464
18388
10896
27072
22891
25266
6997
14971
12355
3196
4195
4271
26873
24709
1279
13800
18078
10725
22154
6249
11172
19382
21381
16633
16384
3457
18935
21213
19876
2574
3450
14849
8114
10692
16544
21732
15607
13299
27104
26301
20215
22922
3510
25243
4961
27271
14185
4074
9282
18651
5613
23914
12982
1161
2267
10927
2096
24525
15504
24709
11562
9962
25093
23917
861
7762
7668
5005
16759
7353
12852
23891
17734
486
17172
13959
4718
5750
19203
1553
5859
5590
18719
19907
15225
5605
17978
14977
19870
25979
22409
5821
1790
4702
7359
27470
22677
3539
24827
2396
16225
281
5284
23647
2743
10979
25634
8161
4540
22076
19034
12747
10600
10054
8020
27492
4773
5471
19955
23270
9355
2511
15414
6793
11517
16252
25242
2236
456
1697
8070
6170
15055
11599
21749
23946
7902
2423
27452
23310
19292
21399
23249
2806
19737
22676
2488
15932
24541
23319
9745
15712
13887
18340
19467
15859
4370
20276
26998
24612
14623
15546
24319
1884
11714
18606
22140
16863
6191
5376
9480
8243
1141
23259
11590
21328
4958
1093
4917
7546
17516
5174
22026
20954
14374
16433
14635
17976
15683
12080
2267
1039
27275
2648
4701
25334
364
20256
2538
25102
13334
13614
6060
9557
13327
23094
9971
7007
7471
15922
15129
2125
20111
15763
9808
20895
14201
16263
19074
6694
14685
1031
9046
24833
27191
4878
434
5670
1506
19756
3016
2262
12279
15797
22974
24805
5113
13717
1871
12379
8730
25516
22080
18796
19590
20783
17888
21542
127
19578
26952
12353
23013
21884
13254
18415
9028
8195
12349
105
27247
25841
8889
22944
617
13649
7122
22834
15924
24575
24702
11027
11447
23409
21244
22115
16064
16802
3217
17860
4886
25267
25231
15791
9847
4920
14438
7419
11595
9240
8289
17198
11139
11063
739
26788
24323
15989
4078
5557
14819
10055
16392
16110
21557
10311
10668
18892
5095
14294
5013
6283
13494
23375
4209
27340
9333
7598
20757
1507
18280
10863
13575
3159
18165
18684
14523
5201
9512
16478
20726
444
24691
19529
25501
10313
24699
14900
13522
1676
23394
2799
8648
4918
11806
4400
6172
400
24915
6559
11637
14268
2512
23740
26685
25291
26711
7445
16269
8589
22096
10657
18204
14142
20633
14981
3204
117
20462
25153
23768
24254
12426
5684
16917
16240
6334
4290
19302
25246
6391
388
25370
14584
24670
7502
8408
26701
17949
25094
6352
6595
18746
9091
13977
18857
8127
25747
15613
23384
16135
11795
8485
10014
114
2899
79
23301
15888
13669
20445
14081
2149
1475
9263
3309
8030
9471
3486
7505
2121
6283
18972
20378
27555
3855
15946
23261
9417
3414
4992
22493
23408
22728
14844
8924
10902
18138
8454
20865
9572
17825
13490
9054
22994
9153
22430
10968
7276
21518
13945
9878
11826
13393
3252
15191
6243
20729
2631
25172
7732
20350
24054
612
24114
19898
27465
23509
17654
23824
16720
11617
9201
19826
17656
20257
10094
27153
24422
6590
17673
20191
