27515
4025
20478
4304
14072
26128
27492
13051
7292
3468
12430
10144
20298
4502
2966
17008
10216
451
12134
18306
24686
13864
14504
17158
8960
10876
11584
21863
9895
18245
3606
16950
19411
14454
10629
6577
33
15235
18214
15810
18311
20292
21012
19144
9731
12309
23386
21831
18243
2166
20233
19791
7836
19992
23938
12874
27291
676
3794
24490
17320
4040
3459
26188
20270
25055
732
12637
25751
14580
18510
3800
17540
10870
27281
8264
8514
615
21444
18582
9075
10488
5922
19710
23348
3861
5331
7973
9504
22056
4040
8302
6180
6429
26747
4185
4823
15198
4161
11508
4152
13041
20524
3370
716
9484
13647
20201
15475
24360
4317
4991
450
22416
26447
7729
27142
8443
27038
5168
18684
10173
17473
17246
4365
13811
921
27512
6055
9697
15222
14071
6344
4504
21551
13344
24868
22923
6465
21652
3157
21821
11578
4267
2712
17676
12952
23913
15797
12155
25228
11113
23926
15072
19531
9970
12537
18103
2718
10815
18557
12192
9645
3201
51
8053
25876
5069
8777
14282
9384
15499
24106
13679
15692
11509
14569
25977
2310
3861
16631
2262
17990
6914
16352
21894
26627
12164
322
5057
15786
1400
24503
25951
16618
24236
385
10171
4249
9092
13042
16172
19202
23373
12801
13338
23209
19944
23760
9794
24568
12214
22184
15628
11666
316
8944
27545
2374
6518
2446
26784
12076
22929
24614
21131
21091
25947
3829
22293
15385
17759
3732
23377
19512
23135
3243
10836
11289
12783
23898
11596
12403
19363
24281
3185
9420
18886
21729
19354
17487
17534
7440
16833
17957
5602
7649
18048
23965
14648
8677
10490
21886
23950
6376
21702
5395
11857
4675
18679
18818
2284
18352
2039
25913
18027
679
16518
27039
10960
14112
17838
20312
6468
19911
13800
3600
6554
13425
19936
1749
18198
12265
6757
20576
408
922
15673
2385
4907
10022
22285
12323
6359
20939
16543
20754
11085
8980
17411
21286
4547
14422
9662
9167
26317
8391
24410
1381
24196
17604
12181
13602
19524
6252
25505
19772
22801
26596
6463
21565
12159
24931
26588
13922
12565
10124
14178
13514
4279
2548
14954
15413
8379
4459
26644
9153
1779
6324
25453
503
22902
21862
8066
25235
13424
18508
20938
7668
12619
18598
3396
7879
10876
18823
6936
10000
15524
12500
7935
25951
19523
13652
6821
8640
5088
11757
283
652
18158
5061
12772
9262
19361
16425
9576
1472
9217
10349
13026
12433
9385
2561
10090
2620
21850
27146
17582
3863
15399
9349
10941
26874
1316
15021
11508
17625
20110
19685
12363
8942
15303
13473
6248
23497
3076
10845
523
6235
9459
6021
22079
24685
20424
2416
12766
15941
13479
12651
7591
4169
15261
12467
26393
20744
2671
15884
23521
18851
3310
26981
10752
8511
1957
6474
22046
1446
14849
26739
16967
4204
3877
13401
12975
11750
55
27151
21471
18657
25965
3968
5092
8329
16487
6039
23757
13806
25994
10730
27024
20886
11398
8398
25003
20422
25733
21658
4499
16176
17869
5042
3785
17575
19495
20613
17731
21336
1233
21191
4402
7197
15923
25008
19446
13602
24805
21847
13966
1125
1917
18212
14436
20626
3906
10885
9919
6868
6942
26588
15104
11354
25469
18379
8353
3810
10492
7464
9792
23311
13941
902
1518
11127
24988
23344
7564
25462
17901
24106
9195
26638
19491
773
12279
1212
24567
3235
21016
17611
17644
24854
19442
17489
1301
10712
15440
26013
2442
25865
23586
22360
26371
2477
14767
10452
20777
4149
3533
19687
586
25918
9470
6251
11024
3237
16746
25071
19389
19535
12033
13926
27017
12629
1467
5625
27290
24075
11110
5333
19492
20726
11562
4933
26049
10278
16885
18589
17495
98
6508
444
22522
8109
15286
12850
26261
11814
10826
27151
16023
15055
9463
24490
16753
2318
4053
10528
3227
2832
3645
19263
16210
9946
17331
16013
23371
10569
9142
24921
11701
27043
14340
23150
11570
23800
3503
10202
22411
12995
2931
19983
19450
19745
6705
1035
12983
9210
26563
21826
13425
15244
11805
8187
26978
13971
3850
8374
9706
15991
14108
7118
12762
27250
15150
20833
22373
11323
8880
26157
11908
7449
3446
26821
9012
11493
26392
10863
26275
8679
24563
23380
22126
17525
17890
9093
20811
8566
24073
14269
2077
19216
18689
20170
19876
27379
5370
13277
19281
21835
23782
12973
26251
5224
18009
5217
12873
24869
13386
6064
803
2991
14392
16761
8013
19742
10384
26989
26313
3671
23222
22602
16341
24325
13955
5215
21603
27440
19987
18288
12608
6252
21745
16175
12795
10854
12071
19467
18809
25722
14961
7757
22564
23052
15756
24122
22669
25238
15810
8161
7535
9450
16488
22495
13071
18157
4690
8323
15712
4710
8422
21247
19997
7576
18342
13856
12734
13881
4365
3733
24490
19039
180
9015
10951
12327
25432
11375
27073
665
23311
524
3912
3697
27238
24289
11359
8070
21949
23388
8132
15
7993
19598
5086
26172
2188
7590
20577
8635
23465
3400
25084
7797
26437
8314
10169
18468
15294
8325
17207
7399
9411
25338
23056
15244
8486
10823
25973
17579
21107
25272
7367
13578
12001
1177
415
7036
27503
11458
22789
9999
25757
1562
13515
13755
4161
12356
1213
17674
14849
1723
12496
6432
8202
10864
6284
3848
10330
15404
111
23196
25761
3444
14830
8904
4170
23171
240
4827
18743
6368
8998
9487
14806
7050
11277
13100
11364
3938
14058
6290
9815
25295
10670
24192
26354
26163
1780
11544
4033
717
22783
12234
3413
26501
4352
24832
10283
18025
9939
11665
2026
6095
13782
14239
24493
10158
25819
10855
8358
25112
21502
18093
434
15431
20778
12256
22561
17198
18390
6550
2427
16075
10827
7105
17956
12386
3196
10930
15739
12210
9694
26937
6365
2376
11171
18362
11351
25583
25365
15644
13173
23285
19664
12404
18568
9101
9838
27112
9029
15695
11570
25274
15929
347
20635
110
16398
14133
974
12762
24842
15795
10788
885
17848
11120
17591
1055
22289
14805
19201
15614
13795
3913
14580
14412
23154
9173
9084
16341
23311
5183
24442
9165
18044
21804
2787
5807
12897
10337
10096
21634
9722
3929
2467
521
952
7150
27510
6013
15976
18703
21158
21861
15967
1342
2554
26166
20598
22215
10092
1421
3275
334
13319
5426
7857
20955
23130
