14345
23806
19522
18857
21936
11819
25349
10408
23430
23631
9293
4993
5620
16980
11324
11157
17701
15988
22188
21952
24445
25046
24443
10201
18801
16933
5641
4058
5376
5937
19112
9092
8123
20308
8238
18974
16929
2006
24015
5195
2043
603
18231
23701
9041
14653
25539
20211
7809
4104
21239
5206
14211
8946
2787
24855
25161
14979
14116
19295
18954
22058
342
12094
2448
3295
4304
13820
233
6375
16043
18525
13200
18185
7185
18478
18834
4679
607
22753
25269
15748
11093
886
27465
6812
22317
25717
18425
15852
21962
26531
25630
61
27109
14486
939
10687
3682
4763
14056
5013
2527
26663
3317
68
7014
8071
18040
21132
9008
10786
12431
23234
14741
22676
15364
21153
17971
19208
11259
1509
13320
1902
16880
19968
10268
9049
2044
16863
27530
11705
2791
15610
13676
20882
2918
16976
19205
24586
10930
5192
25081
23362
1054
14657
25104
4476
23727
23200
27214
13
9006
8162
7898
17298
23711
22219
4416
25690
16829
8444
20135
23237
17828
20699
26087
9488
15611
15888
21104
24516
18252
23706
507
4764
8925
2458
3781
13210
13078
6533
6550
15764
9160
4236
1342
2303
25769
25460
4544
27523
19610
26888
24968
51
4555
25254
25735
25380
15123
98
18765
20500
15267
12358
8031
20698
4118
20665
3112
12915
12315
5490
17949
8775
18122
2117
20590
23295
14327
26864
14555
20037
26675
6493
14019
12365
24247
3726
19511
26440
24309
6214
14300
6076
7720
12172
23497
22001
14238
22266
17289
17552
10041
3032
17722
9566
11793
20314
22658
18187
5185
18163
24453
13944
4735
24461
19478
26045
5223
15007
4933
12771
6
332
18741
14715
17173
17548
5296
27035
17628
10258
24690
4583
4998
17120
9441
25636
25660
3843
3574
11144
7976
2138
20625
4534
10991
10902
18887
14249
22218
5818
21642
4234
26686
17822
18471
20938
23733
25206
2177
22731
13548
13841
22742
7032
4478
953
24916
6010
23405
26392
20501
7681
23353
5363
12866
8368
17704
8142
16659
17720
16420
18687
1935
25778
12620
8432
17440
16734
2294
6056
11284
8560
9374
17216
10528
14785
15679
11031
6185
22110
18556
5264
19788
8620
2925
12644
11296
18680
1252
22767
11574
2438
25346
23883
20086
1252
1752
23987
7789
11449
2089
1856
9736
22555
8146
15933
4220
7539
13713
8865
10146
7254
431
4377
16026
27375
4421
17828
18437
16818
20928
15646
18676
22824
3941
23140
8852
13074
14073
18135
1767
1806
24096
13463
18490
17046
12543
17768
16646
6885
6093
2392
15682
22488
10919
20254
27436
16612
20372
7824
8328
23348
22898
11219
2973
15294
17604
11343
22387
4290
8948
24118
16793
22128
13294
23751
22982
14898
27285
9928
11242
16076
23083
2605
7773
5289
25994
25663
406
2584
20470
2543
3601
8984
3042
6069
16507
19449
22125
6132
22377
9674
2298
19398
10558
13445
5364
17788
12292
11137
16937
19704
242
24937
9440
9865
12319
11034
15568
2559
27055
6246
12188
11870
26000
10951
4123
4617
21444
3882
14792
13182
11986
4328
21284
26271
15897
5318
22403
22801
23639
11512
4205
24117
2028
9390
24542
3066
15606
23989
20640
8351
27013
15043
2313
4155
9696
2255
13994
24446
17900
499
2678
13634
5950
22874
14651
2802
6892
8547
2473
2077
11855
26512
20907
17638
6272
13185
26264
12386
3465
11022
10935
16026
24791
4955
23612
19933
14269
23506
9331
14145
22757
18740
10278
16317
25365
665
21222
4016
10711
6575
1944
11010
4272
22709
23587
11698
743
384
649
12125
12742
20794
436
5046
19209
10360
10770
26162
10754
3381
24418
23017
24224
14040
20240
3600
18362
10326
9724
15193
17274
19779
15160
10353
8644
20675
9181
22222
20421
20935
2501
12783
11988
17602
1956
17007
6204
26305
22282
9370
9883
11149
22774
22689
15014
6957
888
1082
13889
17700
17751
17071
7065
24027
20719
18077
3759
25197
577
23822
20307
13029
1619
8838
15515
14491
20794
22489
8087
2449
17127
4105
21358
18570
12158
7432
11702
10171
19446
25032
25322
16393
10268
6869
244
11395
3037
4640
20609
5727
10862
18882
26169
18881
6432
14026
11996
326
11643
22503
8022
9613
2731
25836
16873
27041
6814
11826
19652
23971
19014
11564
17098
10013
1285
17949
18956
16294
12110
2911
2239
14994
24911
13433
2376
1266
14628
25948
16882
13721
12903
21169
15336
26826
2392
1606
8675
2335
20944
12414
16477
4655
18658
11105
26583
4989
18985
20231
26363
6989
9182
22440
26721
15124
26923
21675
23369
26823
4244
24179
20651
16420
12659
22285
10034
10800
9189
22271
9524
10763
13475
17099
26604
1642
16312
7725
12949
9258
8952
19657
14586
14844
26494
9764
6455
22078
14102
2268
6133
4699
12973
19531
15432
27086
19277
2449
13532
1302
20883
11776
1287
4709
26192
9240
8837
2447
21304
18595
20409
25863
1259
5086
8712
17036
25882
16742
7081
11236
7841
5193
1767
15606
9027
20312
16905
12130
5669
14289
25715
23439
14107
24599
9370
1880
7427
27557
20905
8938
6062
8164
17028
18994
12267
26996
14362
7257
4349
16214
19283
4483
27216
16612
11900
13891
24001
27257
24696
25570
313
4402
23030
19508
17228
16984
21770
7731
23991
26675
17805
2860
12034
3122
22783
3469
9368
5323
19137
9337
18926
19236
15091
3362
10337
7681
14928
26581
26589
23822
481
139
11891
14417
10381
8948
18519
17675
22223
11672
8968
21843
15024
503
19403
15581
24612
26917
14962
12691
12880
289
10207
23316
18434
9164
14476
27237
19439
17542
24782
21321
11450
24651
11116
4244
26537
16856
11315
8948
8519
17734
24530
27493
20314
22679
21867
27401
14408
8594
14513
9566
18399
15678
26906
6020
24307
14700
12545
3997
11849
16441
7719
13028
13138
8307
26270
6198
2406
22822
2413
8043
20397
1735
667
25184
25768
25917
12950
11597
7466
14421
24661
944
6480
9646
355
2807
10038
25877
15286
11161
17201
20570
19034
13188
11561
9518
16681
7413
10929
23221
26466
1859
11764
6442
13345
24090
23398
23622
2661
22348
22642
11115
11806
5109
7605
12279
25636
22261
2731
16956
2263
18522
5403
330
12710
10169
6438
2051
25946
15710
18548
6012
19619
7691
19480
18031
6975
25659
17861
12813
3684
10269
19232
21755
