25482
9075
12568
24409
14167
4374
26278
22759
25697
27020
26120
25498
3775
21084
50
20826
741
13746
8758
16605
8158
21475
16529
25566
21647
24317
4929
15475
24124
2511
13817
8360
2702
4941
8978
20264
25384
1631
11595
503
14065
15279
18398
1167
26651
13736
763
463
140
5692
15810
25951
4522
17058
3393
19717
13467
8632
12563
6418
13206
5886
17368
17273
2444
7903
577
8054
895
23323
19760
491
19134
14807
9183
24501
21619
23023
19029
3710
17474
16958
13924
14658
4475
22610
26859
11665
21405
3943
19302
18105
2515
5208
9959
22002
19633
9883
26274
3679
15184
13445
14799
8426
14499
16575
21985
12366
22242
13665
26124
2727
22903
23972
20902
18143
3585
11593
13129
2276
19696
24990
223
10484
17048
26942
7492
18330
8516
24043
22187
21662
15438
17987
21349
15918
21329
10
25351
3414
1460
22871
3723
14797
3638
26935
6979
17434
18156
7798
10762
6619
6912
21451
17160
9149
11662
21940
5037
13987
10208
21429
6212
26498
10842
9159
5900
24515
21637
18501
25722
8456
11186
19205
25413
27380
10285
17616
16440
12909
17394
18289
6248
8217
11324
4224
7785
9794
20686
4669
11616
4508
20875
18958
16223
22343
4222
17904
2569
21191
24159
743
3898
8905
12780
2365
3720
25457
18374
20954
17856
5244
5495
9150
8133
27314
24141
17876
5895
19273
12084
4301
14813
1243
13004
21803
5623
27377
19671
11731
2543
2412
4709
23472
26236
26089
25919
20869
12785
9144
23197
3
935
25300
8305
4382
12906
12621
16736
1702
8497
1497
25913
23318
9994
5335
6322
1636
13971
22258
6465
17635
1498
19465
24923
16053
14536
13284
536
21753
8918
8234
7806
18154
14365
9091
23244
3582
22889
15600
10094
24563
4896
8656
12997
24822
11639
7141
6319
21577
9955
8768
6903
1585
2954
16797
22637
3032
27245
11422
21495
20210
8638
4000
27417
3962
25814
7933
16678
2400
13033
21114
26460
18754
1361
4790
9720
26357
461
25397
26721
6309
17999
24846
5716
18772
20718
10690
22512
7365
22708
4249
6571
27493
24878
17703
17986
7956
21973
23048
24604
5623
17656
19541
20845
473
26801
17553
17391
22640
17075
18098
8964
6724
23524
27512
25495
11223
3765
16565
12426
19430
20324
16300
23993
25987
11336
9824
14089
8677
24385
21194
22833
17334
7977
27396
11638
15632
6249
21390
10146
17499
24348
3236
15197
18623
6423
22427
17140
19506
22877
13343
1006
11952
15872
22282
10059
23244
12814
21304
2987
7443
5897
6733
8897
7095
11196
17872
16750
10254
19474
24204
12893
1943
14578
11505
21538
6806
24611
24093
1858
25279
8483
19578
3537
22278
25288
3444
154
2019
19854
18183
12572
5559
4353
23984
8077
25560
10219
5007
19770
13867
10622
19588
16667
26686
21680
25061
2916
16164
20910
4230
14571
16223
20812
10040
9753
536
10832
238
2104
7599
1036
14529
21573
414
18866
4477
24977
20231
18491
10426
8558
8374
21678
6358
6072
16454
22385
16596
24954
7051
11150
4351
11193
24157
7660
12893
15700
9472
2287
18151
11020
499
17691
12277
23550
14419
23168
11931
11596
18557
11747
4990
22996
16364
26802
21315
20248
21247
6132
16109
2886
8951
20968
7857
11209
14071
25751
12136
8353
4419
9869
8247
9086
7727
22783
15635
15112
4244
13950
22123
2150
17224
5506
1612
10129
11306
4516
15717
26721
3063
14386
22040
16081
12834
27374
23403
3038
24850
24218
5951
11739
22393
7744
11555
656
26721
3058
22971
551
8644
24439
16499
9696
20691
4410
6415
23545
6684
25134
23132
4542
25232
4815
9806
2029
14027
3855
390
27380
14600
17327
25128
11518
19250
27323
17213
23096
26633
27164
10413
24626
9609
23465
10272
4293
7483
8097
20437
18012
23066
21824
26083
10678
19769
18940
6826
1073
3604
27233
828
169
22336
11262
14758
11105
3982
25183
27032
4905
16520
19659
9287
19128
19636
9839
5722
3370
9026
22468
12014
6921
27210
17017
6010
3779
5014
3535
24681
24011
978
8640
4718
8813
4708
17521
3408
20106
3654
13245
22340
16160
7915
16272
18141
15237
15030
12373
2253
17604
17011
388
1125
16010
3196
17443
10246
24954
26331
6740
21597
4617
21159
23738
11955
22245
14796
4797
24508
11102
791
18301
4969
2180
2172
17008
24697
6471
17052
7148
14588
14499
13738
13030
11922
17232
25039
884
15493
23782
23993
5698
12566
5374
6754
12060
3962
335
3698
21235
19442
18080
4640
27498
8033
12710
26377
22319
522
6311
16029
20435
102
24651
4946
21932
17963
25322
26420
14910
12338
11996
25536
19108
1182
9636
24285
6657
11048
9385
4389
20687
20614
20821
16612
20425
11167
18547
5382
9870
16331
12141
11262
20386
6659
2461
20608
3316
23876
20423
27260
5631
19864
15157
48
22469
27356
315
6231
14095
1745
18852
1964
26280
12474
25065
12027
25486
7119
21087
6054
6387
6919
13213
2561
7880
2930
12255
18388
849
26345
2397
6667
13326
18152
26860
7654
4017
13609
14909
6372
6344
24451
20220
21124
19108
18694
15975
8616
6674
12083
23719
15087
21551
5149
16066
24324
1304
19945
25216
16954
4300
2323
16478
20753
5071
13067
21808
4570
15464
11093
3824
4689
15927
11679
14405
19028
3341
26011
1165
8989
24619
11083
21936
24438
23142
22266
3151
11250
1930
22291
926
9154
15176
22009
26438
18607
22934
1613
19305
7062
10026
27266
2332
1924
11838
12185
23814
26010
13955
10213
15637
11900
24472
24558
7378
18041
17033
16620
17474
16106
26652
11975
17814
13211
1181
18533
23546
26736
25546
24081
22471
9403
13893
2315
6225
21529
13376
158
24596
25361
25592
18328
12807
27452
2575
21389
16105
25658
8028
11413
8408
22518
2613
11993
3745
16045
2344
2575
26702
3196
6866
12147
1325
13194
3982
10957
24585
25458
328
26168
20326
3988
11828
2757
21967
16280
26080
18865
25307
8246
9630
13132
934
4560
3941
21990
524
23608
27121
6259
4019
24834
25353
7970
2270
629
11077
572
16364
14778
13830
6605
17170
11245
11414
18301
17098
1624
5899
686
6409
14509
152
745
18046
17949
2285
26052
6559
10770
23956
21213
26527
652
4073
8703
21182
11246
692
18862
12349
4165
22658
20155
16255
10383
19036
11971
