20415
14291
26575
18461
18227
14255
9226
698
10120
17525
22627
23067
494
24043
8099
18787
10903
9563
8917
15221
11074
18390
16160
20802
24337
8359
12498
16557
6288
417
2123
4264
505
18911
26965
1728
425
17468
5654
18620
3989
8285
10892
24240
18469
167
12241
25533
5725
23084
16506
11234
22860
5798
2962
4706
15860
6391
25635
14411
12090
19078
26968
6696
14971
26468
15040
17156
1908
9017
6450
24719
19995
12937
26149
22072
12802
18328
20220
20353
13589
10849
512
14021
6587
22605
19703
7520
21938
21988
2729
17828
7676
17617
23931
3434
6028
26293
12469
9939
24947
15894
10508
8289
2300
16571
19704
11377
10097
11054
21405
4216
7815
7036
3608
2479
26755
4687
13209
9343
8272
25987
10806
14537
18152
12707
22337
20749
3778
24514
17166
4542
19332
13379
14837
2983
7184
7680
2306
14019
6110
11965
13503
4198
21243
8863
24432
22211
23185
14652
26151
9495
3831
3568
3710
3491
25814
8987
17507
10275
11521
2187
4800
8081
26666
25442
20890
4567
12292
9309
20369
24925
5140
9947
22747
10111
88
2479
17930
4363
16901
7685
12990
4174
18502
19733
19416
16282
17263
24309
2430
12658
12437
20388
9692
25467
23547
8694
34
22600
5385
19206
9607
19007
11740
13521
2268
4330
22222
8342
21107
10203
6375
17325
26453
2260
13619
8909
16597
15393
8248
7168
6187
15987
12040
10964
20220
24394
16866
6723
6950
23094
16461
18037
18292
13413
607
11384
7560
6801
17182
25053
14999
27301
2860
26091
13578
181
25928
1871
12763
5958
9543
8145
2270
3009
10167
24065
13012
24654
2909
8347
8686
16393
12483
7648
24685
12230
14663
2270
10715
23245
4394
18800
2177
5952
2931
14294
25404
1139
20168
12592
8066
17376
566
16009
18204
7864
977
22324
26962
124
23372
3102
2610
25925
15980
10919
1586
13857
23733
17024
12695
1427
22703
5022
1130
130
17861
1643
692
8037
7618
57
19768
17525
6097
5436
1114
20329
25451
14255
25620
1265
16178
189
25924
23360
13366
11781
14520
18794
20469
124
8041
8948
5082
1878
14388
19181
10158
9927
11986
17319
8365
13467
25654
12453
12155
2424
27184
633
10568
25019
17843
2069
10899
11579
9992
2721
5580
144
6223
11990
11796
10888
22662
1325
23864
4490
17415
1753
15710
22945
16837
3809
16028
4184
23007
7900
10707
373
3156
2662
27025
19884
8840
23311
6486
16168
7489
4053
1017
10868
16090
18047
18834
9279
23284
13126
13968
9157
26721
22242
6503
7008
4434
24785
3715
26240
9967
26008
18560
20049
15825
19495
13715
4451
8131
8793
1845
8122
13365
3609
6960
20526
20116
22789
25054
1107
27052
15483
2132
21961
18626
13570
3405
3209
1712
26486
396
11712
5217
8323
25582
15866
1789
5984
10195
3081
9450
27451
4363
13024
12328
1634
25248
6534
13868
7315
4050
12752
23902
2505
21993
12077
22664
18023
14398
19143
25110
13166
10277
3129
18324
1758
22834
21047
10317
27067
11229
24568
10526
5303
18889
17341
5991
2976
11740
17309
27113
23257
11529
26184
21313
26007
22875
8407
15454
18519
19233
11986
6580
9613
13463
14337
24074
22898
12481
6571
4268
15525
25044
22466
3833
507
10793
17080
1909
2282
17689
26675
7498
4565
24222
6339
6444
26128
23676
6997
6012
5269
7413
5286
2431
2209
21611
16165
22462
12520
23693
3611
18731
10850
8346
19082
24539
2093
9961
1988
976
12952
19581
2615
13712
21837
27462
20303
17118
3969
11455
20946
22137
21767
22154
21502
7981
8059
20961
9006
8738
16556
2145
18085
22994
22859
17006
21807
23969
9141
17330
11123
1955
15985
25445
4313
12939
16778
3990
8755
9253
19069
16087
5222
27298
14637
13812
13441
1577
1047
11801
19414
22924
11225
4651
4736
22564
16294
22743
18512
10763
6936
27098
1375
23211
1907
8929
15957
23589
4458
8540
2499
22056
20951
6290
25533
25835
16962
18331
22305
15692
3702
14082
16819
6446
18414
26211
9191
17756
23852
20948
26054
17205
23475
14062
14115
14587
19434
17593
16826
5509
3459
8917
18054
14731
18833
342
20197
524
9659
22913
21027
5085
18353
10809
19922
16341
20151
24002
17866
22320
14165
3647
10425
24528
23979
15948
6047
18623
1855
2429
21909
423
15378
13604
16786
11488
3705
11456
12384
24324
21279
20926
3413
6057
26737
8563
26181
11101
20014
2310
10734
19887
25822
2799
24205
11221
720
27540
21935
27054
21757
23951
7893
242
18459
13201
23990
25373
20647
9895
1420
13764
10569
8037
24110
11990
26979
25475
11690
21725
26307
4497
11448
6782
26865
10841
16651
10705
2909
13829
3904
25587
1384
11732
9851
4574
4977
19920
24125
11835
1117
12210
10243
24242
27430
10836
4532
21423
18602
10229
17336
5141
12928
23237
16498
19602
22560
13800
27554
8414
20232
19665
1880
6041
6473
17365
24027
5623
891
260
25833
16407
25680
7866
14998
14185
2991
1352
3071
21905
222
1983
22692
8756
9642
14161
12724
2279
7318
1174
23830
91
4485
5954
9609
27532
2468
10345
19849
16276
22434
14491
18326
22411
19413
21666
20775
24641
14422
19422
3983
26869
16277
7289
997
21513
18316
20642
21632
19496
15299
24381
27110
11137
8942
3066
417
6491
8822
312
4958
2276
83
10375
5656
21350
8260
13421
12951
22519
7554
22738
26404
25629
25946
18115
5675
7854
10156
5082
1559
15229
15498
11938
21273
10377
8419
23168
23619
20218
3329
11095
11292
25188
27528
22671
1627
777
8693
25259
8185
5839
5077
22236
11684
24998
8536
23752
26863
15522
15224
10847
10856
10528
13823
505
20003
27062
14304
507
27172
4239
23017
1987
4518
10111
18224
2007
2598
367
22884
26630
7854
22142
8363
9854
3747
15296
9469
23628
15393
16904
18118
2789
12477
25310
9510
6393
27006
13056
3563
15159
26489
20118
24770
6555
5226
4314
10223
25992
19266
10144
5734
4172
7065
10234
12637
15140
13096
20549
11564
22621
11925
4492
26311
16156
26439
6590
23648
27247
21621
19048
26537
24947
5511
9988
15210
20799
1047
9008
1502
9726
13696
3002
25914
8562
1127
21035
25456
11718
12438
11601
12070
27025
6820
25343
6676
27191
25048
3093
20534
8174
25735
22877
22046
1515
17211
16199
18574
