25878
25904
4402
19059
24514
3716
3572
4107
6052
987
21372
2657
15056
16052
9266
24184
22515
24076
15858
26147
16095
15816
18833
9738
8634
5556
3617
2693
6655
13147
4099
9686
1141
17900
24242
17135
6571
4202
326
197
18004
19700
21429
21656
15626
22429
25802
6272
7586
3931
20884
17599
2433
5288
12966
12418
17480
23543
6550
27108
21918
3981
12113
2555
16172
12194
7038
14440
14583
7356
210
24901
14454
26208
10414
24991
18367
10579
16403
16373
24648
3210
27475
27058
27464
23032
27193
19927
3979
13576
25630
27216
10937
4470
20273
5852
7280
25876
13084
14394
22436
22877
12186
19259
10434
13327
15608
1958
6200
13955
27394
21289
4697
18772
19521
9091
13282
13829
19142
20623
16491
6131
23410
20897
26871
26633
22358
24869
8978
9127
22902
12336
24739
18469
16199
26924
25205
26262
8757
7095
14951
19211
11117
20621
24448
4561
16322
8908
14258
24111
9504
1152
1181
3734
9009
14703
7973
371
1559
122
21227
11453
4955
25861
7120
18035
5395
19056
27190
23466
24414
1810
3022
13688
14501
8841
13270
22434
18945
3016
18973
14616
21365
16439
12479
18136
11156
886
4903
13085
20458
3933
14748
23895
23574
17437
2264
1432
23546
24404
25253
15163
5317
13696
25792
9658
1128
11996
6512
20088
179
15117
23573
26414
26356
21839
24554
9993
6514
5455
17844
14000
21775
18663
8997
16131
2499
19667
18528
10478
10567
2877
11264
16660
13076
8968
1149
22408
22150
17157
11570
13042
12230
19079
9773
14208
18395
6537
3078
9838
7147
3468
13205
4838
24175
7115
14114
25002
1297
13993
24807
7535
15269
16948
6467
25008
4943
10763
13307
2698
27337
5210
13340
25447
886
5782
1847
16761
9406
10365
16726
22977
14396
4689
4144
27139
743
3885
3130
27350
16230
23664
16404
10914
6744
1523
12761
9525
3784
23240
4785
13542
9713
4748
20777
14267
11745
2265
23529
17664
7591
18352
1052
2278
187
10132
15333
787
7845
834
664
1742
26827
815
9018
9673
26935
10314
2400
6531
20576
18061
7906
4277
21068
21150
20590
20033
26635
5217
21676
3323
13139
8236
23203
1985
6865
9120
577
9588
25327
15659
15351
24006
18753
22891
10457
9084
25392
18445
5792
9347
26691
3757
17644
15630
5448
4042
7645
3132
14461
22106
24976
21410
8965
25128
13346
24856
10481
2408
19793
16034
2261
25428
5085
6055
13681
20576
1804
24560
13166
1697
17242
6906
824
2906
9742
15798
7121
25141
23164
26908
12609
27048
18611
16794
26214
6621
8284
772
19564
5156
12147
17799
17824
14166
10721
17156
23240
23695
4702
3860
10317
23775
15933
25803
22526
10615
16527
2394
7705
9454
6399
10605
20654
1389
11062
17259
9100
6569
2255
26445
4724
11613
19597
4590
7375
2206
1985
17919
14651
23383
2546
17394
2211
16145
11200
11972
8012
22933
20402
2228
15610
7246
24788
15753
22944
17999
8922
22004
385
15511
13261
18510
19994
14684
5650
23721
18767
21410
11794
22238
18060
7140
19430
9970
1835
20965
3028
15291
2439
18640
17755
15058
24316
16874
9337
5753
23728
15970
17357
5561
12616
18964
6894
9997
2877
6075
18609
2405
21821
11596
7533
6176
22552
1586
6047
25279
213
23751
7919
3470
10411
4191
16511
16498
507
12098
18644
5089
19418
16050
22647
12197
8678
13291
23709
22955
25261
3305
15001
3157
8711
15680
5872
10131
18380
22894
2349
1054
10958
1439
405
11756
16230
8226
8212
18797
16017
3929
26720
3217
5527
13079
24242
16345
4287
3151
20691
26214
6746
1112
17091
14414
22825
9165
1063
10341
26181
23223
11684
26243
8710
430
8889
18394
1712
5487
20487
5710
13875
6078
26123
22692
1884
14935
3050
24866
18298
8632
24255
15760
17391
2121
21840
212
7104
8871
9580
16
19433
6911
15696
24205
17313
10226
5094
2253
1210
20770
14384
19293
12112
18057
26751
9627
26376
25162
8469
24581
7431
17708
11137
593
5789
8948
16681
10092
5551
18753
23165
13569
24643
14401
3899
12485
1918
679
16660
4675
25275
25789
13613
7148
11012
14954
21721
10304
20781
5174
12268
13206
2882
12142
8497
24108
10011
26862
9752
22235
10814
19882
12571
8501
25013
12442
21912
15477
12665
3345
23330
15704
19794
5192
11476
8594
18103
18951
19757
20367
644
4696
24298
4460
6537
15130
6712
1212
12335
3328
13217
23121
3999
7398
16900
7215
14009
15402
12321
9954
4087
26914
5461
281
26797
26466
3087
20874
306
26982
3481
14556
9017
27528
18859
13237
27526
20530
16607
7777
18398
25634
169
17073
16979
25982
8160
3626
25468
3236
20926
22786
15287
17656
3002
17694
23322
5634
16479
2576
19588
1896
15010
18189
23206
5382
15768
8581
2307
1042
6881
4424
518
13144
19775
13045
12595
15007
26596
2607
13313
21560
19934
13648
1657
11922
4324
11465
947
1557
23538
6896
24830
23288
8706
25645
11212
19358
25489
8032
15030
9470
16393
17454
9656
9791
17364
15228
23179
9635
10043
5696
15714
15
2415
26759
10962
23963
12338
13666
7989
9099
16484
9742
4827
27213
2922
25883
11628
42
16511
4369
24319
27466
20933
46
8868
1534
8495
2998
27327
1307
17580
20683
8245
11675
10435
7594
11596
3696
15879
1837
19072
19993
7450
22544
8931
8828
1389
11185
2975
16566
19243
1009
22104
5137
3610
26973
14429
3464
19739
20199
2262
17830
22773
9504
2586
10924
25065
9884
8314
16095
11401
25533
7504
11271
23730
1480
18756
7986
21070
26557
925
10490
9562
530
11157
18043
15993
4623
9662
23630
4894
19521
9642
13050
5784
27171
6774
23090
22170
6418
21037
21659
21783
11097
11553
11048
1050
3701
25578
22990
5054
13762
1905
26988
4702
5358
24678
10786
11336
15790
410
21837
23543
4552
10347
22717
16282
10827
8878
4927
21113
19092
4254
2898
26275
3957
19417
667
15565
10025
27109
19617
12909
23299
19696
17435
7196
21677
10165
23042
8428
15666
17044
21071
18470
11781
1348
10934
3573
24409
14329
24857
23353
17483
9999
11332
24284
12676
3030
22632
19358
5631
3513
7007
20894
7933
9503
12407
18477
8977
5802
2476
777
9763
25895
3583
22888
2832
9545
577
16279
25476
14266
16217
23706
24993
11110
20624
