11297
15054
16786
10489
19028
22095
489
17053
21477
15404
26001
17307
19135
21392
9898
10098
4226
2100
23286
4330
3703
6047
27509
26801
5650
2003
13484
10063
1903
9527
10243
27010
23752
6045
2149
10989
9325
8191
26173
24495
5021
26574
1148
21108
6608
11268
2904
8738
8313
10476
7560
3883
2849
1701
16006
18562
3174
17460
14624
13891
11171
14159
13743
16446
21120
16788
14375
1831
11254
26430
4441
2309
15166
22338
24328
7741
22774
13126
24557
3582
13825
8612
24082
4964
16764
19700
27465
688
9031
1398
26008
5216
23635
20124
9308
2797
12654
20007
22378
319
19535
14246
12105
21746
25161
3182
16136
5801
3114
3165
14678
9279
8795
3378
12027
22210
6423
4362
13399
19835
16919
23063
15422
8566
18350
24928
2668
18570
24368
2118
25593
3188
16183
10252
2913
22248
15863
21884
6733
20288
25490
16908
5234
14269
18359
8986
2276
10037
24872
19426
15923
11179
23223
26921
12349
22307
19340
8886
2473
17151
23493
2282
20427
25079
23883
19775
8302
2345
16990
16506
14103
26429
21404
17160
949
22795
16757
16168
25476
10857
10844
15283
20612
293
13238
11326
27044
24667
16821
7534
12911
23870
8979
16125
3273
9787
16401
11237
12253
17290
2780
3930
5916
15725
11053
21752
21895
20700
26940
15900
26369
10130
17358
8598
21356
27479
16853
15402
19956
9139
8579
20972
4942
22818
9806
11600
21676
21336
23818
2914
2298
17201
24199
19219
11979
16569
19872
14302
20074
10438
525
2364
22494
6413
27304
8291
20272
26031
26494
18623
11153
4091
12565
10039
19077
26584
16516
27300
401
17437
20254
5709
23203
5220
26252
17640
12902
14278
7816
7246
1460
20720
23421
18088
5465
15076
15579
24822
1940
23434
10323
17059
15406
23602
382
19551
5521
26551
2491
10473
4353
19641
14366
14845
16527
19357
13692
8088
3106
8832
5277
12702
10109
15061
2599
19882
2095
3083
2700
13279
12969
13361
25173
7167
13450
4394
11601
2799
22365
2670
25048
20895
6636
16472
13847
20263
10196
9912
8104
15011
10891
11716
5502
18153
1122
6163
2445
19246
25319
26263
10809
8227
20591
1250
10252
13219
26767
17529
3959
5154
23459
1263
22066
8351
27451
8799
20884
5170
19766
11679
2606
4925
20794
11660
25065
5724
26697
16281
23664
15649
6833
5353
13840
25141
433
590
4161
5127
15480
4018
3195
24608
15994
11018
11027
6352
20927
7024
9939
8740
23548
27312
15014
16914
18296
23714
779
2787
2245
19383
18933
3750
22106
19117
14358
15839
11111
24399
10014
7661
25872
23153
2628
18148
3277
24542
406
20323
460
24773
4177
7760
14148
18144
26409
17637
26905
15666
16370
7759
26936
17420
24143
1840
22909
1231
23459
15224
770
21584
6898
6176
22082
11432
6475
5128
12489
26350
3977
2407
23268
26723
22064
836
12261
21241
14266
23700
17913
9027
6537
27467
5855
14235
6198
17132
9259
20184
1810
3820
2551
24851
26641
21902
24096
9824
17336
23930
3530
21212
10770
7055
5656
11879
17186
20320
17394
24318
24653
21849
2445
26863
21190
11437
12046
20277
21967
26773
22050
1898
13348
9096
5577
20611
4662
204
21839
19477
12916
14253
15564
3778
14066
9670
16748
1814
15861
1158
21744
20473
16821
25062
9611
17136
19629
10066
18153
6467
8504
18282
9805
330
26451
8665
24754
5489
13913
5317
26772
25100
10308
17085
7405
26679
23816
24947
16691
4648
2265
16506
4677
19081
17917
5396
7735
13631
1049
22528
19421
20533
8495
5084
13549
14249
20295
7847
19736
15998
6326
17519
8738
12805
7928
7149
20493
17801
9391
8904
964
11403
16817
22553
12141
17033
25429
14033
15949
24907
17341
26892
21105
25679
712
109
1949
14337
2276
20658
1013
26355
9698
16763
9285
5185
23335
1123
4349
23992
8507
23176
11167
9636
8128
26395
16372
25516
17836
11188
15795
26080
9080
16423
16536
3217
24476
2736
16667
22263
12261
22931
2994
24217
23773
16973
15774
20339
17490
14296
8155
17009
4782
7511
13942
8131
22347
1877
10130
19033
10268
4712
11986
13895
25630
12000
10989
5692
10237
1537
25955
17139
6591
11620
22842
15220
18085
23551
19961
10128
22603
10639
10258
15477
27311
6432
14167
22852
19963
3485
27548
2694
2204
1376
21331
2869
4178
26837
5473
14308
1652
20187
10333
7271
27131
12584
19859
27072
21620
9000
16123
3991
18396
18977
5395
1405
13195
456
9173
25233
6135
18170
16811
14549
5686
15001
26746
2641
13854
17476
18009
19342
27360
9212
20245
17502
23256
17428
818
14099
18409
15855
23670
21824
12529
19356
13558
10941
7426
23984
612
19935
25339
17203
15783
6864
22087
712
17893
589
22125
26694
26241
18975
13216
8178
7311
5710
26739
14717
13887
21209
14993
10211
5596
10193
22274
10650
8309
6662
18310
11237
12070
13013
3321
222
19814
25292
6432
13671
6063
17522
26709
14288
264
4612
7635
17326
9660
9164
3670
11358
9075
20028
15972
10557
9804
19233
2473
18636
25623
9461
6625
22478
24148
20791
19800
23671
16669
20394
15001
6381
7716
27058
1047
281
12259
20817
16520
6675
20148
19552
2597
7457
9718
16321
18849
695
14185
22711
4669
12853
15173
3171
3040
14334
465
22435
21535
17751
14193
11221
24429
7176
14704
11718
14194
17820
16254
26068
22683
25772
14663
8869
15148
11307
6898
17893
19505
6623
23692
5885
9567
18375
13278
14423
3207
23285
8984
7809
5263
26678
5358
10486
5642
16345
8272
12731
17676
19666
7305
11886
13015
1016
16685
25933
23652
138
14673
2594
20551
1073
22698
6231
11816
8569
5670
19624
4196
26596
11612
21152
4632
9637
8987
8252
9593
16662
15137
2799
3188
24435
16054
20841
15988
10722
22042
2965
24573
20882
26181
27003
25727
556
17881
17826
8426
9840
11752
18358
27531
7156
1031
12255
4845
19519
17414
446
8698
5824
4800
12789
5227
26231
2891
27438
6465
14118
5332
25921
7913
18044
5070
25595
10241
10298
10142
10639
15892
1715
22411
22159
6295
16243
26781
10977
13966
16064
23628
11747
22235
21645
23124
11430
19909
20968
21634
1283
6020
1787
13040
4678
16423
17016
4447
25654
26574
10752
21775
17762
5362
10820
8367
12849
3161
27526
6176
4563
11035
17513
22948
7839
