17714
421
21526
3180
19535
7682
11293
21880
15153
22433
14947
4101
3081
17883
3417
6801
2293
12819
15391
25393
21690
23148
16299
2575
5891
12615
4397
9271
20350
9409
3112
183
110
21911
10785
24050
9610
21480
14229
3214
24215
25245
8955
26854
15671
16671
6335
17586
4893
12315
8118
25439
22071
2473
19416
925
15051
8607
12101
25418
19556
16373
23237
12269
23216
14518
7057
5342
4540
10806
4931
5498
20924
24030
22134
21486
19875
22564
27320
14133
12694
17711
19472
7708
8229
11285
16736
10668
7569
25991
21169
15458
2123
18615
19889
9544
17636
13659
3257
10031
649
21040
12371
21442
16625
24426
26306
22285
14065
88
24243
24808
26466
11122
9824
13853
10793
7897
19687
7020
27373
20396
17046
23636
17661
9000
17165
14972
5547
16102
26453
21993
5591
23889
24194
12327
16962
3492
27192
19413
13378
13466
12166
7672
26064
6585
4874
19138
24581
19341
25225
18900
14280
17674
8616
13635
9599
22864
8511
26586
21217
22351
3394
18321
26184
10068
11715
24542
10715
25672
16615
22409
4064
10188
20290
2326
19054
21630
11216
17952
11755
1643
8491
799
13102
26143
23725
25373
9782
11127
19585
23389
9890
6040
6003
10517
24501
10635
6284
17210
3204
18114
1289
26757
4625
11939
15281
466
24179
25135
15117
26186
11283
26976
11928
24521
11333
11911
3763
23518
15225
12767
652
22386
21291
5998
23517
1142
13787
1524
23734
22944
26885
7957
3351
14744
17652
703
17656
21082
15826
8860
825
11146
4783
7865
6165
25051
9610
22990
24179
10907
4806
4434
23093
23634
16039
1769
25781
1113
23966
14166
6499
10693
23510
14266
5839
14633
23558
7412
1007
8847
25535
17417
18805
14449
23224
12599
3215
10672
5131
187
9789
25208
6605
611
4470
11477
43
18879
24779
1887
7932
18835
6235
9185
15035
16077
20276
24950
26854
17925
26927
22986
25398
25439
25587
24473
21821
26864
1266
22684
27439
13785
7120
11117
25061
12817
17578
14130
7198
18644
13287
24541
4566
13506
2692
7335
22845
24024
8172
7016
24552
27531
10838
3486
14253
6487
7211
22755
23334
15880
26808
14920
3532
13639
23033
17238
12494
12567
26084
18176
27057
13903
18869
14395
26291
2422
20079
7052
7197
18158
18432
5770
18212
9612
13293
5268
20574
11558
25729
4144
22093
10464
1432
8692
5743
8836
20512
3294
9135
25968
8561
21749
16212
6285
13960
23718
18443
2063
15852
11817
398
1212
4218
10971
12421
26183
11627
12911
25366
11858
9281
20356
10237
24987
25183
9676
799
2766
13928
22730
15969
16018
998
24842
1204
6412
13398
15917
24653
22839
26723
20972
1294
13998
16041
13791
22856
355
1188
12977
20799
13427
19020
14068
11769
8618
15226
10636
7595
199
15653
2597
2145
23362
7719
2122
7218
11596
20441
18293
20767
11489
6292
14797
12063
19812
26489
16084
5547
9279
13648
26236
8227
2795
4919
10763
15160
14254
21012
3329
17110
2473
24773
1004
17494
18702
12771
24510
19881
10670
3482
1268
26418
4613
4790
21147
826
1113
17126
18510
17263
25735
1093
15156
12219
8968
17021
26530
20211
20641
26508
10561
2561
18270
10945
10920
4718
5532
7240
2881
26230
2909
18007
11601
13611
10402
6283
18383
24004
21305
15160
21411
11197
23153
8026
21955
6706
434
7223
16174
26995
6095
11932
12234
6423
7911
2267
23978
26045
7521
5278
26596
191
20341
24845
3050
11979
8969
22923
787
12141
5801
3616
12122
5823
16925
16219
9980
8410
3117
21033
700
4985
76
24372
4034
21559
18121
2737
22856
25286
9108
26825
22909
27521
13067
6428
18454
3087
23210
176
559
10431
25006
21007
19112
1186
21505
27562
4254
18447
3013
16309
3450
24678
26706
19254
16763
23854
7731
24608
3595
14352
3779
20009
2447
8112
11105
4091
15719
2201
15128
20681
228
6297
5043
3832
18886
19439
22097
3449
7294
16610
9618
6188
15880
4066
11990
13698
798
6888
3926
13985
1813
15255
6873
1618
23321
417
25817
16296
1593
9577
9236
16811
23245
26358
23741
17238
7402
25323
12739
9228
5854
23884
1183
23637
26313
8527
1116
18639
24024
26444
25387
15299
7726
23988
6291
26938
1871
25935
19108
6931
6719
22522
4087
7451
1677
410
19920
5779
16032
2821
18628
10272
16921
13760
7889
7705
20942
22091
26708
23541
3947
26523
3237
21821
1879
21220
18882
23486
205
4865
17986
12480
7385
6910
21183
8730
13402
12887
5898
15004
10364
26570
27311
9688
9617
20758
20533
27027
5345
3740
462
24207
21067
24033
17141
23404
15923
8713
19752
14383
21297
27532
16074
9639
3929
131
926
12242
26811
942
24574
637
13903
18736
9714
10945
15140
7922
27369
7674
14968
16040
10369
26134
26421
6707
16277
17553
24466
15814
13075
24806
12122
13974
18049
6581
19072
9972
3041
22729
15852
11767
17820
24273
12658
9845
9894
14091
13780
3702
10270
6750
18603
16377
3844
13524
19722
15477
8735
4046
17647
20561
19495
14528
23033
19456
13628
9122
24856
1927
24002
1003
3250
18937
10915
25574
19307
5178
2700
9346
25322
17353
2112
8946
173
13722
3694
2594
19530
13724
22696
980
22997
2598
936
4908
18937
9682
16180
22693
16995
25669
5969
9418
25400
9999
19916
2182
3376
9731
12779
23906
9137
7626
20021
24534
4699
12549
1517
5405
25304
3685
10360
20865
10026
5917
1033
4615
21495
7018
10166
18459
9341
15854
7981
2451
15336
15050
1434
24300
25728
1255
2950
22823
23947
26810
25535
5058
7783
24400
20500
21936
23155
19856
5103
13347
18876
22430
7341
8213
15682
1525
14784
10781
21782
9431
21499
20720
6197
14034
16927
3371
20696
26719
24397
3417
24624
1794
12350
2652
21431
7237
27437
13040
1319
22993
18967
26092
8938
26457
9298
2579
5579
2916
10471
4724
23198
23069
7326
4174
1212
4514
21854
21430
3345
19278
22137
15173
481
11134
4258
10154
20209
2445
24169
6290
24991
11333
23931
25263
17356
8044
24452
17993
9927
12882
19010
22294
22869
10725
7950
17738
17799
11333
22498
2292
24696
10191
27192
13849
21369
14638
4359
23389
25683
16782
19019
14045
5025
3013
11363
22871
16697
23421
3515
20781
19658
12763
25865
26095
25204
15901
22458
13032
11717
