2234
11996
24213
4362
4343
6002
2780
638
14460
13760
22913
19711
13121
4503
1280
996
23666
18668
1075
13395
9178
5878
25693
1835
26921
17394
15925
23963
23422
8998
8622
11941
5693
10396
26014
25509
18252
7326
17230
20573
22783
22839
10835
15920
11531
1361
23568
14987
13750
15785
24255
15441
17071
18623
25456
4196
1856
19118
18936
17911
16171
16793
17405
2602
3172
27255
3997
13021
19698
23982
4535
7289
6517
5111
26446
2663
82
6954
5658
24610
10099
24170
20882
17071
16015
17739
9835
2473
11333
2246
5816
14532
8396
23195
18511
16623
8497
1363
7871
24092
24559
25909
25771
26554
8114
418
15470
14770
16136
11590
17707
11179
4953
7384
98
1723
8159
12982
4760
7915
603
23608
6328
12111
4362
3988
22395
27360
10975
23499
12237
18875
11616
5753
15851
12505
23356
5828
17071
12754
25410
5897
16573
24733
23293
24191
5220
23955
6909
6016
23407
4307
7092
13655
11933
27521
6721
19335
11003
16186
9628
8253
7647
19657
11704
22678
2618
11485
15014
21729
6269
17253
27208
21414
18623
1837
2881
24664
6820
4195
10716
13962
2916
18994
6238
24172
16164
25830
20531
12002
22224
1735
15437
6754
14025
8704
18673
6710
25732
24223
9444
23446
23023
5388
10285
16397
2799
19754
525
22200
11904
24717
15710
6625
18675
15215
11979
2574
19152
15372
25943
5661
5731
3753
21550
8287
18442
7662
25373
10769
5158
8588
24179
2882
13329
19233
2372
23843
2908
11826
1625
15086
5486
2581
21117
1221
22622
26547
18904
19475
5868
22978
3151
7705
26779
763
12217
25315
12707
10800
8322
23568
11161
6069
27410
6659
26744
13489
15181
13980
16346
8753
17866
14366
11302
725
17240
3321
1636
7130
25046
2314
15452
6809
16494
6088
6560
20214
16974
21539
16892
1650
27292
4636
16468
16745
8218
8731
23465
20298
10963
6320
22319
7365
9833
26195
14261
22141
9278
1842
20691
11751
10442
10574
23665
12289
13716
2119
24903
27259
7336
26946
14387
8771
9639
9359
10896
19141
2951
16041
10476
13698
10137
6906
218
9949
26474
17986
23635
150
27472
1436
7036
9203
13068
18055
18520
11838
20612
11955
11193
11174
11711
25946
24961
26695
12349
14806
15309
26619
25995
6560
23756
11354
24534
291
18830
7338
8073
12237
5962
20220
18957
22469
11189
15980
204
20561
19401
19421
7601
17953
4336
16168
5599
2152
14748
19146
16763
418
1442
21544
6854
24818
21669
12291
25493
20123
25269
25496
9731
27502
19954
23976
1794
22934
26937
15988
16042
15678
18706
24439
6281
23585
26205
3118
26955
26897
2968
19914
13070
14379
23215
20694
10691
25940
21102
10071
6362
26116
9109
13445
21104
371
8261
24780
554
2713
2488
3608
10778
9870
8222
7306
7202
9072
6121
22750
20598
15832
25538
22466
26765
6513
726
1815
16218
4339
2530
15953
21323
8656
23569
21238
13706
10159
514
18806
23579
12722
20240
5029
10167
26499
3176
1111
434
8979
12849
13672
24472
11430
5092
7026
11965
14372
13978
18668
5978
21758
2425
26614
4214
21255
14746
27502
23091
11217
3886
9845
2275
4043
11609
9922
5139
8921
19047
13567
12166
15206
1531
19397
6678
17291
9806
2754
2974
2860
24591
3222
19804
11254
18597
20701
7472
11649
10862
25291
18154
12989
20167
23902
27218
17763
14443
4173
2024
11236
2381
2866
23261
21803
3838
24319
8114
2051
6675
16427
12567
6373
24911
24220
2371
1240
367
13422
15663
11498
6232
21794
11716
19471
8762
1442
16147
21499
12467
19488
8213
19147
4659
5261
22957
17117
10473
15806
6652
19762
2955
11333
11612
20362
25419
2270
26086
21270
18790
13633
24752
1957
6285
603
18919
2877
13733
10889
27437
9378
12048
25212
13985
13789
15529
13062
21927
6782
20712
11492
7061
12989
15816
27093
12706
19881
10860
12271
23349
19088
18214
20404
13447
22022
627
3707
11799
4745
23605
11883
24841
23872
12945
15248
26608
23843
15557
4285
325
23993
821
10827
5328
532
2314
4674
23167
1934
26743
2819
10500
9442
19944
202
157
12018
2329
9642
21046
14210
434
17644
21063
11512
22819
13083
22175
23605
17011
27250
6062
246
19148
18822
15232
27143
13038
23420
8934
24550
14814
12322
7465
11407
10511
11815
814
8632
14904
655
20480
2164
3834
20083
22848
14988
2440
12674
24431
14784
1960
12523
13451
23145
263
19148
9300
18745
11055
13989
23987
13909
26619
23567
17814
4016
13004
14746
1136
8869
15794
7690
23049
9905
2049
14353
2751
11605
6371
18009
18692
2445
15844
6101
2580
4006
5363
25276
3817
1960
443
6834
12333
11601
17000
8971
2304
25780
3471
8224
2201
5871
24540
24696
27221
18981
2930
7534
4099
1540
4700
19217
12754
25527
17132
8687
9415
17857
2510
22200
11887
10161
19209
7693
2622
19127
15635
6914
17731
18052
5604
15229
13557
16299
7104
7529
7830
477
20072
12559
22248
7109
4520
2220
20925
2131
8214
24928
18301
18089
27283
16863
22856
3222
25697
20325
7375
13415
23795
20231
23015
13667
920
24703
15026
6897
4309
21451
19290
13369
26953
6579
15751
17390
2441
18159
21060
4357
20290
10582
4226
16703
12171
2035
789
13794
12287
21195
1950
16497
21090
15336
24699
13350
7695
19042
4966
23521
20446
3827
1837
481
16333
10987
10626
11125
8046
14607
12201
2314
18906
18113
11823
12027
3702
27028
13214
479
13675
17657
18865
19530
25204
11818
15600
2230
17261
14192
16879
9370
436
16278
19498
3708
14350
15039
2979
6222
602
25794
2905
19776
1969
24083
25696
6773
24361
20492
11848
3358
2064
2067
20125
21551
21617
4401
3870
7782
3874
17995
22155
14367
2351
19936
16730
15992
20885
6933
11837
6181
22746
16232
18790
21825
25607
20865
26692
20955
24430
3990
17856
15125
12383
14858
10646
10798
26718
7309
18712
15514
20892
9724
23365
2923
293
1936
15989
24449
4969
25633
12277
26491
9967
18393
7025
7948
10931
11778
8690
2314
8079
10861
5603
14385
18602
17344
719
14947
26691
2805
18549
23669
4175
864
23960
8580
17172
22922
27141
17616
10836
19774
18877
5476
10590
2439
21163
28
14795
17308
12538
2448
15771
25429
4351
16814
20123
6283
2753
26778
19407
9141
