19449
6201
7044
25658
23889
7143
22532
11599
3051
12470
18158
19314
4954
12877
20197
26421
23249
7500
27462
8302
26999
11458
27509
716
12429
22792
5007
6184
27251
27355
9062
16151
8865
12972
8383
16774
9713
1548
16418
358
2625
10510
10561
23692
9325
5934
15663
4340
13983
1735
12182
13507
12642
20643
24586
20764
22144
18332
9580
896
21323
5499
19233
18606
2983
17578
10360
20677
10987
20300
18753
10216
1829
6784
9665
2116
9683
4723
5617
2868
6651
11599
18911
17729
22454
10519
17982
6619
14352
21955
18800
8260
24785
3440
14338
2871
14317
12369
6113
8713
20111
26805
16395
15948
3295
9562
1187
20562
18697
10478
24614
3095
528
9211
19944
28
12356
9218
3557
1339
26032
24613
675
18176
19384
13088
5614
22924
2145
23998
14358
18157
27541
7224
16970
2366
19699
23247
1946
11054
4439
3870
9822
4510
22073
448
8998
25754
16555
11374
9699
19500
5730
5125
24614
26260
10798
20202
5387
12533
19313
50
12051
17989
28
27069
23925
21001
1538
21492
1985
7840
11506
21710
17920
19993
3595
3548
22320
24826
12267
2313
19789
3731
6421
27249
4612
1843
12859
13801
20309
9339
14086
9993
3005
5619
20255
1032
13031
19301
18133
7009
160
25524
27259
20946
17744
2152
18668
345
2925
13709
6471
959
4335
6071
4973
10880
22738
10509
23002
13084
15598
16955
21838
1425
9582
3268
17760
10626
6432
23279
622
1861
16692
15884
23888
21978
20657
19808
6915
15091
1254
19585
17859
274
23222
11410
11295
15572
16869
18989
15393
26965
23882
25205
12581
27092
17041
3265
19676
17389
698
18372
21274
19936
23081
24823
15075
19302
12151
23049
17223
23538
19533
23990
11395
12012
23251
831
8735
16103
2406
17428
5566
18077
21877
25218
12251
8762
3633
24810
2187
6217
6046
3957
23188
6827
3756
80
26762
15304
16836
9749
12895
17161
18684
17328
26623
14913
7430
14719
12208
10267
4270
9689
3932
19724
10539
10333
6757
14992
23508
21599
15336
22856
10361
11920
8551
20761
10101
9357
295
6860
17949
5668
342
19152
12139
1671
25252
24023
6836
24269
2645
14006
675
23794
2658
15539
650
22393
9625
14972
11375
6619
25057
13081
12136
26752
6468
19873
27531
15027
1886
2421
7665
26285
3411
26637
1493
7020
1329
18153
14352
13894
26090
23775
25029
25123
25970
23497
5251
20150
1875
1826
17714
23222
22070
472
13496
7649
24309
22862
261
26497
15430
19127
10305
7439
21420
20676
7303
18575
1641
18601
9583
6935
576
25772
15131
23360
16052
14499
2683
10460
3294
15660
11500
15879
7729
2792
19614
26195
1678
10207
17312
17132
23925
615
5784
1274
14129
10699
11906
4598
16965
14415
2354
25116
17900
10802
15418
24921
9181
23309
19702
16393
876
1684
16651
12258
11273
2380
250
10280
22859
19618
6377
19560
22551
8902
2972
24854
4652
19624
3234
11562
2329
13860
12859
15502
3164
1254
14545
22857
9477
15527
1135
13977
14553
12546
25823
5172
7190
22308
20605
2438
8181
17128
9694
23295
19227
3514
6960
24193
8240
4206
10695
1642
15080
24221
24906
10106
18989
6074
11671
123
27177
8064
4731
22881
19997
4505
6997
9996
19622
10447
9620
2326
26245
25197
15288
13279
10959
7049
11407
10630
21003
1366
4345
22697
24921
7731
16904
9035
2566
25921
9371
16052
222
958
19372
20473
25228
9078
11856
25257
5244
23997
11064
18294
6614
22681
17002
3366
24987
15016
26942
2303
23291
26155
22381
15334
21114
18816
999
18058
25100
22356
24898
631
19818
26341
25608
7189
13333
17343
25969
24520
2134
1437
643
12366
13796
7880
377
15569
4463
4903
18367
16942
12828
24431
13085
2512
24108
25094
25364
22109
7664
20864
24652
9023
13174
1858
23582
9558
3861
4916
1669
17525
7071
27088
11478
23605
23600
14713
21716
10485
24729
24002
6961
6384
13712
4410
6792
7373
8654
20263
16362
6400
19503
11926
7726
23849
9507
6326
13453
19711
6183
567
23770
5675
14998
15225
25004
4524
11972
21741
14616
8406
21482
14506
26624
6451
7403
8420
13664
2839
18010
6768
2367
9727
19236
2395
5442
13183
20768
13601
5652
26982
14920
19878
22662
17642
23229
10094
9423
9402
18572
18939
4394
25985
1224
12147
11295
10323
12361
4133
26885
10763
666
960
15829
22917
4220
12602
7998
1186
19416
18775
2146
9000
17364
5584
5646
26483
9899
7173
15836
13772
24530
16103
1619
14699
19674
18486
24869
18361
3546
8200
21697
12141
12842
18959
18520
4560
9619
23878
25309
982
20983
7225
12819
4800
22846
7540
8213
19944
24615
21002
1328
25982
2602
26067
26973
1240
18972
4932
22381
14264
5122
14289
6891
17743
11863
24138
15891
25903
8567
18300
220
19256
17631
1209
17237
26431
20658
27167
3042
59
16969
1367
11402
24704
25503
5007
9835
7974
4607
11690
53
23242
11430
6333
1714
4693
16253
296
8752
12020
7818
14075
24090
3852
22038
1608
24892
19596
8842
8536
21876
11787
1094
19643
19379
1735
17390
22900
11376
9074
27559
26925
22293
22560
23921
11190
2448
5079
23128
17511
19250
5308
10964
17487
4245
20119
11295
1376
2305
15378
4941
15077
21656
1188
27382
10963
10256
15586
24468
18097
3655
11032
18549
1709
13652
7896
6861
26378
3953
15110
8420
12758
2076
15807
12463
26323
11795
25080
21120
15922
13682
6354
25099
14489
5169
4362
18678
6518
10214
23782
6283
10182
5425
12349
23414
7106
17859
6045
21201
1005
20042
7031
2379
8693
25448
552
18218
2458
20935
18709
1884
12670
4216
27511
8705
26457
15599
7798
18366
16517
16770
18940
395
8762
27056
18724
6504
840
18811
4041
7634
21532
2881
24823
21288
23073
18693
26229
6038
8836
14068
17311
26182
26425
5020
16312
25172
14416
7734
15990
12327
5433
474
16987
4310
385
19753
19811
5971
17287
6227
3825
4784
14841
25442
7842
6309
20063
26250
2424
24501
4252
14541
7858
20563
23862
22786
6190
25562
7942
13291
19713
27265
7382
11587
7528
25853
23993
2044
12712
11663
12565
1311
364
21588
2589
5232
14784
26781
20706
27071
15495
24499
22495
6818
3830
10814
208
11601
19576
7090
694
16681
22366
10835
10614
19235
14418
