24349
452
5147
19656
7504
17627
3909
9167
9320
9300
1597
15626
3215
169
27194
26235
7548
21075
11858
6050
6112
16519
15862
24280
10081
17134
22571
25540
18969
18514
6746
15156
12722
11366
6426
5699
16283
273
7531
9761
2140
11289
8329
3892
12061
12175
14077
26025
5217
5859
3547
5627
23003
15561
17947
22498
22095
9957
13254
17059
24927
11717
3523
12293
17596
2905
1376
12948
19291
18073
9357
15919
27183
1007
25855
1207
16307
21410
16584
11663
20745
3798
4532
6950
9990
1310
19219
5714
1216
6940
454
19254
9057
15603
852
9497
1138
7568
12020
3955
8070
7028
3020
10308
16791
8863
23642
22058
19285
12957
4232
15140
10607
23704
11506
12337
1125
1286
3753
12206
13511
8821
8639
15518
19207
22873
4466
17944
22636
18809
5713
307
10759
13883
12680
8904
17595
21836
23317
7142
5191
11296
18407
1635
23083
18775
19905
3434
14937
21379
25397
11913
26960
3358
15298
11309
2661
27398
13006
25827
17197
23329
21317
15926
2677
603
14292
4041
23403
21684
6724
17027
9561
15662
26226
16145
21929
17660
19536
23275
16160
19366
1166
16874
5043
23323
16404
10256
1267
14848
4451
17843
3325
5910
9901
2590
25780
25671
6537
13254
18689
25928
1941
18539
4873
8675
24163
17888
19085
600
21905
3779
16940
4833
24743
1076
1569
17803
21603
21054
26502
25702
19165
9609
24860
2391
17763
11848
9599
50
12382
25032
7353
8198
21858
24651
10741
9852
25293
8991
2546
1327
19619
2476
21190
21833
23642
13109
19360
12859
17177
10586
9088
14398
9935
9409
14006
5280
13934
634
16436
9227
11701
17892
25065
11821
25887
23086
21295
21000
15169
16853
26816
26179
26860
27498
8088
9784
26376
10675
9127
4851
24646
20072
7360
58
21610
1114
7504
5673
18069
7312
16474
13841
6148
17613
25945
16443
16857
18455
801
4920
11094
17866
26102
15151
27072
19693
2313
24316
11642
25148
4636
11098
3140
5952
304
16762
2993
8302
25460
22608
4148
16908
19100
27135
26188
1309
2207
15564
14405
3486
3990
396
3718
17389
23132
5344
17186
13024
15954
24418
8021
22469
9092
12426
22974
25905
8308
2270
22687
10717
26556
25273
16079
17739
24358
16003
11004
2949
16121
12579
18511
13682
25980
17078
21807
11773
12080
25973
5265
16748
1218
7231
18080
18473
18303
17666
26765
775
22418
26074
27126
12337
18773
6385
6749
7491
11
4
20900
11143
6383
22707
21318
15837
22051
15150
22413
8058
24305
22097
2581
16167
5926
2603
4723
1549
5025
11562
20285
17199
26742
12591
8222
1959
11333
24752
4810
9582
25457
22346
25852
26930
21420
5453
7381
23592
19963
222
10110
5228
4709
21448
2882
7193
826
14891
25153
16542
15467
1083
12091
18303
17593
2422
6130
10389
20086
19727
5962
24439
9418
10952
6518
24273
13877
7235
26268
6330
20049
18428
20114
15530
7199
18040
10762
3849
1072
16396
17230
19337
6461
23282
15093
8083
487
21198
3228
5833
9295
11848
2084
20780
17018
3999
16176
2885
8554
14720
26383
14440
27384
11081
12464
21374
22994
13114
13652
22472
11642
15356
1922
5017
6447
14308
14118
24636
25965
9944
14249
16597
26025
8535
15052
20775
27145
12610
23861
1895
7484
7284
12792
606
22333
23055
21997
19150
26381
17825
18060
25925
736
17275
11068
18445
25034
26574
21367
21345
7477
10990
6201
17202
15508
24413
536
4727
5739
1736
22595
12693
1473
14745
3778
582
25048
11849
12452
22010
8048
8446
24845
2257
186
22151
2249
10416
6368
26929
12240
315
24253
3454
16057
24827
15988
20945
4330
4344
4696
20722
20171
5466
1409
15874
11512
18392
26232
10102
16453
1687
1383
2910
25219
6521
15298
3952
18351
12783
885
13356
25109
9695
24660
13123
5348
16324
5297
1585
3619
14602
22742
9115
3016
18837
549
4579
13153
2771
14645
10134
4733
19698
857
18252
22501
25876
12725
11032
9303
17673
18597
10153
9329
12569
6339
5911
870
27072
3277
10030
6264
15937
6940
27563
11201
18703
14832
7393
23828
18324
21551
4237
11215
8063
15052
12526
24938
8022
24913
9854
10720
5626
16666
4363
6007
16858
5129
11646
18500
4684
17342
3350
17101
25901
5131
27535
2091
25526
12800
16215
18675
11578
23737
11328
9287
13205
23635
9678
11267
12676
14245
1409
23304
830
13480
14240
13970
12547
26925
18410
20483
27110
4487
12770
23178
6856
6135
2616
26792
9953
23482
6112
14271
8989
15205
792
15490
14472
23268
22782
5065
14708
3608
11206
11731
25755
22946
27444
3949
2845
7022
1426
23036
1321
11957
17629
3076
16241
13554
6766
20079
15401
7461
26527
7476
7635
9778
26908
2382
20843
18651
4014
8523
26018
3347
27187
3169
3912
20628
22027
13520
26836
16714
353
25262
24926
13485
12548
22385
27123
2470
11648
26827
3182
9799
22475
15218
22917
20300
14874
1009
3897
25535
1089
24227
7700
20636
26174
836
11884
8489
7733
19062
97
16325
17940
7550
11240
26153
6861
6123
7548
26765
26898
1796
22742
6207
21964
21202
7653
24811
24095
26641
99
9412
14309
17463
18999
25831
18424
19212
6030
19113
23447
2870
9999
10892
14871
20934
8130
15550
6770
6409
24133
10228
3887
12063
11863
26786
21293
3312
12482
14202
22461
25189
13962
21766
21828
25389
8866
3464
1531
17372
9991
10149
23758
15096
11619
19560
6499
11369
2406
21465
342
25175
5584
10217
6351
21597
1938
2891
27008
8083
15332
6183
9073
26797
5197
4469
883
10955
665
5983
11226
13207
9947
5855
16930
586
26875
687
10741
14520
3599
934
27055
16389
1406
15760
23587
6658
14981
11553
37
6233
14426
17460
7949
6125
11690
6609
10105
3936
5124
12020
2539
3910
27304
16606
6360
15544
9843
11538
20499
27370
14411
9916
8071
16754
23244
8152
17968
20389
14302
18340
3003
3975
16340
10750
12920
24890
2072
26903
17843
25024
1040
4362
1113
20844
12099
24537
7256
1667
23265
12898
7660
24543
24928
18424
20743
1900
16630
17071
6500
2294
4402
5564
15033
8923
19374
11996
10902
16628
10210
21891
22372
12831
14618
14754
26536
13977
23354
2538
7259
3406
4183
1709
8324
2974
2244
4671
2533
1310
660
7843
20553
4733
17527
