27487
25141
15804
25817
15074
11927
25294
10213
23726
3797
1538
20028
9797
415
19484
26924
15837
17641
25818
372
15270
4345
19062
18192
3412
2022
7543
27462
24955
12801
2489
12080
5753
15758
26672
3916
26427
25480
8441
23631
26537
14416
15995
20054
17022
12429
22140
1076
3940
1212
24153
3464
16971
2493
6225
21554
26635
26767
5950
3145
23712
8010
6920
18428
25817
20602
25156
22307
7398
22456
24697
26781
11913
19864
6853
26566
14389
26830
20294
6433
11494
21524
6450
13295
7999
16141
12517
3479
7684
12048
2885
3625
15092
11207
13439
25310
8981
3322
21956
10929
4870
24620
25569
18786
15934
1860
19889
7557
18680
18291
20237
1683
3004
4033
17764
20902
10839
18250
23719
1011
3137
16716
1338
23317
1943
14326
2897
270
19671
3968
812
20737
16236
18383
11569
16455
11874
22951
26381
26461
25765
21414
1210
10077
11514
23610
2288
9316
10803
4168
13215
16277
14926
24051
6637
649
23078
22353
23506
9662
10311
20855
18534
22243
2074
16648
5965
6686
11425
23404
22343
17957
1881
23295
2310
13440
14115
12356
18568
20673
19600
1314
23014
24084
23465
25496
15639
12340
1655
21048
6309
10880
17174
15086
481
12139
24954
23298
6632
27339
12007
255
10409
8562
13663
23200
27007
21246
20963
13707
10582
3329
27115
22525
23163
6571
24216
19379
17535
15757
11506
22283
11204
4068
26151
21293
9015
2414
15101
19080
19952
17513
26435
6111
14109
3962
7771
23320
25183
23608
23189
10343
3582
17542
16317
11165
26514
10962
26380
16262
2497
26531
4839
9220
9016
12955
22836
24358
17364
5385
13749
25554
13951
7380
2125
2233
18998
509
484
15237
3717
3863
20590
8481
22562
654
18828
11578
593
16687
2638
19949
15854
24961
18402
22918
8036
11488
8015
19191
24351
4786
461
7481
11417
20211
10714
6653
16723
14197
22176
25603
13028
12989
14024
4361
18948
10368
11250
20880
10558
4431
5829
15510
1946
17940
17829
23073
21185
18714
25384
23734
27050
25018
23878
1100
17307
1794
12105
5356
4309
2740
7742
7020
22587
7540
18070
2415
21102
24703
5028
5503
10176
11851
13856
23517
9954
10790
24541
10779
5237
10979
1171
20104
3479
27473
10321
8978
23721
21279
27261
21524
1095
21329
11662
11817
23588
23849
2305
5807
842
25055
18685
13701
27019
8415
15205
4592
185
5724
16288
23035
23534
6040
10463
12073
12247
18039
5846
3543
1212
2052
8571
24081
12683
18364
24979
11264
6778
1964
23174
8859
20817
13119
16579
1461
15844
4842
23311
23274
20774
2815
3778
24676
2394
5372
23416
3750
18170
14153
6464
1844
15403
24843
19729
6283
12862
17096
27244
9617
13403
15403
10724
26569
10929
4290
322
23940
7162
13489
15986
8110
6370
14234
6106
19281
6336
544
19639
6916
9232
15071
18102
1888
8967
665
18991
14604
3218
6246
14177
16105
22010
24171
17600
16611
26596
11133
20079
4647
20577
21680
14499
2810
3465
1511
25575
5940
2627
9899
9594
14128
15224
17259
22426
2561
5512
24604
16149
7440
8556
7063
19555
1812
15236
27290
11512
7133
2099
14283
27471
1615
10870
10896
3886
22772
20751
11673
16269
21664
7836
10586
921
9385
961
18628
1466
12578
12708
23476
2654
7917
22265
26215
23278
2178
22697
21754
24195
2966
17722
1779
18471
1671
17980
1828
7105
22463
3297
19813
15798
7988
15512
16852
3322
1053
22635
20964
15419
14393
4126
22086
10690
23449
10936
34
4219
22946
251
8692
4022
24953
26275
18155
16328
22084
1078
12554
2078
16607
17689
17780
17911
17553
83
19092
25546
1802
19202
24574
22710
25439
5393
6659
25612
25982
23909
11606
12233
2482
23993
6638
3607
11376
523
23769
6503
424
23375
25291
8449
22332
14136
16567
14489
8006
1407
17993
24507
27190
26250
24812
15587
25408
1763
18231
4373
25912
23053
3958
11050
4925
16619
26272
3134
13621
11051
20560
22784
25001
2262
16186
24690
334
8237
19694
19972
17178
25941
8805
13212
25929
2270
3169
2260
14891
27323
14609
12586
14024
3086
23810
24990
8084
20126
5559
546
24352
1719
14392
17649
1247
19320
4089
9866
16537
6137
1881
19123
2358
2946
24050
12840
1547
9656
6487
2655
11211
6108
466
17685
24344
13396
13075
5165
21677
20349
20221
8891
8809
6724
6343
9406
8614
18250
6722
18938
3065
14460
16888
4515
23229
6964
23627
16057
21150
10901
18722
18967
10839
27015
3504
17580
16091
994
25401
8897
15249
11830
17248
14221
27257
22432
2419
19107
4592
24382
2971
8345
8639
19635
15906
22042
9086
23790
22068
26309
638
24245
24484
17447
8395
6660
5732
10657
5747
26549
17712
8412
2270
9815
6278
21899
10263
8923
14877
14729
6686
19041
9891
8043
11268
2530
1794
24561
3368
20170
5992
19007
18006
9459
16238
8473
11128
7538
2750
22934
26565
18583
21870
25053
87
9362
23911
3395
5762
27416
16791
4048
24434
17729
8800
11743
8212
2014
10786
16974
23224
10888
26591
11807
16205
22240
8338
13658
8117
26281
1811
10211
9099
4988
10901
20619
24641
20725
12121
11572
24603
25122
20288
11499
470
17956
20538
23955
13575
24477
12482
12384
3478
19742
26652
1796
13329
23075
24276
14219
1047
1368
7735
5103
12232
8825
21761
11664
5066
5734
835
24269
2082
25344
589
333
14213
3841
15245
26148
24470
23141
4802
24454
20048
943
4195
14675
14028
12579
26413
11486
11416
10712
8127
4672
21069
20272
18197
14443
2148
12705
23134
19003
6638
5590
10472
21747
21376
25065
19074
7873
8855
8048
10122
24310
18812
17142
13790
5470
16998
1684
22612
491
4566
26220
18275
24803
12784
13731
15899
21653
16739
7912
20181
1226
12136
21185
11011
27031
632
9726
15725
370
9147
22632
18299
5620
20915
342
17072
19921
2086
9325
18032
23618
9521
6445
12537
25413
7207
4103
10244
1572
23259
19187
6211
19957
27081
7386
5988
14346
4230
9973
5457
16558
13579
477
4636
9607
4172
17593
18468
65
3515
2997
11900
21793
6409
4428
6889
17890
21076
17526
18315
8043
16821
20925
17163
2789
27453
17586
2314
14545
15326
21212
9582
25818
11115
18642
22891
16280
6311
22011
1277
20055
16965
17348
4253
5489
22579
5907
23792
