7873
18375
12053
17305
9643
2927
25493
22400
18528
7089
2845
345
6065
26596
17093
27195
7294
25063
26675
3959
12845
9638
21657
26981
1432
4231
1145
12006
15183
5124
1005
12947
2422
22111
4394
7493
17804
1026
4321
26764
18162
9637
11447
2789
16968
6532
1897
21449
1823
10294
24492
18313
14482
19786
23149
942
3634
24596
12000
8379
7796
8552
10950
13788
14025
9258
23153
4353
17490
9184
25086
10774
25542
10730
6727
15643
4971
27343
23588
19240
10361
6690
19579
21311
24094
20107
9281
22794
362
9624
25917
23423
3824
21733
1871
13060
23947
26143
13444
21057
16487
6154
10476
157
10348
18248
11716
13450
2519
1280
8114
2080
2592
19159
23050
2480
8204
14074
26613
731
21711
8429
14048
2395
11470
5274
12956
15007
17111
6565
5516
2254
9759
25222
27072
18679
23136
17014
2445
1960
14791
23990
25778
26039
26650
53
10715
15121
22950
18530
12909
1491
7844
8741
2313
4824
14441
5575
22127
16484
14239
8596
26360
24984
20418
16180
1988
10140
24012
16867
13929
1106
19980
19295
14249
477
16913
26627
13055
24846
27031
17071
3310
8335
12236
10583
7296
12682
4708
115
8704
8342
4402
3874
12065
3813
24725
20112
19566
21610
13540
9455
24911
22013
16269
24071
8863
25823
190
11792
17173
22499
23549
11653
7969
21493
10351
20249
12463
12852
20897
22933
19534
9072
11222
14480
2080
26734
22022
21217
14404
15601
16759
9643
20768
10111
18825
13114
17580
3855
21488
16655
20253
6411
22121
6481
23023
4863
10762
17962
14384
19918
13977
24790
9014
9364
20941
25291
4427
8954
12754
27068
5670
625
849
8942
5120
2031
11404
10091
19521
5000
9620
2314
15674
26333
25490
2276
13097
8686
6615
17419
2405
18251
11208
7293
11268
4329
10018
18899
2971
619
16568
19295
3573
25620
6591
7276
24233
5268
23381
23570
15092
12055
17315
6818
4197
13871
21191
11261
22983
13197
18009
23210
10179
7370
26934
1748
5634
15814
22363
20935
19500
6332
20098
26493
18037
14442
6775
4607
9705
17678
8792
24920
21832
25576
11061
15876
3030
15109
18534
20065
18214
6110
14447
23031
5210
2520
11766
18730
415
18158
16732
24144
16811
4970
19598
17960
23916
25637
3773
7511
14512
5119
15796
11865
5675
6733
14920
20241
10516
25933
88
4433
10344
24085
4485
16704
15842
15404
8931
12803
26818
12349
17879
27227
5201
10731
11955
13096
2019
8965
9170
11130
17032
1918
22954
1837
11831
11922
11836
15054
20573
18120
26635
569
10111
13647
4215
2964
19778
20286
7999
19166
10203
2837
20603
15104
2731
759
13226
11741
21977
22924
26350
4402
22724
16615
16056
21888
26676
26435
716
20652
7214
4519
21909
8640
24721
26428
15493
9107
26349
1342
6106
26751
5545
14211
20286
18626
4135
18799
12684
6760
17834
3928
16477
15498
20393
20899
19441
19524
22303
11266
9339
11921
20463
22236
8228
9411
8626
2277
3582
9590
15054
11123
19699
8119
10730
2746
2386
15467
26702
9878
10596
3042
434
25877
5207
11209
25173
14061
23509
3409
12859
26371
2540
2661
18429
23367
14224
22435
3966
11646
11609
25795
1068
15406
13160
7470
12377
2100
22105
10751
22919
1440
17342
5601
17654
6291
27227
6146
3159
196
8824
26381
8496
15322
7384
22367
24092
2704
10094
22915
8587
11147
14170
12552
24947
22343
21830
964
12663
26280
25373
8632
20937
138
4046
10679
5296
24910
16205
4328
14911
16240
22953
26813
4437
7511
17792
15086
12731
23807
12683
5356
21346
25122
2448
12791
1143
25467
6375
14047
18293
23658
24113
12560
6997
7634
4241
18122
10011
11329
23701
22691
6998
6656
17227
345
14176
9883
21505
23042
3041
19406
15829
15466
19229
23090
1938
768
652
1190
12846
296
10692
11590
25471
2750
23674
26338
5943
25623
10718
3151
12771
17986
6338
18536
15334
7442
26942
14502
4919
15647
2539
26321
10046
26890
7645
2425
1409
27124
1909
23444
11913
14916
424
1187
2674
3329
12259
27113
13226
8715
1860
4998
16521
18093
4430
2812
17074
522
1998
2694
15680
5656
24513
7589
16381
3756
22267
17021
21983
11591
26457
3809
21689
19339
2712
9437
1407
7909
14877
2085
6492
4114
14004
3086
18258
18359
2428
20237
15764
17427
13079
5807
9689
25723
18896
25570
9066
1226
16983
19645
11240
10879
5947
21555
8292
5274
7101
23743
7709
26655
20480
14166
14294
23686
24531
17694
15785
6549
6606
10753
965
6246
13459
23523
14208
2863
10957
5506
1881
9383
27373
1756
10830
9929
4776
12611
20680
13695
23310
3753
20066
14013
21949
3635
24445
12434
7752
6956
21094
8975
11968
14045
15669
3423
160
3841
1788
228
22520
18071
18682
12085
7431
7033
22327
25808
14919
22672
17700
10851
10438
26596
6352
14440
24374
18790
12455
9769
4343
24377
11308
21726
26468
683
23907
3259
14814
19250
8948
8565
2541
8622
7428
3084
552
292
17563
27130
7703
14526
27372
24630
16300
5948
14992
26178
20933
22120
19797
10130
5562
6813
23885
10839
11941
17915
8901
25140
8258
6032
11899
17007
9035
18254
16409
18257
16331
9975
9226
14827
5044
6491
7580
26745
5848
12514
7499
25762
24794
16456
14421
9691
6240
8033
5174
11993
24327
1752
12100
12573
17370
7165
1167
21124
20683
8859
21259
15038
23421
20963
7124
18267
16302
14264
19831
24312
17851
7558
8197
20408
14004
13851
25783
3123
13557
1814
27190
14763
23884
22876
22797
25741
21589
10557
13699
10862
14695
20384
8365
8208
11454
13068
19845
26907
15138
24883
20341
18912
24366
15362
15120
11015
13841
10672
12032
7147
19442
6751
18643
15680
4285
19559
4530
18907
11672
513
13945
4235
4305
3737
15776
3766
22668
26139
10862
14734
15752
9953
10903
13805
20997
20489
15926
14303
12823
22236
17670
4626
19987
14926
10242
19018
20835
6408
8507
19193
20289
15995
13272
12956
24031
24847
13216
12811
817
24383
1653
6150
10821
16665
18920
19390
536
5062
13664
10975
22544
15345
21449
18150
9167
11654
20793
16777
9940
11160
13029
22455
6904
17789
23629
2314
9883
5312
6499
4780
2550
19813
16751
1344
20440
2776
17985
6278
8511
6394
20534
3811
15677
19015
10711
17071
24754
22473
