20247
8300
12164
16995
15642
9583
1063
17089
22551
8213
2807
7584
24547
28
11594
20312
26852
26826
10848
23583
21560
10967
24498
2276
4546
15274
755
17442
6873
7282
17176
22646
8227
12360
18559
14918
15757
19822
20974
12578
14464
22813
13765
7968
6939
1349
9931
14912
1159
14963
8991
2240
24025
10618
2089
27463
5441
11989
25786
25239
10435
2387
26768
23723
5717
3182
22242
9996
9462
12324
17221
12725
12198
13228
17472
8618
26985
16957
9126
23517
19759
21428
4144
23430
1962
13005
16977
10748
26285
16580
14171
6544
11389
24809
2442
6266
5842
18254
743
26461
14290
20450
26596
347
6896
18363
17353
20213
19415
23015
24775
19022
191
10712
25594
25798
25662
10460
2310
20973
10134
18992
8489
18567
10197
446
2986
7439
25554
4717
4372
461
5428
10707
27328
25941
24898
3349
21108
10880
27462
7594
21722
3828
2900
18060
21804
21444
14692
17050
11741
24003
16121
23956
27300
19430
11516
14320
11685
1853
5484
9877
22579
16762
11504
9683
3613
10802
5284
7825
24520
16627
2867
12632
21527
15344
736
18300
5500
17585
10478
14346
8782
12442
1042
25554
22965
2580
12349
24770
4295
26048
13754
12020
7951
17238
10784
22898
3647
26759
19575
24289
23102
6331
15485
26
18917
1947
6598
2816
2626
15089
18294
22112
10172
4412
9475
11230
11919
22867
24442
24317
13343
9429
13912
3328
2123
8867
25682
14600
1380
23646
10880
8729
14055
8744
18306
15774
5327
13516
10266
24486
16212
14520
6000
2473
5586
8500
10227
6307
25427
11848
4624
12344
10713
14241
21199
18372
20890
14542
13640
20596
17615
25473
20678
20239
3468
14256
22249
27265
23399
27429
11289
12573
17365
8831
13645
2736
4384
19194
13424
10588
2767
24828
21380
20112
5179
13723
20009
25328
21221
25622
16720
2575
7522
23670
7820
282
9678
12023
1465
22799
15519
16357
12408
23504
20738
23782
596
4863
7724
7510
8618
10276
23153
8846
13293
1690
15817
10801
2090
18563
525
4500
12708
22972
1984
13224
17538
27094
8727
3838
23905
2122
6795
20335
19771
9684
9795
2376
10331
1608
2322
17700
9496
7182
21313
9327
13998
4036
12657
11523
7236
16807
1772
22636
21485
3775
27305
23308
6946
2787
10478
6269
17953
18431
23214
12571
8236
18345
13321
19639
24741
20593
26141
10720
2178
24037
3140
20569
24856
12243
7155
1806
11673
22616
7925
5140
17042
452
19103
1105
11017
7784
20056
3840
15907
18613
4673
7748
27089
18220
23693
9060
15562
6905
12463
5057
11062
17117
15511
1197
26211
17633
1773
7816
24862
23852
5479
2222
26695
10045
15495
7999
22538
20531
16373
6638
11510
21818
17423
21339
27068
22740
8847
22918
12171
6654
18836
284
4593
2857
15006
7369
10230
11722
23237
18901
10922
26391
4411
26676
9914
11291
13165
7750
13690
27079
23682
26325
727
22479
861
843
3928
13085
24840
8436
22071
12786
4963
16280
15000
27560
11516
12092
4771
16057
4111
26837
20771
21492
10589
7484
6444
25996
15303
1352
4332
9064
4148
4692
22913
21631
16907
18303
23370
6364
1712
8235
1015
26310
17051
9220
6206
20649
24102
7357
21450
6660
27515
3837
15593
18999
25278
22203
12005
2077
8684
7422
16393
8334
21764
24572
21737
24278
11342
5212
5544
16223
3983
19650
11778
17387
20695
14879
10878
16318
173
16519
25514
2402
7696
12809
1907
10955
1243
286
11506
26263
822
6036
10868
15340
4858
12842
10425
15692
12859
22794
18088
2265
22492
22340
3495
23288
18304
24229
3782
20271
7807
19125
7545
6470
26100
4250
16394
16419
23059
24262
1885
9624
23557
15303
22695
27246
15799
26165
9813
19026
14782
17243
9349
7226
19801
3267
5269
23032
1064
17351
13059
16842
5869
13048
7797
27309
14143
2072
8514
200
16272
10360
8059
24112
15452
14187
9574
3330
790
14786
1226
8441
1179
22686
4942
12241
3707
12022
5509
16396
17600
10923
4380
10956
21732
14164
8928
23595
5779
25274
20990
26554
23134
21983
450
22929
24114
23380
18146
16720
24346
1851
17662
18367
13784
23231
14340
15470
12281
6244
5343
27337
4049
24345
26999
16403
17287
11413
19600
24439
1955
17639
23873
12003
10763
215
27449
13238
16172
19239
18437
17479
26803
9980
4813
14679
26238
2795
14342
15852
26385
22655
12525
19321
16788
13536
26691
1981
22135
5650
6024
11203
6278
10513
6322
25959
6283
18743
8023
1
14885
25735
19403
12012
5980
26490
25219
16938
22711
17499
19488
15108
11893
19199
18745
3467
266
18859
4568
1014
3094
20930
16009
24251
16687
8823
5802
6179
24438
24249
5647
18585
20229
8018
19272
12242
22049
16192
459
24549
9832
9042
11284
13363
11253
2466
21481
9568
22736
2030
24715
342
11929
20117
10758
14771
2314
20778
2615
21139
4244
18686
18717
8650
17353
12544
7432
9853
1030
15916
16240
6283
24247
10720
136
15431
27161
456
19803
4084
1064
27300
20847
4600
10904
6651
21695
10873
1422
8036
8350
24748
16703
15338
2032
6137
24193
3062
3701
16881
24079
18056
10558
11127
15348
4957
18858
7370
17149
983
459
26364
1395
26351
1573
5908
22530
21162
12665
19080
25664
9912
2751
19603
157
21906
19700
18126
4015
24534
6079
997
3083
18619
5081
24542
26203
23387
14058
3954
22883
1730
3059
9818
24563
16536
18158
17986
18921
5538
4846
21936
7833
10719
15470
27471
11254
23682
9564
27128
2314
25467
7255
13469
6038
118
17506
2408
1775
6855
16881
26629
2469
937
15075
347
14769
17007
13582
15314
20351
536
3255
602
18712
12308
11662
16554
16960
9060
5092
17524
16856
21866
26382
11910
911
19792
6945
19273
18528
21405
2407
25787
4377
16184
25550
19660
10042
23913
770
10050
23423
27069
15167
21609
7113
21487
8552
25276
17131
27501
7120
1662
19416
7755
236
17644
9297
21004
4539
12189
6175
8684
8720
19086
27294
8567
18980
23590
1991
20902
19092
24473
23876
4250
17434
10975
4164
16654
15320
4420
7245
7309
24916
14586
26449
22123
22781
18596
18675
22396
19818
2930
11043
17904
20308
24742
10036
1356
8379
18248
19199
814
2144
7327
14408
524
2637
1286
9735
2621
19340
18652
19365
2975
5059
20182
26545
20201
