21547
4335
23449
6059
5939
26712
2959
15980
3913
18880
2292
16162
40
16795
2102
5970
7389
7789
34
17335
13222
4078
25640
14403
10421
27186
9357
10935
13882
20900
18757
23619
21049
27054
650
15859
16547
18183
23628
11038
14676
5509
3901
11376
25213
19566
7307
6513
24848
18610
13484
16649
17187
3734
21438
6692
12311
15514
25055
229
2725
9814
258
9114
3641
20090
25001
8178
17753
24540
12463
3096
16060
18235
22386
10290
20873
27423
17815
14264
26810
15607
18686
6089
235
12743
20684
9711
7156
19301
2314
20444
25887
4432
22797
15608
4926
11935
22810
14698
8928
2197
2864
11347
10464
11643
21222
18250
15377
4128
14269
4481
22394
10064
10595
19635
524
449
4793
9321
7657
1085
20930
23340
767
2680
8979
11731
2479
9326
8286
7515
15367
281
19645
3482
22723
23030
9433
17074
2996
10587
13976
19078
5476
675
18428
3551
5140
18401
180
5980
7682
15086
19123
13657
15513
5361
23022
27406
24521
23248
2761
16788
19910
18572
5454
4295
7164
6997
9610
17902
15796
2826
11920
17517
3491
12956
15505
8774
22739
615
5256
8454
18351
3045
22959
16484
19556
5849
12552
21418
14705
22561
27044
22630
912
22139
11640
9192
26222
3469
7078
25507
9687
20153
3601
8118
3683
24596
4163
11225
18512
358
24654
21383
5601
1588
24486
8834
8497
704
5889
20937
21128
14118
15307
11335
13899
26842
1277
15505
25214
23234
1016
6788
15599
14025
26261
12603
10036
3739
20996
8572
9400
1160
3727
606
2762
2314
21737
2170
17536
8583
6715
16412
18227
3491
25982
26885
16064
1116
12968
23788
11099
26977
22121
4867
9689
6396
25982
12322
11086
23867
20268
22550
6638
18690
11585
26540
5499
1957
26740
7716
22743
19931
2346
11975
21621
6707
23781
2447
20364
23043
3916
7007
11801
24410
16052
24581
5657
2618
12597
4683
16860
17367
11068
9549
4169
3661
18680
20187
11980
17562
26770
16051
5492
23590
21849
20221
10731
21597
26515
18684
1921
7421
7922
23331
20244
5476
5420
21543
5942
13712
18595
6255
11598
13878
25125
24980
6432
8090
16491
7977
12769
12736
10939
19542
14414
1404
5697
24448
10912
4954
5231
6269
23209
6956
25376
22174
20743
1694
19558
9789
12324
9296
2271
11500
2763
10911
2839
18187
22732
9301
22348
21445
19208
23784
209
19719
21839
14011
1673
1971
14653
13944
204
12006
18955
17872
14601
20858
27250
868
21674
26053
21488
18623
14498
10479
2361
24610
9175
23736
9580
4857
15557
1458
21197
22569
7942
9324
6834
913
8910
11750
23325
5560
1644
27046
2300
22301
14369
13682
21940
25268
13617
7404
18238
2999
3753
3078
5217
24344
4195
7063
25373
20123
25167
7301
12259
2297
23960
6997
9838
9278
24345
26954
17240
22571
20689
11394
26998
8553
5279
16599
4584
25941
4279
2816
7486
10207
13017
6591
10372
26223
1254
2938
14892
26424
6302
25725
17687
26603
10543
1034
5221
12907
13438
22712
12253
4538
1716
12509
17803
21349
5497
24999
10588
12710
22539
3617
775
27036
3557
8782
17153
9698
15614
13877
5091
296
6705
11138
26880
591
4114
11980
13857
20809
9416
24614
12277
18149
21801
8519
7541
27016
19137
22681
23509
19127
7244
24015
26624
5893
275
21145
11516
8718
6220
21977
19938
25321
5690
1558
17622
11968
11679
2728
4581
18740
22444
7977
13127
14957
15975
27047
4841
16911
19109
9929
19900
9423
1641
10159
16852
4117
6030
23451
14785
18147
25323
7028
25190
15594
14952
10923
6252
6311
2029
17688
11789
13263
1777
6559
18373
19259
19180
18591
15789
12495
16792
21827
27076
569
16673
5704
1602
13787
5526
9154
10116
16017
9839
26142
6368
14653
16587
1601
8300
3777
1088
2575
7270
18443
6423
21430
25555
5158
2639
9278
18082
15527
21259
26000
26419
7228
12768
7650
14212
18389
17778
927
447
8767
3282
1369
12336
10668
6563
13491
18961
19533
9877
17324
26889
2306
10326
5866
19142
20376
23846
727
12535
10465
4405
26324
2270
27150
26799
5554
14889
25060
1486
24110
18666
11413
17241
19778
23659
21737
4451
9255
24428
4000
21262
5809
2611
16004
15974
10746
25705
19658
10954
5508
24007
74
8794
4395
16955
20412
26352
10221
20573
17132
20836
316
22214
20943
12418
22077
5220
2992
3861
577
9220
21502
3388
14394
27371
11876
15284
8414
27540
5928
27526
17005
14264
20033
15998
7901
22348
15996
15477
8417
21362
21254
18663
13676
7797
27148
23669
16297
21022
17799
17450
2365
7973
26645
12879
9086
20946
3827
2867
20276
3911
11711
12777
14041
23999
18259
2335
1222
22562
18152
10588
23030
279
22592
5834
12684
14259
27510
491
7505
16349
5994
24747
4584
1254
16073
15109
9565
24524
9914
25458
14261
2524
4152
16277
24707
11160
2652
6821
14763
23448
17859
3592
711
14970
23034
8334
7388
2403
21383
5120
17396
587
23719
25871
11313
12475
24334
7874
14979
25903
8859
416
1969
279
13789
2586
4754
12770
2200
5003
16326
5564
16052
20215
7696
2431
6066
14098
10179
22053
15412
7641
8548
12786
780
389
26646
8749
16864
14115
9935
23877
22787
11853
18444
13109
27145
11382
8853
21639
18349
4467
17658
16647
4411
14398
3532
8340
3456
10888
12487
1515
3604
20389
5020
14659
15434
3012
18262
7853
9578
15669
12794
9427
23091
11672
3539
25364
3071
8508
3748
8245
3570
930
13275
26739
4083
25461
25032
12458
6765
16956
15373
25651
2345
8970
12822
6471
26620
12898
4128
59
75
22431
17548
15984
7909
13805
17929
16772
900
2481
15502
25140
25990
17748
4058
3104
19792
10008
18135
1019
1392
23489
5663
20632
25830
17713
1294
20830
8334
16668
1197
14185
17643
15539
6390
6408
16389
5227
25015
9104
6886
5102
18026
16024
5062
26158
11336
10122
2941
24764
10035
7615
24490
9543
7617
3704
9085
415
10850
25622
7945
19824
1302
660
7944
10705
19782
657
1909
2504
4542
21627
25588
1850
13567
22320
24664
26465
25641
5669
20864
8587
14255
24254
4885
122
18874
12645
19737
11254
16166
4871
4725
4029
11514
1979
21975
15482
11764
15579
1348
13054
24981
10109
7027
26213
17019
4079
8258
7623
6824
