1972
18183
16933
9828
11734
11313
24154
24222
2392
1955
13230
9947
17244
11269
8921
17621
13328
948
23684
18369
5506
8518
2531
24581
16453
2724
601
16597
16218
812
4312
13240
13234
27224
11002
21045
11508
18520
1413
19813
22884
16607
5367
1733
10786
27145
18377
14797
25951
1377
12466
102
4658
26272
21982
8746
22232
20004
16477
6557
8909
874
10978
27283
10904
18511
21784
24932
3161
10879
11925
25290
26134
697
6515
9202
8455
20104
25541
11557
21017
19765
26184
24283
7355
432
8315
2269
2378
16219
23573
11164
16155
27008
4625
5202
7211
1796
20912
12516
22560
17888
4680
5708
3567
17838
6530
24191
17775
14693
10477
24421
15870
6447
6298
867
9211
15544
22830
21133
27474
20423
10695
21279
22482
19545
27
13144
10689
9578
25186
21931
3416
2881
4113
12021
4204
2989
7383
2999
3168
12875
1898
17321
22165
15559
23401
11612
10917
15021
7908
18190
4884
10261
10308
4584
14439
11272
13133
14797
25086
19162
22923
18372
2125
26643
22856
21566
3232
2306
24430
26442
8759
19506
27046
12182
9646
2396
17184
191
21902
12465
17695
25750
25249
22112
23711
19577
1948
7378
8999
14491
4016
3612
8460
16403
12665
25517
5931
14265
20590
4240
4294
17585
11845
20477
25928
11435
14398
22737
1492
17463
21770
22672
17356
18277
788
7315
14618
15751
10330
12674
14051
201
16884
23386
23619
12351
12700
24352
7062
15227
23724
11202
27371
9425
6467
11109
525
14593
2647
26602
2595
3484
12903
9736
18708
6643
24782
15050
3781
21367
21642
19127
18740
12389
5155
15107
17257
24367
14706
1880
3316
19936
11988
2526
13067
13532
16787
586
6210
17812
21931
4875
13086
4320
19422
24316
16817
24965
13160
9483
20025
5075
25838
12173
24366
2902
9753
9670
25098
18132
16967
19788
12603
867
7883
22701
10720
8778
25404
6178
5073
18288
9085
5372
5287
19949
2349
18597
10612
16507
10167
23293
3398
12330
21942
22227
27514
7929
2506
20936
5071
4951
23987
22215
26562
21293
15061
1670
16901
4226
22213
18067
12204
18281
12946
4599
1327
12612
19421
16748
17916
13491
25092
3779
24251
13909
16387
18291
7176
16333
16256
15011
24677
11195
23616
4887
19627
15053
23200
23755
11477
4733
9334
26826
18356
16362
21687
24697
15143
22723
3327
23082
16272
12541
6170
22546
24467
26319
1802
10111
17700
15392
25231
13326
18954
4104
11574
9617
23321
1678
1423
12129
3414
2558
19296
19792
15851
20302
6521
9918
13133
18589
3236
8554
2109
26186
22234
20079
3747
11267
12994
17170
16369
6695
3155
23155
15917
6957
20185
17501
14794
24317
6290
2021
14959
22695
19417
11628
19366
8615
4467
12811
4283
17909
16955
25065
13606
13382
19158
7476
25082
5949
11415
7806
10686
14321
1426
17549
17683
17367
11864
9672
4385
2616
9939
24595
26071
2096
27167
18111
15150
16841
26586
22614
17866
14053
6160
19715
8839
11820
21868
10885
23409
21304
5390
25176
18907
4660
24182
25951
18836
9333
3675
17403
8758
18346
10012
25318
24650
5487
2458
9373
19700
15753
8726
25499
16754
12431
5860
20671
300
8978
5392
11164
8663
24466
26159
9208
13496
25016
20789
20813
11831
7340
16862
23407
8774
4501
10122
2392
11324
24992
9485
1960
19804
16933
19935
19239
8061
11733
1376
10914
5345
11519
4762
14564
5202
25902
10350
11601
791
25951
3232
5221
13126
6980
20181
4743
20685
20758
14066
6382
21509
9009
16874
12336
1875
21123
5480
1856
11737
4261
27517
26402
18490
2830
20116
17271
21475
17567
7779
3764
27307
18025
19099
24652
1179
9791
17910
6473
21571
7741
16636
9240
19912
6995
6915
11113
3009
23320
24384
5311
14435
18007
7348
26849
21880
25097
10325
7349
1212
530
27175
19808
24325
27546
5365
9268
5214
2926
313
18522
7674
24683
26932
8146
7102
11882
20209
7201
26750
10193
24457
23818
22432
14367
3227
5753
3751
24604
15104
15160
9908
15197
10713
11712
2719
8988
10389
24898
20193
25212
6902
19525
24094
14344
12463
18144
15935
23147
18805
24969
5855
7723
6279
7794
20664
10436
21580
4932
11567
16424
1507
7601
10150
2424
13679
13767
1879
7731
13112
20859
2392
5074
23059
20090
5428
9388
26565
2349
19756
20493
20306
4019
20983
16956
1823
7163
18902
17318
12803
24630
10786
13191
19970
26302
13680
24674
27369
21450
21279
25755
24116
6911
15114
26715
101
23235
5993
19486
16339
5071
6976
15063
11574
10286
420
27512
22050
9722
9671
6047
19067
25505
6537
16587
21318
18418
3673
19525
2079
23142
11865
10907
2887
1253
2872
24970
24995
24498
7683
9376
22790
18456
20956
11946
20663
19247
4178
20191
9175
4183
11253
362
9411
10042
16869
27312
1580
8432
4800
17779
2799
12148
26737
15673
17386
15965
1474
17222
19755
19043
24641
1829
25931
4428
11133
13220
5320
5958
8302
10659
9517
6332
4373
11889
6057
11250
13346
9281
16797
19366
26914
1248
25683
23111
10070
18391
5321
19781
5935
18678
10091
22944
21081
10068
3005
7392
26859
16371
23095
6495
16859
12007
2310
2317
9978
7819
21367
5441
22728
15559
6074
6985
27504
347
4219
12173
23383
25086
4152
17432
23639
17383
6666
26202
9289
25393
17380
25094
22625
16334
4409
10104
817
26461
8161
8654
11365
20979
469
10946
7334
5279
24653
21875
15477
13346
17482
6189
20476
26380
7024
11123
18259
15930
14875
30
12472
11047
23622
16202
9010
22469
11579
24843
21331
5820
16199
9460
21517
9302
4939
9096
13048
17741
15758
21198
20840
9117
21118
20231
8884
22172
13847
24567
2265
10543
8071
19597
26004
6099
10695
16790
16024
2512
709
13430
17016
16532
26317
5069
9325
11315
5158
6158
13295
9855
16740
4012
7001
3746
21873
6088
27407
9041
20634
19593
11662
24419
26040
18478
2956
4341
10487
3909
15141
17750
17316
11886
146
8161
7201
18793
21102
8710
23232
4397
10433
6399
21136
17342
13892
23721
2077
23017
3910
15707
16321
18843
4369
21849
16823
2441
18545
18623
11040
25469
2018
18546
8929
2074
15525
23724
4831
17549
9806
23483
7021
19402
24766
11688
6133
17553
26795
8747
24586
17720
15312
27263
15487
21573
18777
3382
22618
26881
19992
23038
