16688
10520
17576
26694
10117
16863
19756
8424
8153
21443
18433
25163
7864
7603
16925
13578
15473
173
13706
26501
4176
18918
7405
21388
11587
22875
26834
405
11562
8388
23994
27125
7777
4104
21065
18859
23978
20006
16282
10582
13995
8116
6233
851
20242
983
7973
17637
21447
16837
11106
19359
4135
6895
19433
12294
20779
17626
2445
1356
14375
17262
7082
15063
2047
14316
19943
22106
1480
21694
18105
17464
15129
14721
4585
22160
6001
10919
23343
5118
1285
3045
3144
8834
24501
26430
14045
11057
19239
19639
1479
23234
2787
19661
2397
17675
24645
3537
18404
11939
26416
11400
16006
19718
27103
9622
19662
1572
19608
17955
20555
17321
18097
5274
26292
5520
17379
22759
5212
26609
23935
16167
26024
26309
2253
26946
10289
10673
3967
23586
871
18325
25396
706
1081
10399
3160
1433
558
7459
8013
16662
20335
12516
9452
1326
2199
26800
23065
9575
10167
12312
24590
17696
9367
2575
24480
1919
2529
20504
8963
4415
19756
10831
22473
11127
10969
1593
26142
10778
2607
27384
13162
16552
9131
11698
16342
14294
8796
11508
26288
26975
24590
17492
20761
13153
26812
3849
22859
10276
6316
10482
23121
968
27524
24319
24370
3993
6609
18348
13703
23390
10131
17860
12848
25173
4848
16586
12236
3545
2569
12054
19785
25770
17750
14678
10501
4359
1149
2682
17033
10803
2592
151
2259
20260
20446
8144
20657
2979
8691
3256
14058
19036
21706
7971
5189
6232
14198
22689
18539
9885
19432
16550
21803
19422
12294
22317
6804
275
4365
6950
12568
14299
25780
25248
16852
27087
15077
5869
25543
11376
6600
17002
10028
5304
24515
24047
9284
24604
5868
134
23550
25087
18
10596
10704
8441
7487
6352
15175
14130
26963
26401
9743
5069
4134
11235
3955
1035
15698
16882
26565
11445
13708
25498
19877
16162
7427
13425
6640
15696
19444
21666
13696
3656
26641
18531
11438
26075
15673
13813
24604
27509
4948
26887
22414
15798
1814
22634
7857
7431
249
24555
22625
22758
12013
2447
24730
5478
5947
17545
3881
24362
12558
9490
10731
21063
11906
15719
17075
248
21651
400
22140
18334
12626
25036
918
4618
11920
3123
18429
26275
1717
4677
21496
21201
4220
13006
21379
19273
17100
127
23032
14632
15460
752
19443
26864
6089
15602
2339
1818
17139
2270
23471
18319
6215
10811
13996
5371
11805
26396
12639
17976
14844
9724
10
12867
16042
21802
651
16700
25325
12814
3415
12253
2423
10836
4701
798
25588
26639
8575
10851
24830
13538
4244
8830
18463
19889
11410
15146
3702
22712
16802
7389
7137
14424
8373
8782
12616
306
8600
15967
24899
8972
27545
18986
4069
9840
17811
23319
4380
12626
24412
17444
19106
20296
7711
24815
1070
14570
17573
19048
673
23522
10877
6137
631
3257
5395
15000
23912
4304
13863
473
22282
11993
17270
15753
16901
16860
24368
2407
11970
2509
18138
2722
24977
14950
18621
2814
15219
1809
8007
24366
26087
21759
24501
17073
2872
18887
9203
23824
11614
5398
17911
6607
24516
6064
24692
17676
10759
18514
8440
25298
16160
14458
6159
294
14261
18819
7711
4566
3839
6317
7215
21921
11778
26276
1516
7872
23660
17959
12018
6288
11396
10663
6911
24568
27353
1495
8466
23729
25958
14512
686
7920
11466
10741
15060
6839
24527
18729
14629
8453
21320
17155
21681
10031
10950
11532
2140
9552
836
14989
6678
10482
20277
15951
11472
7731
15129
14080
9443
24081
17631
17650
23403
2387
26498
13272
6468
6351
12347
13426
26778
18781
2382
13027
2301
16863
12187
3031
1741
12941
23266
26000
21580
9490
14184
19342
23644
13800
15006
15390
2113
8913
19585
2310
5152
19430
26056
1062
24417
20681
24944
15304
26673
20646
25457
12948
14639
12822
4820
21361
22756
5720
15373
23487
10789
1067
17113
18811
13471
8414
19720
378
3646
7110
2052
20788
3008
12928
13987
23108
21553
11229
17312
5045
21539
5304
15238
24634
11028
6178
14906
7289
9144
7766
11815
20874
14212
24555
24021
22622
18503
23126
20480
12084
27108
23117
7298
10651
11539
8208
18749
21260
3036
13065
14143
10462
27252
26675
9481
2089
7562
10775
3579
23562
587
22379
3039
11439
21238
11736
12197
11431
5859
23836
3757
24844
8718
16944
22104
17740
18917
21287
23751
3974
8823
24873
19150
7115
10526
6939
26968
23174
14092
10268
6068
15658
1860
426
17696
21955
9326
4241
25696
3781
8400
791
11997
26286
23344
24225
14880
5933
9120
20465
17911
6695
6154
6281
4230
13625
11111
2581
7312
17315
5354
10068
25276
22384
19221
16091
16215
13937
25169
5156
22524
6819
9195
21430
16273
14100
26703
16698
9062
2881
19648
23311
8786
24184
9384
4596
5749
19615
5755
19250
17011
21192
14487
19266
11208
1837
19958
5567
5228
24921
13207
16747
18158
20513
22932
21652
10110
25053
8792
8052
21838
20057
10685
22423
9043
23082
19298
6445
16088
21835
10172
7033
24641
12302
25531
1643
11926
11548
5227
9001
5123
12152
13007
502
17879
16255
15055
26955
12785
14762
19898
17958
22707
2921
24928
5886
16192
5490
3116
19005
20360
6070
13200
21592
16559
20254
22072
26982
1817
382
11979
21113
25355
9849
17042
15776
4835
26663
6149
11326
10290
21133
26565
17232
25207
23036
17098
19072
8740
19974
396
20717
23479
15396
10583
17951
23293
4251
21920
17394
20172
24114
8679
2785
24254
25165
17228
10941
19649
12091
22501
9725
24967
11054
14550
22189
11173
9604
19376
21908
20944
11892
17608
5233
27165
7874
21316
17859
17071
25018
18707
11522
12646
21713
18645
14305
12795
16551
5972
8501
5768
2883
27052
17961
7838
25252
3774
21768
5301
6130
17170
12380
506
12594
253
24467
12206
18792
10139
16207
8759
10378
24392
6675
15827
19360
8
13137
13837
18709
17869
8107
8886
17592
15848
2211
1657
15088
16595
23390
138
1793
4179
18383
2102
2855
13839
25882
4365
18027
19636
10162
9620
4266
25499
16109
13801
23311
26815
13304
11663
3278
4993
20300
26699
21460
19877
1301
15782
19127
16205
19609
2452
22019
4536
11374
24266
1465
13429
15894
12557
2841
16803
4421
10885
2019
18148
27177
7530
23778
21774
5738
27007
2456
26589
20055
15385
24293
