14377
20218
9944
5585
23853
4862
21844
5483
19157
4288
9434
20154
11271
20262
6663
14299
16659
8509
18946
12930
12466
20096
3466
22765
13374
19356
11610
16577
18374
17607
2028
7079
27037
22070
17204
19224
2525
15381
21223
17421
11760
16061
5291
4038
22640
10160
16402
26321
21356
7946
8952
18414
21293
5453
20727
10428
20376
12265
7382
2124
11181
20214
21200
17308
2237
10692
3974
24758
12302
7326
25645
10617
21017
12284
13444
14909
5547
15769
24939
20529
14023
15758
1744
24442
15024
13323
5554
26987
19139
21455
15496
8356
7597
3505
3023
12293
26874
4595
23208
1857
2020
5448
7495
3902
6786
12128
15680
10636
11184
19202
22238
18180
18407
9799
1060
22619
25629
19876
10133
11102
2029
9211
19417
17704
27493
22280
27431
9498
13954
22067
4513
1272
9785
14039
184
995
7007
13120
6075
8937
11832
15468
3042
1652
14110
6010
160
16055
6103
461
27153
23168
5716
21600
3417
1296
24615
3647
19722
9129
9403
2387
7591
11881
16393
14606
620
21026
18751
25967
11979
4311
19208
7643
8595
21778
9664
1760
24989
2144
12710
27307
25590
11868
25711
12232
6083
25202
21221
10650
22145
9702
17536
11264
9404
23340
12792
8642
12044
1701
22713
27145
10571
3057
6603
12238
23970
5225
3078
10789
8607
7368
5770
25541
252
16212
2300
1200
7390
9125
9134
9278
24878
3440
3927
25345
25262
16543
19753
19142
16929
17411
6701
9405
5372
8677
27420
16182
4591
16465
16802
25831
20966
9591
7078
3840
6283
13184
9576
24114
21051
9028
19639
23718
20727
23586
342
10525
4723
6538
18045
23914
16688
10927
19467
11030
5418
21557
25140
19905
15304
3494
26959
14983
12280
19790
12375
10129
6724
7472
20021
1101
6964
5861
15342
8678
14850
11873
20753
4361
3258
14776
11577
15736
9960
25423
5942
13232
7586
20558
7470
2443
11183
10477
24086
16381
5273
4760
16066
16446
18539
21132
11492
21043
2839
22454
8037
11043
25034
20505
15733
191
24564
22266
14176
18464
19323
20514
15752
1090
19816
26316
1810
13399
21497
10241
18557
23416
2789
4898
13557
13232
7720
9973
4439
10603
3340
20086
17787
5909
26825
26668
16268
25505
26415
7879
18211
23066
24417
18490
15893
11598
26182
18243
16052
11267
17684
14773
8218
12844
1882
15426
24023
6102
11623
12003
8165
17852
2476
22928
14870
9705
15141
22023
9539
944
2488
7993
26148
9443
10323
11945
21715
23243
3265
12778
3349
11444
8338
27172
16032
2778
1071
3582
20432
4113
24102
20672
10529
13739
13187
22193
4133
4875
13782
19556
6103
25766
25270
39
21312
20848
26418
10074
19840
10158
12936
18858
11578
11523
14252
16770
23625
27329
7781
22120
9447
2526
21792
15734
27210
2491
20440
23196
18640
23613
6143
4718
24009
4626
9229
6336
5876
10645
17783
7899
17571
25272
26615
11578
21383
8713
3437
3775
14777
12393
13080
11333
17390
8645
21910
17304
15535
25950
25656
11650
20211
3149
17174
25660
11682
8351
26395
4392
4922
8091
21377
2762
5955
19407
14672
5444
3842
25187
2904
853
26622
758
14686
20793
24414
4774
16035
16952
26841
12856
3566
12872
4516
345
11733
1726
18200
5831
9341
23030
415
3990
25655
240
22677
23232
24252
15463
7996
21895
20086
24045
16427
6795
23361
2294
21193
25044
1176
5783
12427
18878
8738
3714
22393
3743
3694
7915
7431
3436
15698
20540
9018
23513
5417
20338
22453
4859
12420
11699
15003
6997
20854
13187
2045
20150
441
12635
6300
17965
4249
26727
9353
25985
2070
9127
14249
16670
18229
17062
14084
13418
23334
7904
14100
7840
12744
2742
6485
11874
13462
18679
1941
2557
4780
1390
6950
6512
2501
7369
9196
3904
25165
27205
6434
1226
5625
22177
18679
26524
14591
24454
1713
18810
20242
23666
2449
7641
16606
2944
3447
22202
15309
16199
4926
9399
501
434
2270
14681
23769
20616
4181
6282
10909
8715
24005
9896
26795
18802
21733
12727
23653
11604
3743
8446
16567
18789
10575
1526
12578
25701
756
5461
18550
26239
2134
26931
26233
2719
12338
26236
5855
17957
18756
23239
8634
23751
6326
7316
23609
16162
21471
15784
10340
18819
25463
9683
1503
13972
8514
25286
4568
15523
6927
4019
2652
12052
18363
23188
10176
15842
4986
5924
10991
19702
11915
9267
16657
23437
13921
8233
6975
21597
528
15006
12539
26421
20621
24929
11064
16033
18750
26757
3022
5017
5114
25065
21254
12815
20611
5074
26593
22921
10258
17852
23786
9977
16161
13678
2029
4819
12376
22462
23191
8189
10952
1305
5793
16992
12257
4680
3485
22935
8622
11152
4954
17766
7129
765
17989
23131
14063
4727
20967
15703
12302
5059
12795
22065
27031
19386
23399
27107
21493
24398
2827
79
23121
1246
11530
1418
16612
12018
13175
7306
15336
2296
27172
7288
18796
25957
5309
5306
112
1665
18152
19532
14040
163
24693
17989
21919
332
20520
9613
9430
15780
14381
1973
7800
26492
16751
2546
791
14909
12806
3652
6750
8703
11211
11061
5302
22482
6117
19874
24676
25982
2896
23605
21430
8884
13850
4708
7824
14089
7366
21536
2035
4437
12065
9713
10455
22975
475
7221
17625
14973
16622
22730
16382
7014
14390
6482
18277
540
14491
27052
22871
19718
10383
8464
17488
17258
1788
1963
27324
27409
19879
13698
7648
24366
22719
17856
15988
7219
6565
13745
6659
22265
21263
1557
26510
11671
12728
14603
22450
12260
15953
20162
17692
20022
13873
5785
6910
6775
8477
22278
27194
26791
26921
23741
14043
13827
8288
18666
9032
15371
8493
11663
8411
18764
345
21201
5425
3542
12178
6168
3056
5315
11897
27419
4403
16121
8302
16403
18174
24012
20295
19495
16754
9469
7969
12905
12251
14100
11394
7421
26015
9427
3682
925
8978
1082
384
3939
25921
24061
20287
6142
19579
20101
12838
18587
943
10133
7545
14958
9144
7590
2390
13592
21097
5990
3856
17092
10311
3966
12484
15142
3559
11234
4172
2610
3778
15916
14161
15008
10626
21973
26985
9934
25028
10813
26781
8825
16376
11596
2671
1787
23878
8794
10299
2527
2844
22122
24267
19089
4647
21387
2405
24420
26196
19862
21284
10604
1924
20367
612
11734
8732
18775
12247
16520
