22464
16197
14249
27062
25401
10009
7112
5564
19564
14913
3024
24045
26568
19885
11115
15078
6917
1351
631
20961
13740
25745
2871
1860
22417
11074
14063
15988
22678
16382
25986
8432
22226
17098
16706
10303
6079
15096
6415
2212
5203
26382
5104
26918
11350
20462
25240
16851
7342
8890
17050
5604
3779
4228
23622
2473
20288
15723
1177
6426
51
12185
23176
15790
5701
26734
18060
6289
7997
3290
23932
21875
9343
4400
22975
10877
25377
21197
10885
5989
21444
17099
18122
11422
23931
19278
24586
1688
7379
19251
21810
7292
18986
14471
8709
8777
22687
10544
1155
20132
10702
3217
24108
26502
16639
13882
7968
21817
3500
6674
5225
22828
8407
24672
156
144
22651
22177
9465
23226
13783
3922
571
6522
15798
20253
24042
19078
9848
2694
6790
19761
894
15819
22952
26054
13470
9795
23135
24432
755
4432
15204
2333
13987
2029
3608
8213
16987
4255
3785
3694
12723
10762
4197
15094
22332
634
5052
15109
601
5918
11970
597
15095
18394
653
23643
17163
16967
5466
2225
3912
10886
20652
22919
24689
969
22642
10803
22234
21743
14628
26839
25094
10280
2441
9883
15510
7042
25276
25998
22777
523
15460
15364
20151
12754
19071
25689
6413
10858
17400
12725
1290
22148
7017
188
26547
16681
8758
27180
9624
4410
14513
6209
10085
10757
8558
16189
12018
26052
26796
5360
11941
11763
20491
7712
11451
17362
15298
17949
4707
19142
8212
9226
25378
1470
14429
11508
16039
27533
12627
8663
19579
15040
20717
22499
4307
8368
16918
7117
9946
3275
16933
25683
19234
9402
18558
3702
15284
16373
13191
864
2258
10019
5155
10089
12739
3839
4538
21649
26120
27467
13236
18445
975
12164
13863
19804
22416
16387
14890
10608
11907
559
3094
20189
5621
6137
19439
6954
19579
16020
24680
12229
15515
18072
477
15776
22882
14947
26121
7921
11759
8186
14594
11600
25593
3042
1695
23825
25149
25458
1662
6976
24883
12224
11383
18480
14617
23779
18775
12394
20235
19952
24412
24368
21503
25591
2878
9428
4884
16863
26697
20337
10334
3990
436
8290
11756
14427
22860
13911
12894
16251
9575
17092
12218
2603
19585
2881
26477
15991
20971
21293
3447
12165
9589
21840
1569
1518
8131
9492
25683
8347
20990
4348
20879
18597
18896
19557
10218
14291
25818
25654
9758
26009
19053
12795
24932
7963
25003
21420
10077
16666
11787
27052
4050
13640
3451
4130
19663
18685
24786
1106
5445
18652
19680
14078
8812
16170
15704
25776
12484
3064
15934
14266
11254
26644
22275
63
8258
7033
13323
3173
4627
11277
1920
24365
4357
6269
8368
4148
17100
14648
1871
2320
33
14385
10462
21310
27243
5228
6911
6749
6372
22256
15162
3222
20879
6447
13057
26310
719
17326
5081
17807
12405
833
3566
11435
23044
2494
14277
20659
12952
19849
27078
942
6530
581
14159
11817
25701
12284
8090
26730
16277
27189
27451
4127
18325
23422
4341
2754
20356
18389
23278
21457
11254
2787
11755
17883
6651
23937
12024
17581
10918
13974
25618
21851
10855
23720
3900
18338
43
2300
25555
6214
21938
9112
1998
20235
24377
18016
25003
13232
23706
12041
14616
12944
14712
24496
4402
23522
20049
3357
18180
11422
7102
16386
15189
15396
11969
20939
13438
7057
16122
11290
17038
12260
13185
13582
23847
15174
8770
23427
17060
6806
12734
23839
342
23696
1588
3897
19663
24538
14795
1442
25183
27183
17511
15516
10077
26462
7095
23088
19872
12794
10724
12892
7456
922
24735
23662
13326
10940
3977
9003
16443
21633
339
8208
23882
25691
27331
3187
7160
7120
1686
10587
3650
16745
26199
24563
16478
15432
10731
24843
24952
19841
9500
20754
722
9671
25734
13045
10795
14988
12541
1205
27339
13624
438
15853
10246
16736
2664
11014
11795
18436
16566
27059
702
8495
8916
18268
15669
21736
26137
1955
3761
17949
6762
14554
15122
6193
25732
9564
20416
13825
2629
3286
5448
14584
24292
24075
12891
6060
23198
21971
8726
22370
784
5250
21162
17485
6368
7633
13901
22745
12731
24615
1441
26325
10435
9068
20609
23775
3480
26770
4195
5713
2165
19328
14638
9259
4684
26327
24521
13096
19577
127
14009
12894
25318
27079
19302
25300
10050
11103
27058
5658
25416
10359
13618
23255
10764
12446
3543
25737
23797
23244
18784
26443
17763
10816
11333
22373
19052
13551
58
16389
11659
568
5283
3552
22137
2558
4149
19770
597
9673
3927
18367
6944
11476
5263
6085
10079
11100
17520
7639
6785
2439
15220
6288
23645
9833
8867
4230
4271
5462
17808
10771
800
6511
24778
25744
10596
19223
5295
21983
9621
14046
14098
8708
15719
6504
16380
23348
22567
13894
6515
16311
11553
3279
2564
113
11583
4979
23122
12484
2927
281
15235
8131
780
16903
17081
23465
11831
8677
2209
17923
19132
15202
5342
16632
12965
7225
16165
21730
24995
2447
14625
5390
9957
12250
4405
4204
25552
9790
26921
1951
10546
1170
4936
2108
23418
26454
675
6525
24435
13888
13772
14797
23555
19421
6467
16517
20055
5797
8623
24143
16263
10798
12370
17094
24419
23611
1607
617
27540
8214
27342
14269
24948
20041
19331
6890
26878
8299
17212
1869
12829
18641
26942
9170
19962
9857
434
17828
16535
17170
10936
22385
10643
7456
1240
10860
23363
7740
4680
6067
16484
25151
584
11061
15554
17139
1539
13128
7615
20384
11395
21809
8642
3410
9964
3139
8217
26692
22891
17015
27002
25818
6205
22232
12658
27055
16277
17736
22441
22672
9544
25226
2652
10901
6888
3611
3564
5347
16509
16509
18889
23060
8313
5998
26448
12365
23632
11637
12277
16127
3041
12565
16173
14204
13413
11596
1324
25332
2514
24282
1137
23582
25386
315
15817
17126
975
26928
532
21421
3513
22527
17728
2081
536
1926
23456
26415
24865
17653
1854
3368
2911
25039
8370
7233
6559
6734
2567
10196
27251
11519
15392
7350
13678
7868
21304
3760
17011
6754
12308
4374
23006
8966
934
9173
17220
25736
12267
13820
16092
8735
11359
19139
16119
9947
1120
5023
3618
1080
26409
16410
9975
5328
12866
3080
24024
24520
11675
22695
3021
15936
6482
26999
22695
21071
18057
17866
5007
6278
5798
10730
13312
17097
