1287
12827
886
16767
20246
10969
2392
4690
2151
15988
21625
17283
10356
388
6290
10500
25135
24718
25096
15083
21028
21575
4462
9011
10127
4663
508
24282
24159
19519
1916
19590
6727
13951
4620
27362
25439
16155
20580
14706
23147
6280
2314
2356
5408
1712
10027
10722
17160
2726
10964
7437
8511
1026
198
17505
1212
12934
4560
8509
20222
25126
16754
1086
9192
4248
11692
23294
13935
23456
25330
2314
27342
18066
8815
8890
22027
23668
6913
23296
24399
4669
3700
5422
4903
19822
2074
24401
3285
2846
4749
23388
2313
1435
23225
23000
7729
24079
21157
24551
5256
10380
8294
13202
24661
13589
15373
17209
8611
17867
9159
17397
19227
2744
26460
23191
19519
27308
9761
6842
11855
9312
5833
24458
17520
24605
11088
1412
987
11639
19035
3188
15498
4179
5935
21484
7559
12622
1294
1745
18419
9406
368
26657
15669
25647
20194
23618
18035
23649
5998
7819
23086
5999
5320
8244
15277
6771
13466
24748
13031
11993
14695
1582
14777
27191
12954
21744
26814
19073
374
6288
6153
24772
9700
19090
14546
15259
6504
14407
27263
20365
13380
6656
8385
11879
4432
24179
6997
4196
6919
20498
22018
3690
4886
9093
26068
24207
20468
6442
10290
10759
11749
18765
4936
4402
25553
4369
3698
15784
7200
26822
17798
19670
7073
9464
6763
17897
4725
1223
25897
18665
5602
13703
19231
25154
7506
18765
16063
13031
22184
26010
15326
13234
16398
4135
22154
6356
1820
23296
11465
13958
2810
27060
14793
547
25149
9694
13122
13470
12892
19272
5248
15040
12324
25677
6307
9727
25429
13769
19714
16607
30
25114
13709
22150
23892
23197
25902
10865
1110
16749
445
2678
21607
19418
24540
9937
20677
8032
8365
7417
9602
22686
3937
2346
14824
18321
14190
2314
10292
9267
2694
9491
1838
21764
4885
4750
16908
3677
6003
26171
10857
19397
25664
24368
12841
24322
2338
18283
6426
22746
12253
16810
23488
10466
1189
11135
5285
11977
7129
10457
6894
26532
18487
22951
12919
22258
5725
3129
10673
6808
2002
20127
11375
18389
15254
23884
21783
15580
23921
25023
2640
1432
18717
23643
23534
20781
2947
11201
19085
26596
20219
3181
344
16694
18871
2530
26830
7031
10957
111
7676
26898
6516
19575
25495
8342
5296
5707
20142
3246
23429
23671
6287
20596
6426
115
445
22815
20917
6319
6338
7757
3221
23886
25417
1305
2816
5293
14077
18636
16529
81
20603
15552
2618
2306
22066
22328
1013
1701
11136
8618
16372
6509
12203
10347
14988
15408
18428
1558
3097
25837
22174
18075
13249
26937
2292
19885
3376
2810
20941
20230
5980
7540
4436
1943
2324
11225
20322
9691
18028
4763
16114
2494
3205
13801
13010
10552
23176
21044
5169
12851
22839
1950
10953
9204
16973
3316
13977
4809
16090
188
27161
12896
5026
6810
583
5227
742
863
1845
18256
19147
16373
15199
2318
4504
6031
3727
3742
25566
10405
26323
11333
4317
23469
7560
5741
2380
16723
11785
18610
18103
9755
25352
24413
25308
23000
16808
3168
23055
3684
979
17006
26058
17075
24014
10878
17820
23517
4402
24483
21843
19137
25378
13167
16925
1062
8394
24808
424
19730
4542
1053
8822
4632
16882
26001
659
9560
7420
15788
10376
4722
14737
23189
9814
15536
15448
8347
7046
14074
25044
9379
5728
16816
6482
25767
2458
3750
3011
20120
19029
23512
23853
11380
20619
20799
12402
12504
8238
21591
25057
25626
13676
22058
7477
16669
1909
10901
4102
19866
16976
22353
25173
21898
3468
3763
17448
21749
9397
15840
3888
24899
2378
21322
19246
11467
25693
27491
4066
9350
9371
9610
19116
13098
14082
4946
10008
2580
12773
1269
26053
20667
6396
11042
23034
17390
3956
11213
21722
22644
18046
17612
1037
7913
1197
2584
18828
22066
5866
17756
25878
14685
21574
12971
6364
5644
14962
18051
17164
21801
2951
17472
5662
26267
13120
2077
2605
18556
23865
3849
20247
12489
14784
13882
3221
8589
12440
12341
24050
17743
20895
462
5543
3203
26740
22558
1595
8052
5113
8878
8859
7894
8500
380
1226
9771
702
14382
25447
16213
15173
21933
4517
19042
20604
26722
4101
8384
12463
276
1800
16698
11587
7542
26224
2346
10177
7872
986
9380
26209
1129
4989
14658
17212
22536
12538
2412
11856
2938
24369
2113
1631
523
8703
6595
2837
23842
23982
3456
8611
6993
24591
3952
16371
5431
354
19480
11757
911
5839
7912
16084
18595
6594
25555
6461
3949
342
15422
12134
7622
12349
22136
15760
12227
25894
17516
22352
2668
3118
4530
4760
10011
25355
2314
23702
2408
4195
17757
19263
7311
25233
27320
13351
14616
3874
27448
9117
18695
8563
13013
9698
14721
7195
4531
20037
2700
1061
4471
9300
11418
18340
16297
16297
2694
7638
19023
26148
24421
10026
16199
21868
11982
11460
4025
22119
13491
11306
4733
6583
20928
10682
21881
10179
21000
16737
12808
11319
8648
826
10577
13548
753
11610
6041
17960
2288
23076
5132
26076
25566
172
23657
10111
2706
13
8975
17380
2807
9394
383
21917
14387
26593
21980
17424
8562
19713
23542
1637
5499
6497
27060
9686
541
26197
22715
2529
2069
10444
11704
5860
20877
4925
6674
17060
16802
21631
27193
10535
27327
18300
3839
12435
2389
3877
3810
18043
12343
13142
27208
18288
14628
24638
6468
9171
10253
6893
13221
7718
20791
4579
3150
21493
5074
13802
22943
10030
10030
11870
25840
27493
760
20714
10733
22636
15566
22765
4439
8403
18200
13382
6574
10000
11932
6087
24484
16961
22806
22160
2959
21264
11963
3353
27319
18628
16082
26610
26132
14145
8591
17812
26765
18074
13620
15903
5749
23634
24441
24426
25244
22239
16162
15582
7237
6436
11467
5580
16148
11475
23313
19924
11052
2314
23367
26244
18283
10753
15814
4402
11431
24444
8864
12817
20467
3530
21817
23943
25429
11933
24788
13516
1948
11533
21537
13719
2656
9809
1218
380
23837
1305
10487
6426
6300
12904
17330
1656
233
26110
14704
8465
6893
10754
3192
16762
9922
1519
6950
21349
11325
24204
18730
6093
6709
11498
16157
11004
7095
24313
16296
4369
13816
8672
90
14418
9017
12094
25380
11537
24652
1722
27530
5442
5989
