1491
14572
1924
18627
20888
5242
20920
24563
11466
10987
1212
20158
24717
14660
23796
9583
9262
2437
2480
21996
2682
9333
3414
19131
964
6903
15721
23467
6104
21861
424
27259
24638
18475
19302
14004
21548
26056
7424
271
11871
5554
11487
1298
11867
27175
3755
2952
9102
25615
7408
19889
21028
9797
16070
411
15500
22619
18349
22094
11025
2516
26506
10985
18306
10868
3411
11244
15699
2304
7371
26596
7500
22967
6387
3819
26801
5246
10423
2752
440
3735
24895
7417
24776
8727
18799
27106
4137
14096
11551
23942
13384
4589
10304
8257
23643
24303
1501
126
631
11495
7175
25195
3956
3231
8562
20079
9756
15054
2364
19495
17618
16422
7550
15451
13394
11741
6034
19601
26657
23323
16001
15412
19616
867
21420
20787
24589
10741
4296
166
16469
14186
18970
491
9593
19349
92
21441
17146
14270
18501
10733
21083
15029
26106
26777
10971
15764
3456
18961
19098
25523
19100
17132
16299
1149
21298
4742
9188
22611
22377
14988
11826
15916
13435
631
18875
23854
8534
5432
6422
9359
22607
10644
16609
9295
5497
17435
5452
24685
20092
10036
22920
15751
7825
9752
27401
17933
6827
16557
16740
22154
20878
15686
844
1737
15921
15562
22064
17837
24063
25435
15663
23189
9073
16623
18531
23903
26070
2385
300
12833
4762
497
24964
26433
4979
15044
8758
15305
13597
9783
11020
5031
26387
1611
23007
10078
20990
18028
20915
20688
1351
1924
19863
22591
11326
2355
24289
25856
11254
8531
20930
7489
12520
16519
2218
22095
5940
14158
20423
20897
17251
5551
21609
19992
23583
16807
11545
23866
23897
11794
12511
8155
256
12986
13075
15919
5759
1113
22382
9031
15047
22712
21103
2346
8749
17866
22385
15123
1189
19205
1588
16021
9141
4651
9221
15849
22303
16870
9837
5777
2904
14951
1294
19757
5257
11139
13874
8278
17225
12314
17343
11690
20214
6482
5452
9606
27307
21809
8538
17804
777
8812
11115
11876
906
9586
23843
24253
12499
9781
22307
12202
81
16694
1064
18332
27521
24385
8540
8980
22912
11166
23154
25193
9712
16480
24216
1915
9370
17821
18977
24305
7595
9165
7567
15759
22049
1136
11590
10668
6399
6283
13385
24841
17845
27508
19112
24767
17134
1159
21375
723
24448
7386
2151
10354
11599
26272
25725
4183
1775
21720
16143
9267
14914
9765
5268
25881
8854
8642
23489
2962
16772
3897
11782
10077
1540
24415
16897
19355
26242
10346
5410
438
15546
23180
5969
1667
20879
6920
18101
646
23642
3673
7206
19213
22115
6913
21277
4639
12102
25168
4621
10802
17968
305
14479
24964
11240
9144
12481
18713
21065
17691
9992
23077
1728
20810
679
18514
17191
8345
20922
16857
18340
1678
15430
24282
353
5904
1941
14861
293
8476
17084
27326
3885
7521
2364
896
2152
26449
20754
25387
340
5511
22816
26316
26704
9246
6576
10257
23231
18947
10913
6160
20779
20942
23914
25505
21742
8907
13383
7134
15700
9151
23955
4903
14340
25974
1808
21389
20412
18637
17509
21779
8730
1988
22928
27509
26342
17792
3503
17211
6491
3078
10637
2027
15151
10769
9037
12398
16113
3950
24235
6221
1811
7021
17034
66
26449
24088
2423
1812
16014
8812
26721
9966
1799
21417
3295
10282
22849
18688
7444
19386
23708
1204
3634
16179
1877
22959
21054
23507
20034
17088
277
5473
26742
22088
17620
19453
21394
12639
4951
13673
7671
17120
16293
3566
8363
27453
14128
15386
20573
4735
18263
18856
16557
20040
7315
1307
13421
13744
7378
4581
13600
17246
8852
1335
23192
8928
7190
17687
17315
18679
3294
20410
17638
22609
27123
960
24316
20333
15472
456
13083
16811
2050
26655
14458
20500
21216
17463
5734
21769
5606
16566
14688
18536
17673
4695
21976
720
16489
2375
14726
2909
16512
24087
1634
959
16323
8622
2996
375
6319
8809
19081
20773
6399
2010
16253
12083
19345
22116
15500
10734
9279
10857
8439
13909
19360
4425
10620
6528
9165
575
16113
3523
21872
2060
6578
7351
21176
14046
12362
370
6571
12665
22469
19369
1276
15863
21484
14644
7187
12639
27295
16417
9006
9794
19438
2304
15334
1401
6752
26425
24272
16675
12857
20452
8977
6290
1105
21427
26574
23956
250
26491
25928
12063
8754
11848
20568
22190
27498
25128
26596
934
5329
4638
16630
14965
21953
16638
855
2869
2866
3355
16249
15129
2040
5009
21208
22921
25530
8471
18340
101
15631
1227
8048
4231
13349
9668
26944
16677
14446
16573
18863
16396
12690
11457
14993
5428
11820
19276
4626
17676
22763
13908
10370
6278
1840
23835
9662
15614
25029
2315
21111
12713
14810
23993
8180
17791
11004
9866
19448
22868
18243
25080
12370
16430
6586
373
4252
14910
6568
9884
1404
17222
25598
20523
20987
6725
23526
16456
16284
6643
9789
14953
3217
14990
21652
634
15026
24456
16867
25784
15063
2039
3697
11243
4677
26805
22651
22518
6426
25510
21889
20664
21318
1593
19423
22094
13892
20281
9840
14324
21309
23930
20858
13923
7122
14965
4666
8441
13396
3327
8417
2819
14489
9101
25803
3584
17651
466
24483
8382
100
3061
14465
10187
432
23211
8147
4184
18578
18268
21281
10083
22316
4984
23483
342
18557
10162
24210
7305
8880
9369
10733
26187
17837
5871
10741
16887
1043
197
13303
4332
434
7235
20156
9673
3654
16648
11268
2043
14902
14387
711
15125
7268
24720
11211
19904
18730
22415
27480
9120
7313
21875
8485
1251
16249
17765
2265
20734
24846
1909
3042
27062
18184
21922
6266
7135
26970
19
18959
11678
20680
956
10107
25912
26295
3317
6724
1646
27258
5720
4172
1583
16438
6763
25283
9219
10078
801
8302
22507
13322
26499
6004
13364
9155
7205
19446
23937
8506
26187
15188
20951
6665
7227
9897
9205
3351
1832
8727
5753
18449
25046
18417
13334
23517
2676
16633
20390
15634
2447
24417
3530
26452
8021
4428
4841
7567
12335
7846
6290
5016
17076
7870
16590
14304
13043
5812
7493
6401
11028
13894
7033
27035
27177
986
15626
20718
11679
11641
6886
22200
14794
26608
11871
25752
11752
21854
4465
20926
19599
16459
23683
26276
23674
23637
4494
27067
17249
9857
7649
6187
4369
11804
11675
