9686
16004
21669
19888
2905
22378
3931
9422
15239
25313
25915
19281
1144
6809
98
21400
27557
23951
24882
1190
20003
13329
8359
10932
27026
18036
4569
16578
5326
20228
25542
7376
18118
3000
387
11501
23480
20966
12022
24183
17622
4542
11198
23008
19086
13549
17805
16217
1248
20067
4631
26258
7865
8153
3300
6772
20717
6757
10899
24784
24325
17712
19427
20877
23546
9848
5584
10915
1141
18525
19660
24171
14007
24611
10911
24658
19803
22452
20397
2230
24417
8880
5897
8348
4392
5568
23358
11436
11684
315
16912
1796
25834
6011
3955
18235
17351
10559
10671
26623
15806
20066
23818
12538
19969
24531
7492
16029
24568
25161
15970
8435
16217
10762
188
23404
22274
17863
6106
10187
22769
11252
19174
13811
11601
9418
6933
12741
6213
18582
10134
8316
17444
22845
9339
6289
20809
8144
8414
13447
20271
21296
10063
15536
8789
13865
25084
6132
1406
11564
5002
12667
24809
22491
26549
17866
7839
3623
19273
13999
6571
9722
799
13420
1934
75
12137
18143
13111
3003
10135
2951
20864
8679
931
7239
19268
82
10980
8813
5402
17866
8144
18377
11678
6645
17986
19808
1022
23206
9937
9086
10657
5810
23744
22522
23167
15871
13597
1655
20998
5749
1122
24187
20096
21056
22209
22015
2239
2405
21445
14248
7435
12920
16010
22651
14405
6190
16867
7833
19350
11251
7993
22177
17794
26669
15298
16468
2695
16601
12684
18282
7393
17816
9224
23290
559
25697
11047
22925
4336
17216
17795
17256
21001
19902
16536
6864
26595
19199
20287
19022
24439
20682
2310
23165
13851
12505
13402
7177
10723
1214
7367
17142
19924
15036
9819
19889
22868
8720
25312
7511
8356
23721
14026
6741
1978
24050
20470
25821
24576
14098
7836
26820
14717
9406
9583
11603
15017
1113
14244
23042
2368
19361
6296
5812
26486
10580
27289
26512
20913
22838
8495
9796
23347
2439
9410
14025
20515
21220
25398
3110
9863
26352
12127
6648
831
7761
2479
18905
16551
11739
15743
21612
25195
13250
19369
11563
20601
237
16694
7391
23214
2938
8402
27473
6356
25295
2984
10119
12479
24871
7491
13255
2815
2694
15278
27205
9814
4336
13495
5566
10540
2619
11525
17568
17760
4148
6182
2947
4140
1905
14291
6009
24436
6185
16463
7023
18944
24574
2964
19916
12898
2764
13895
17726
21090
25437
23242
2470
15819
9719
5335
6424
6519
1039
17814
16863
9151
17349
16028
510
6187
10932
24075
21308
14703
20617
10104
3527
6711
17606
12000
3610
17582
3563
18797
17605
15400
16755
7986
14926
4579
11587
26259
15718
10833
18048
24574
25788
12500
952
3808
11153
8338
20524
24125
23544
15745
2243
9492
2458
2358
20469
6945
7080
8956
16241
17711
2770
19373
21057
12493
1661
5583
3698
14735
8918
11136
12358
6750
21962
5792
17884
4113
27561
10458
26096
17573
19053
19790
23347
27286
4979
16181
24188
5472
11357
4593
2251
8062
18442
8326
13354
145
18264
19571
9173
7854
1331
605
18082
7014
901
3197
5815
762
23669
6477
1099
21287
15741
1
15918
13074
22550
4527
8526
11587
11741
15643
23888
3634
11567
22168
8293
17523
2408
10597
15270
7411
20406
12794
4743
17904
24454
327
27362
13113
24842
2454
24239
1777
11394
19780
9291
1436
5518
19517
5244
25898
24902
4586
4064
8470
7943
4372
7063
13028
18011
9035
8862
6417
24159
13800
1861
15726
22983
21534
20215
19773
3474
24604
9032
25055
11028
2163
11908
6178
11387
22137
1957
13221
14350
6408
21857
413
5478
6817
1510
11940
7368
11409
19250
8911
23298
6092
6040
18673
11663
14136
747
5544
22566
10850
7641
17525
2537
12686
1490
23094
1169
7922
5574
6873
16985
8001
21850
6442
21934
4004
15543
27365
3489
26028
22110
19524
5522
25350
16680
3712
11195
18933
20079
1571
22779
920
19523
6827
612
27253
2228
17007
12418
2240
1758
26561
22467
3677
5379
10071
5921
1132
19187
7132
2423
596
14162
3143
17447
1851
2512
20877
51
27545
16619
8039
10635
13091
13974
18058
27140
15804
2920
931
16723
5557
9764
12164
10211
8256
3295
17869
19939
22599
19743
18240
9213
15324
9335
24184
21012
8802
24646
9987
3476
8725
2513
9081
26739
11712
11474
3787
20544
7137
15716
6070
417
11529
2409
25284
6854
3142
23868
18666
20089
4072
71
20546
22383
8544
25707
15402
1957
4668
16289
11306
10145
11087
23068
26158
17866
3967
10648
21714
4351
26041
12371
12919
26693
24248
7202
262
14581
2325
2601
2327
9413
12868
24398
549
24583
11126
21172
4944
25606
22447
6862
23913
27241
17586
20377
22518
16545
2056
25823
8234
27397
10632
23061
11605
22056
17900
13577
22960
325
14407
9078
17780
6890
3652
10461
26404
8540
16491
8015
808
14780
24448
12671
3788
4887
8384
9956
14642
18047
16130
9164
3261
16034
12888
27406
11679
12499
27023
15709
964
15338
10723
845
17861
183
10867
14433
3340
13463
24651
20401
960
13943
8042
24961
23032
8196
7712
706
23098
27179
23887
2799
25117
19954
1964
5242
23050
4248
1212
21517
2695
26823
12583
27052
14845
14573
2498
26185
16557
26370
12196
24756
2256
20398
5433
7609
5406
21889
4231
17154
23816
13063
17058
13611
6057
8923
20499
22833
21884
8579
16590
25092
6502
25535
10092
18597
523
7399
6278
9006
20459
10175
1265
7220
1710
8141
22123
13598
21354
9579
14475
23968
17301
20764
6934
4522
19193
1879
11415
9336
15814
8854
1967
16290
23506
8978
18480
23985
14162
17747
8409
13276
7456
24223
5047
18621
13955
2483
19691
16006
6341
494
18152
6514
4363
2955
3563
9224
15116
11780
8373
12475
8519
1896
9433
16952
11859
9730
16343
10958
2799
18056
20211
23145
9548
10558
11488
23890
250
23355
15113
14364
7484
23150
23439
13327
20353
16909
2473
24220
2240
17998
25885
11336
7960
72
27199
23627
16485
1570
17711
27188
11857
23060
499
8223
5133
17315
16782
26798
1226
573
8394
16006
26042
1408
14328
2209
26783
9478
6585
19691
5343
5100
1548
3368
23937
16226
17078
13576
22589
26556
27493
21842
24697
1035
8253
15149
19835
11217
23896
25500
11456
14983
17331
14962
21177
6003
20850
26010
6078
5600
