2247
9201
12593
1791
8676
2973
19628
25728
5798
21535
5130
8718
9569
9310
8104
3078
7337
23536
10637
24003
16873
15700
13661
23167
2283
20904
14658
5310
25693
10203
11244
4527
23353
21047
3659
22651
17894
6772
10428
15402
6494
3548
2307
8926
13822
5337
13492
8525
77
23803
26586
5642
5994
2982
3425
22431
9554
1520
9103
3995
1095
3688
16884
17649
2568
13803
18236
4018
23172
317
793
13181
4232
3112
11258
25264
4836
15755
26801
12152
24007
21563
24991
4791
19078
23585
11638
18067
24339
22374
23592
5395
21679
21176
23622
24947
234
22230
18172
2277
15995
3905
25005
13166
2689
14819
8946
6915
12981
7213
4618
18736
6618
20746
22074
4205
11378
2284
9188
1480
2325
19113
9931
2860
1696
21835
13298
1838
14751
24736
10691
1967
4198
6055
9331
11836
18340
19971
24912
12318
23305
13717
19701
27097
6993
22655
18551
12522
8632
18567
20957
26526
7220
13743
14068
2855
4137
27548
21792
14812
24961
25986
22890
13911
759
13534
17664
19603
2311
11539
10050
22534
16176
24779
4589
7341
6609
20002
8012
12031
5107
11695
12118
16284
2942
17073
7962
22963
4309
2764
6455
12154
15840
17205
10700
1938
23638
22276
1760
15136
5049
7340
18412
6776
20674
3778
9849
7042
14435
16422
4339
14233
18754
25916
5584
20819
5699
23268
19772
18070
8880
2095
6931
6654
12218
4195
10683
13191
4550
19557
590
4238
1070
12457
6266
20173
1428
436
24340
19064
779
24754
11207
18215
361
15760
25077
26425
11973
2750
8002
12981
8223
20722
14457
11134
13786
2755
18728
7975
6660
6116
856
6933
5830
4916
9582
13596
3909
23533
23373
19463
3695
18758
22039
23346
11931
19535
21682
10669
17437
451
24065
835
5657
7597
11081
10643
16875
19488
20666
8303
22891
26989
16663
22248
19624
434
2484
903
24608
15806
12952
21185
7125
25084
2395
6943
6233
11854
7730
19490
19875
14069
22464
9814
26338
22454
25787
3845
3616
26110
4588
22094
1346
9865
11189
17722
7948
20539
6825
2885
1006
7009
15881
2820
24181
18209
23437
14455
6562
3798
24569
17976
13950
49
17058
11462
26532
12213
300
13526
14344
1600
10987
23582
14459
19451
22511
12327
17957
24401
19386
11677
24337
71
18202
10262
27045
9337
14156
11765
16713
10762
18930
15937
14554
21552
5141
13880
16566
2479
15152
15138
20629
23474
17656
17726
23062
6050
26932
19717
7567
16448
26003
22366
26832
7415
2653
17306
27319
14716
27521
19969
21872
20301
11915
1642
14304
27359
27094
12732
23994
3380
19326
7707
25247
13553
9605
4270
60
8786
9778
7333
2159
1032
5963
23537
25752
13459
21349
1903
4269
7338
20934
7944
12762
23436
6860
5732
16778
6707
18566
24542
11444
16348
18872
14701
17965
13553
13472
12512
23480
20504
10868
11907
11946
26718
4086
17923
14929
16463
25542
4776
20078
7955
12481
22687
3366
3688
5732
26965
267
9355
1085
16362
17478
10500
18730
21519
987
2112
17570
11350
23834
11675
25437
3082
7070
20747
13837
20680
14861
16892
12300
25288
1326
27452
17563
26757
16778
15554
15301
10297
25758
27497
12033
1368
17950
7313
4389
10257
17976
4995
4138
19751
21762
603
2054
24225
23776
122
25105
17533
5297
2736
1628
17901
16945
26515
13432
16750
13793
10667
12241
21037
5042
1641
7029
22080
26454
25881
18267
2542
2693
24023
23412
25074
21132
5269
17128
16366
27203
5418
12558
323
13349
2162
29
22024
4844
14709
786
15845
26398
13022
8749
6353
25047
22434
7589
18246
17893
20443
13052
5185
1477
2948
7373
21569
711
15461
5364
16170
7835
15904
22800
10459
4369
16847
11488
7336
23939
6581
21935
8225
20501
13809
19434
8151
18186
18887
1954
7864
24522
19474
17212
12079
26013
6770
14810
3844
8671
22353
6060
11043
23755
9288
2360
11702
20071
6617
24624
1442
19250
16984
22855
9252
16542
25913
3897
20215
17356
19585
12590
2113
6814
22448
22125
9961
4437
16123
1467
16369
21377
5273
16103
2210
6476
1674
24737
24947
2434
3333
3235
19316
4773
10320
7299
15121
16214
3878
7147
22081
13887
22598
20602
2153
12074
31
12161
10753
4948
2713
16259
12758
17433
8557
15031
4685
24415
432
23702
3028
26161
21279
13918
27131
11580
23359
17764
1677
9987
21367
12285
24873
8222
23531
3566
10360
2181
23041
960
8104
8777
15715
4402
23980
19702
27099
15400
24316
8272
11211
11943
25833
2057
23807
20405
19694
20066
8410
13674
21568
9000
5584
11657
14192
1240
8165
2799
24684
14475
7137
11044
11574
7512
20877
22161
6862
22155
21900
23641
26846
3071
11131
2022
10076
26488
7098
1907
1107
10175
12052
1107
15043
6906
16389
3043
8300
2020
14671
10993
1620
5802
3067
4506
3527
26571
9900
4259
1079
375
20148
8074
1889
27479
22765
1999
20612
4251
2819
17766
16671
16184
15376
22281
21972
1342
21923
5358
16305
6438
8289
7283
24508
25132
24805
9726
8812
9228
3222
18031
21875
9607
7549
10039
22222
2031
8371
21780
11668
26544
3719
23884
25969
25925
18769
7698
21438
9028
10223
10627
3444
15878
17524
15124
7324
27192
2205
12931
9490
19138
2430
15255
4507
16390
22687
24298
12794
22034
10966
10068
2671
25099
16373
7114
5885
8359
26199
22779
23256
16029
21859
12581
17025
1113
21155
4346
7058
22682
16798
17573
1548
21339
15462
9075
491
1909
11554
25009
13401
6117
1901
10531
19366
12405
15764
26175
11083
6621
24319
21285
21206
22881
16694
19938
3583
3606
9575
6326
25734
16345
25711
18603
11471
18345
11576
17553
6719
960
17866
7020
25450
22185
19602
1102
18375
12873
4941
13999
2641
1647
19511
26554
23298
886
18650
3338
619
12808
12852
2561
15634
8739
18982
26879
14829
5698
22235
9639
22499
9052
19048
15487
13499
27050
14646
11514
20425
1907
5316
20050
8791
7293
14909
16671
22488
21459
19389
25340
5274
360
11127
19908
5270
23902
356
21881
9082
27233
22481
24552
5743
3148
1399
11147
1061
1794
26475
13208
167
14313
15220
14151
5873
26194
9107
12358
18475
2035
11845
205
12673
5379
791
18242
5446
10080
26099
26776
10184
23517
24365
21075
5995
14385
6399
9321
13708
