7036
6981
10588
12357
17264
27174
811
22433
1842
25040
24653
24201
23062
7122
10136
23359
12101
11246
15730
14835
3191
23778
12976
2498
12250
21990
24442
16722
21251
3700
6074
20763
18854
23824
21643
3596
10160
9222
18076
7222
26434
27436
25852
17610
13629
20193
19236
4334
12686
15366
17297
17316
10457
23950
6580
26304
5107
5733
15290
16070
22590
849
8762
19967
20680
4244
17038
12700
7780
1025
11030
14551
8560
21066
12041
20654
2475
3768
23432
341
23115
9423
15412
27265
8069
8056
21805
3513
24387
19955
17475
16257
26566
773
13006
4485
4009
16614
6442
11378
13526
14207
25730
23435
9912
24799
26173
26520
12300
6485
7938
10206
12369
21413
22401
4184
3392
22095
8344
17117
18719
14689
8429
8367
10610
2549
22229
21241
24605
11428
12837
3876
3702
5705
3903
12162
3330
19302
22445
23108
5656
18093
7212
22047
7773
8475
20656
9377
15937
8401
14288
7077
5442
3603
15783
11664
25660
6970
23254
23523
4172
370
2025
13213
2823
26798
14373
19936
19006
27107
15675
4376
11770
25676
9108
2445
21938
1999
21595
19804
9505
21938
12795
3694
24983
14697
5220
722
27076
25653
12456
8745
15205
19387
17247
15150
26500
23985
7648
24755
7141
12347
7781
20348
26607
22771
8070
394
17826
26892
3949
23075
16816
26824
18323
22794
1524
15082
4894
24032
19610
5036
17285
1878
15302
4186
9082
18422
5264
2763
22813
26900
16613
5002
20161
2101
16908
24574
10618
9653
16703
1117
17507
2686
11582
5338
15791
19678
11400
7879
20615
21559
17986
20258
15839
13567
21232
7804
18663
13025
8418
2154
22302
26738
9076
750
2174
14481
19134
17242
15698
18027
1520
25554
22943
18431
21270
8282
21423
8549
19446
1597
18505
9377
16846
8367
26998
18125
15869
24382
11268
21332
27190
15083
14209
21311
19390
552
78
370
12802
12441
9138
21188
21274
599
10442
8800
2810
23432
18374
8416
4293
3538
491
9884
16808
17728
19514
20856
4958
1034
18045
9094
7590
6009
9887
25097
15370
2237
20309
22182
20840
17836
15951
22414
22045
1430
21706
10580
2974
24558
11573
4234
16466
12620
1785
19390
5338
20848
17392
12528
16385
3474
10227
20459
22339
1036
11855
7610
17004
13445
12549
12537
27159
12263
26576
1307
10444
3903
290
27263
19061
19557
18015
6143
9374
25701
14171
11012
2745
25892
271
26446
10505
2869
22893
14063
11746
14865
11619
11011
23926
27169
4458
3319
1353
22493
19302
26267
5918
25929
15756
12054
1119
17022
19273
11579
6291
17399
8997
21773
5922
14471
1743
24527
26374
25735
10864
16756
11289
10151
19266
16917
8440
2574
6089
16018
19247
7931
26659
17411
22253
9588
23767
7725
14219
13658
5532
19929
23129
15891
5762
9187
20708
12803
597
18574
8028
9644
19118
11264
9988
23889
13817
13177
2711
22068
16899
25912
9604
7957
9310
2937
16700
13882
26206
6415
11674
12623
12982
23241
21882
19040
24382
19339
23319
22160
26170
19146
3175
701
26995
14855
24924
13607
16460
18983
6857
20321
11578
16670
9823
9073
8929
18152
11147
23552
17171
10345
8933
19923
19137
17211
19188
25379
25152
3891
3186
2313
21221
17243
11872
9871
5248
23755
26325
16012
19781
7167
8485
15977
4157
25195
14214
23363
15628
16236
13313
13092
3939
18678
11050
24399
2376
1133
806
10345
15578
4281
3715
1889
12607
11090
22960
15829
310
3270
14753
9412
1503
15979
4437
25363
26419
20846
18466
10282
26408
11564
26553
22677
25055
11891
11695
2402
13581
12405
7829
21197
9205
15029
26575
7854
14181
23796
4183
26306
9371
6912
20342
3272
24170
21336
21140
24309
8023
18362
24677
12920
7789
1517
11997
15130
11502
16460
13067
25202
14984
27152
25448
7592
12039
1079
12122
21943
6809
4705
8607
17073
12154
26010
13033
22944
13131
23937
13034
14515
25083
21334
19528
1232
23743
25936
13126
14619
21815
1090
4104
7323
4430
1779
3112
2422
26192
14100
12147
16192
25288
13589
7446
19366
5727
8852
23724
10862
24525
23788
7714
9887
10219
15935
12763
15392
16751
23878
12164
27101
9544
8287
10181
16002
6798
2933
15711
14803
12885
1950
15651
20796
250
7634
7122
6426
17499
3727
5302
8898
19652
25132
21287
11039
26496
4402
978
3713
16247
15615
9393
21481
15142
4037
15345
23345
7165
13808
17497
17822
14322
494
23582
11712
18885
15740
20449
18859
22892
14100
22028
7843
6309
17039
742
15273
11306
20138
16433
17797
8119
2394
4156
5969
11167
19171
14686
10177
412
24755
2244
9862
23450
18737
12611
18421
4579
9977
3787
23162
5957
2401
21963
7315
18020
21185
1035
18274
24831
17545
15607
26371
2533
11064
2533
15390
24434
5106
25920
20424
10785
15246
9790
20695
10941
13915
27521
7988
15492
9799
26443
20802
6621
4741
11317
23949
6224
17273
9727
11589
691
11592
23865
24926
632
13090
15561
347
450
18805
23787
2580
21538
26877
27498
9727
14323
9410
2388
4708
11625
25127
8427
11361
4119
10085
13983
17170
13828
17317
2515
27084
18046
10258
17965
1896
20536
92
8174
18703
2295
10139
2632
18872
7792
9073
6938
21521
7781
21951
26676
18813
14911
18069
22171
5121
26588
27541
11678
27183
2881
9155
22353
17094
2563
1240
16157
9755
19489
22718
2017
726
4113
3859
4587
5214
6018
16568
10875
24728
17973
10627
5210
22088
4032
27394
9081
25182
26227
15183
21595
2375
24856
5587
20168
20290
19555
6595
25357
22043
2787
20909
25573
7380
13642
25061
5004
9796
4402
10850
22982
11060
24696
19653
20109
15691
27259
16594
18025
8077
19621
14499
22454
4845
6650
19484
1507
20626
23678
23033
4402
6412
704
17860
22551
3985
22291
25119
19192
27349
5847
6649
25096
17803
22312
1705
9600
11743
19095
628
810
16487
16917
9788
25395
2187
13425
9278
20715
6398
3053
13911
10360
16046
4950
4847
2440
25042
12249
6488
27469
25398
1212
20977
15499
18247
7356
2787
10077
13258
5483
2707
13920
6012
7738
22112
2077
15583
16305
4761
11618
15319
7218
23210
25668
10104
17295
248
2726
26145
5133
9629
16276
13277
25392
1328
9994
15860
13093
17711
2378
4422
584
1859
16776
8246
9744
25505
26799
23487
11452
11913
