6500
4262
17148
13558
20145
13443
5700
15257
15751
4525
3443
13614
5673
7031
8875
14301
11840
4786
13835
10699
1136
22853
7724
16352
24529
8980
1939
21724
22526
3452
25842
14713
11741
280
11259
11099
5652
10016
27042
2399
19292
8018
24804
25552
734
13161
3360
8731
5379
13635
21058
14727
11134
5133
13940
6132
16853
3774
24790
6814
6656
7488
3119
1103
21777
12849
8385
8879
4732
2352
13675
21670
10209
2464
18935
20460
14650
18596
8161
6971
17456
25309
23674
8277
18574
24856
11414
25096
17455
4230
119
3289
21689
24501
22712
1492
5301
6015
6949
11374
447
19929
2109
552
11570
12191
12439
20222
24111
24032
18248
9632
2942
11280
23354
24298
27499
1696
25858
22560
15744
24074
3684
23902
26883
5562
919
23091
26685
15258
6516
2176
9931
1006
27318
4151
3266
20574
21048
16388
14612
3070
24507
10609
10699
17823
342
1775
21493
10267
12082
5777
3284
12272
5288
26972
9623
26652
977
19427
19524
2098
25876
32
8326
8402
24618
13579
17865
12980
50
18383
23324
22487
23728
20322
11678
145
23706
228
7887
12815
11500
7602
18675
5823
9662
1441
25301
5206
4156
10790
8239
27120
18649
16518
19624
12710
22580
16472
12513
9135
8241
18874
8387
132
9610
3841
16073
9862
19305
16826
7924
19366
15054
26420
8072
8633
7533
26459
27348
19395
14023
6652
24170
14670
15153
12568
7377
2787
10517
16757
24730
10720
23111
23259
18520
2719
3074
27269
21287
1708
2033
13985
13991
2860
22741
10124
14367
24120
18266
24979
6319
16684
1517
2275
25462
17957
13016
14356
25042
22003
3238
13761
19676
11053
90
7987
23587
4622
18823
24038
13894
17230
11309
9120
10181
22784
22078
2371
26852
3057
232
15151
17652
1482
19526
5898
9376
25584
15349
19837
794
10848
4406
12767
16490
1364
15874
2278
5863
7176
27097
7119
23005
12317
19097
8495
13551
13506
20940
17319
5532
12534
16980
27228
25174
11940
13435
6953
10805
17037
16987
15072
26394
12231
5646
13191
12852
6464
22481
22913
4940
14976
23586
17439
20275
345
25005
5181
3440
9106
19495
15088
20847
10902
24388
25061
3100
16255
4011
16622
18269
27530
21319
1101
12632
14014
19495
17843
18862
14319
4888
7728
19506
11395
18975
16883
18770
2244
21613
6164
1874
3904
9566
25354
23416
16653
1188
325
10211
3093
14330
14971
19578
20402
21577
1888
17847
8731
24564
18613
8223
6365
11086
17974
18351
24248
18087
8393
20907
4589
22961
10946
12545
26594
14324
3357
4128
7673
24028
21240
10904
2851
8539
24292
17531
8597
26551
5562
10626
8936
18886
11984
16773
14352
14976
14267
16660
4041
24324
22708
22559
16358
2536
4680
23837
22550
2089
1981
14464
21503
27207
2026
12852
16411
11339
23525
15308
2447
5177
384
1509
12438
7511
21240
19024
14180
23733
8125
13921
24088
18903
13030
10801
22975
9362
3517
10105
286
17803
9556
10886
16383
5889
5775
1687
10117
17408
13157
9545
25561
26836
9591
12375
9323
1444
17168
22760
27337
18051
4374
21371
16506
5344
15489
8891
16537
3962
20245
22984
10477
26754
2036
12307
26178
2946
8063
20753
24399
6425
3405
4762
2306
16030
17031
2873
18333
26289
4062
11900
7062
17830
25661
14095
10791
16475
19703
24757
12206
18283
25464
20378
8635
11136
3449
767
993
8227
15353
24450
18367
26781
3492
6288
8796
3968
15698
18900
23218
15319
5559
21301
9946
6123
6830
5783
16192
8485
23469
14044
21862
18898
4990
21744
17496
1618
14667
5937
14231
13395
11413
27125
21933
4371
2885
13197
9277
21228
12215
9552
18306
10659
16431
2528
3866
1157
5932
549
4110
9622
5220
18470
11395
23389
12725
2088
7781
25522
20617
11562
16373
3516
14186
11437
17837
3069
2661
15909
9643
14310
15915
15867
5101
27164
796
4246
27178
26878
4037
3288
14711
13212
9379
23651
15422
15157
4453
6008
25515
9963
13110
11147
5859
4165
336
24214
10644
9539
9760
11253
6278
3047
25662
137
2118
19691
26810
27055
16581
2584
15685
10569
4002
7376
4625
25968
10008
20622
603
6881
10533
1924
10720
19603
1407
22720
1141
5154
21566
18300
19524
8823
12131
21821
18017
13146
20982
6023
12567
26497
13554
5973
107
21110
3646
1174
25516
22309
17851
12482
2733
13357
4964
7534
11399
19762
23867
16851
4707
17710
16391
4411
3716
20980
22239
7997
14879
13267
18910
17789
26006
5455
5316
16572
9572
25502
10277
941
21663
15216
20634
21669
3680
8830
25992
12250
15615
19014
14100
11014
17709
892
16775
7620
24713
13605
12269
8395
5688
20990
5064
11570
21879
4695
19512
4404
223
5499
24439
27037
20937
20101
21360
22929
8390
3055
26988
25448
9736
18603
22838
16466
6913
23968
15916
175
22797
9578
22949
10471
23254
19229
20464
11447
1955
16596
19846
11094
7151
11508
15195
4667
1182
27156
20738
26871
8814
5442
26007
24680
4567
12956
12459
8052
22458
27538
17298
2096
4459
23082
14486
27417
17586
18623
9969
7464
18845
24888
4104
24601
1600
22822
14322
17234
18009
2592
17144
23396
15535
18104
9486
1519
21390
2209
7661
826
473
7570
14338
11296
24708
10930
7382
7540
23610
17887
23383
696
15644
6091
10595
268
25570
27071
11247
11615
2968
26025
26951
4040
11250
20481
4437
24094
10744
4468
8812
10138
6693
10928
27070
18929
4557
19375
11162
25455
2300
6384
19295
19457
11021
11262
1120
16826
25169
26896
14263
8982
26379
6323
22881
1067
10734
6767
20091
366
9728
20180
16962
26450
4856
18072
23171
15266
21991
1847
652
612
8729
21454
20221
3032
16142
1175
17993
6269
16634
7367
23403
21651
26278
14254
17157
14291
6059
24203
24029
25705
17822
3987
24648
11665
21626
22277
2220
18255
1798
11904
23709
4154
18412
783
20866
5795
23588
7706
9614
11551
10986
17456
25209
13917
8155
11507
18392
8326
21225
16092
4974
9566
17806
8373
20339
965
21978
21086
8743
9507
14902
13477
21587
14138
26912
5633
17071
25655
2585
26358
15429
17498
13444
25035
24092
353
24557
23730
12832
8772
11999
9599
19301
9141
2543
20213
21230
24326
6269
4548
5878
19870
10611
13623
21045
7080
12533
25033
22839
15993
26413
