22218
11219
21894
12066
11079
4406
3447
14302
1432
22512
15617
9491
17706
25316
6523
2892
5783
23926
13277
7506
2394
6161
21277
6784
16828
13441
16870
16219
13643
1977
18244
6507
9428
11079
847
9688
23821
24442
682
4577
16006
18800
9517
11280
3661
4371
25712
12911
250
23000
2531
12497
10074
20260
27279
20943
18540
13772
22184
10488
24894
5745
19902
25499
5017
633
23783
4657
12977
18476
18526
14160
20455
18422
7095
26945
11908
15997
8619
17852
16741
6375
17960
24541
9443
838
5179
3921
12423
2193
27374
19273
21292
4410
15158
7932
23795
13242
2967
19565
12708
2533
15746
14535
13270
22183
15805
18336
24327
15737
16335
25543
17577
24061
10214
25797
6923
17524
16836
13467
1403
16608
3389
2880
25138
12783
18708
14006
18430
2261
10127
19628
15981
12822
12437
8525
14368
20031
19747
13995
23439
7645
10140
18069
11275
22486
18790
13004
657
25202
3426
14835
10830
18284
5833
21195
3670
24973
1537
19299
16996
4285
24238
16977
1152
26585
23912
12655
10087
17671
19268
11631
6112
10716
21648
8805
13838
11627
2689
21548
9814
9157
11359
11707
10112
6927
25582
20218
25160
1368
16584
5773
15682
22736
21638
21630
2313
19608
17585
6160
26583
8380
1020
3349
10150
5108
13068
18698
9400
17285
22488
18330
14146
17173
4736
10862
7037
18165
16150
5448
1769
10554
2435
17043
1380
7500
18234
1135
11014
24965
20953
2644
19657
23454
1149
20839
25691
19417
17965
1159
3036
19094
23394
11365
23273
18095
2662
18511
12290
19047
18804
10857
3989
17931
20551
1055
17774
24249
5133
18901
16457
26855
13081
15323
4910
6295
6950
23689
4194
5265
21915
6319
11198
8462
3775
22657
4272
20240
26009
17663
18986
15482
7884
3085
14697
9395
25273
12114
24343
23285
4107
17569
20092
18828
20249
13202
1273
1502
15481
14775
2354
12118
18293
10188
24708
23214
26403
1698
20928
15507
7511
25986
11512
12174
18044
20191
5286
25132
694
18623
26719
27512
9728
7003
4736
21867
1194
8316
613
22942
16393
17503
9064
13736
13390
1164
18123
14543
17829
12256
17141
22134
20980
13704
21012
22907
12798
8441
21913
25112
27079
12772
14742
23260
24931
24989
19231
20920
16863
25947
25324
16797
22697
13589
18953
14529
21524
4858
5666
1564
4586
13830
6700
1609
23495
26881
25021
25506
10051
13099
5058
21324
15473
7418
22950
25661
18206
5925
6990
11675
3369
541
9394
367
24898
23629
25271
14476
27250
11543
3863
17901
15891
25529
22712
9187
4312
18435
9648
16391
9772
7842
15152
5066
4356
20097
17020
22743
963
15255
9451
6912
2881
14687
11602
13692
24337
4216
16228
3428
19490
17249
16893
25097
13208
3040
12398
9448
3556
16920
19212
14385
2787
24660
1012
6775
4701
21648
18644
16646
27216
23622
13674
19406
4456
27553
4941
10896
20642
6006
3471
22097
4367
342
6902
22974
10887
17738
10809
26796
24874
10339
4911
17438
4399
19935
13086
25517
24288
19415
4620
20731
12446
25755
8730
2842
7490
4369
17468
12131
3205
24729
8138
16511
4611
12624
1891
6214
11689
11117
5473
10314
12781
6559
13653
12997
7642
16562
25748
10824
7697
2440
27252
15062
8259
15589
1748
25190
14219
14985
22353
18030
4942
23266
11967
19218
11173
4332
19756
12182
13877
15483
24908
16408
3822
24436
17453
1097
24329
22838
7066
24541
8695
19903
12585
17229
4890
11876
22586
21104
22276
11644
20337
9940
11919
6328
9265
20110
13067
15797
23782
6074
19620
1847
6285
22914
22195
3534
15783
4490
10370
18989
25762
2859
25683
7553
3594
16630
18406
10383
7229
11741
11338
25798
7819
2522
23340
13980
12417
16397
17782
11468
23437
4952
2360
25671
6297
19883
22906
3217
25036
16358
16082
11555
18052
10855
12802
14012
5620
6221
10724
11679
21327
15670
9904
9240
10053
19816
6595
5688
1925
10282
6091
2333
12185
19088
18644
4839
12797
2882
14925
26284
11612
24119
8630
18086
16095
20100
23231
20014
21504
4888
4436
6769
9423
15181
22907
2766
16816
20846
6951
12474
20099
25866
20703
17225
26440
22651
27261
19722
20211
21147
12572
7682
20770
11364
18643
2129
21538
2332
26866
17694
15155
24506
13232
21439
22835
13007
17113
2822
4994
26002
12393
19560
9703
10789
25516
24086
3565
23743
17486
8673
2757
20519
19937
12422
4179
15223
4460
16076
13544
22989
25699
16196
8483
19107
18339
4752
11893
10438
19871
17981
11621
22534
1550
22762
972
19630
21068
17290
22348
4044
6208
21973
661
25151
18816
16818
18356
8186
18247
4469
4277
20656
692
9367
24819
24097
6981
18213
1404
6354
5493
11338
5295
20150
4680
23938
10277
3205
24574
24568
7231
12437
21702
24148
5113
11378
8064
17620
14738
3219
21439
5734
10152
4504
11155
5973
15039
232
15171
13236
14482
5355
17326
19287
17752
13286
15030
12574
14115
5980
22893
12637
1594
5566
13824
3828
18077
10470
14566
5767
5723
23298
17029
16348
15777
17773
11760
6959
24892
16090
12561
211
18042
24478
3640
14995
18608
13973
6510
26584
8653
24910
6089
21205
6972
23301
13215
24518
19359
17587
14302
19590
968
3769
25124
13515
3715
20143
27369
24030
8484
20540
628
8054
5056
20260
6559
1045
14087
12608
14420
14572
5845
14591
22824
17515
26920
5009
6120
16873
8505
24592
23234
26887
3829
25154
8042
11996
15222
10986
10893
12324
13928
24448
2056
13208
4744
25779
6771
2081
6296
12493
21002
11843
17311
2121
17377
2425
13993
14429
1223
8668
19929
9947
22762
912
5213
12146
524
17400
12387
9157
11980
27448
3826
3361
21588
161
1239
26078
2828
1741
23341
10130
23456
10320
10113
9939
24234
11535
13046
16782
21491
19909
5787
8288
9157
13814
21319
10021
14966
8828
19273
23135
4148
19049
16464
10564
27091
6580
11899
19001
6054
15881
18217
11863
21482
13044
5473
7833
10624
17113
4287
21069
9755
21292
2161
5135
8410
13422
7288
20238
24258
22096
10821
10896
7020
9236
24209
27340
370
7286
27218
1892
26372
1551
11038
13825
1444
14958
7434
4780
2515
694
16350
23148
20086
20571
10424
23186
16333
25826
24472
16904
552
19358
16581
7857
20303
23651
5830
15203
14988
13467
6277
17065
22037
21471
