22418
14774
13622
8561
17565
6324
26266
6154
11395
13853
21044
23517
25163
19847
23474
17239
3385
2687
21005
14034
20027
4623
20598
4872
4715
13408
4003
27161
15577
4416
21173
19235
8707
20163
25249
1622
15741
12982
5584
21960
4265
9566
14361
22367
603
24369
20047
26867
6215
23274
128
15998
10563
5931
19664
3009
2400
22355
11745
15005
22647
15427
16297
5907
20525
26068
2475
26328
25132
15456
13202
10753
24211
15023
20406
19995
27104
10896
4649
11910
15854
2062
3697
22697
17688
18687
13714
10732
17217
4761
4056
11670
13036
21270
692
8788
15467
5265
4163
13154
24542
12254
23953
16644
18224
26269
3591
12498
25931
2884
10357
26228
24330
22246
3570
21253
9197
26491
26059
25557
62
2917
15581
22764
9602
20763
18597
26816
7922
20201
26536
19975
5017
426
12043
14094
8327
13444
12255
7034
14435
24956
11828
20848
1101
14886
347
10618
2206
27484
11246
6829
13191
9530
3325
15886
2424
11876
22582
24281
26319
2772
807
23249
14136
19236
19997
27350
6845
21705
12387
23781
6386
9906
7771
3500
18426
16214
8842
23437
14850
16413
504
3519
15286
8223
5007
15134
4085
1132
6375
20988
3029
19524
25471
4129
16403
7664
10592
13279
23499
11997
11685
22119
19879
14990
7637
9969
12705
21061
26569
17797
13961
26333
15286
25681
342
6459
10896
19416
2677
11913
9667
3934
7742
20071
14580
21248
8977
23975
22684
434
11587
11095
22743
9040
12889
20869
1610
17416
7864
4539
6281
1470
8211
6638
170
14879
26255
11500
20103
960
7760
15894
9629
2946
5032
15559
10718
21841
13247
11901
300
17997
23327
19599
21529
9223
3106
24910
22868
5653
3121
776
19469
26310
16380
17384
12801
13483
22287
23409
26154
13491
1324
17149
1103
20204
22014
3700
26632
12900
25274
18166
19358
5797
20289
23695
8648
15040
25332
9621
13386
26781
4407
14654
10810
27126
21215
18393
10901
21839
11334
18663
2964
22841
14627
25885
17657
10559
2305
13251
4780
10575
15795
18340
11034
14428
24211
20656
22720
27500
14089
12170
102
2187
19181
19891
15403
8990
21400
10952
11347
13168
1600
2315
16956
26756
342
25872
16342
26040
20632
13739
14169
20540
24688
18744
19177
17856
8544
19881
17327
6436
20909
19891
6530
281
26272
16857
12423
23430
2288
19995
21387
1907
10084
5548
18034
25704
9663
450
14942
1341
9803
16771
16046
12710
2392
15635
8806
11889
16838
1252
11601
19250
23968
13428
13476
7264
919
20123
6460
9467
12111
21451
11920
7840
18587
22389
10131
8781
14411
18927
6726
17720
18559
2514
17160
6968
16152
20284
4700
19009
19162
24420
23408
23005
20067
6332
11751
4848
26065
11886
26454
20476
24994
15934
14922
3470
293
10135
14941
11543
13947
8910
15294
25475
27424
23727
26787
483
162
8740
22452
17095
11215
27216
415
2643
18180
9032
14345
19294
7707
3848
4733
24543
1423
15909
26727
22556
12909
24028
20401
14349
4630
14653
19475
25897
13142
18353
27431
10581
19987
13732
17175
966
3217
6203
24005
535
10902
226
7891
19646
26912
24646
1604
27304
5733
13012
11375
11841
841
12085
18006
1945
12881
721
17117
23769
4863
4369
5633
10904
22409
21850
18609
11590
6377
8421
4546
26190
27210
7145
15553
22711
15099
22446
23603
15052
6227
23309
25464
18621
12324
15962
10292
51
4313
23698
19444
10311
26948
15549
24520
3608
27159
21105
1640
10415
17306
22163
19966
278
3087
6560
7768
12960
25381
945
14508
26762
17176
3951
15673
4561
18957
10285
24596
23344
17772
1355
6590
6325
5664
3950
4244
7217
6258
22155
20014
1182
19162
8638
20396
11846
17054
25651
13329
13253
5670
23708
1891
8056
6722
11003
9916
578
22963
19397
13946
23348
13628
15498
14634
1758
18800
11739
17996
9793
13429
24877
394
17962
24679
25104
3744
19266
21317
8962
21287
6246
24140
20584
25554
11873
15692
19632
4507
4259
4708
12940
15452
17521
4759
675
12756
2835
8646
20991
22070
8549
845
16462
23143
20693
10363
15782
17632
25403
6319
24918
24914
9017
10068
6510
1926
8391
9979
1454
8763
19074
6168
4101
25080
24869
12805
10899
25686
21857
11891
668
18552
16260
11378
20896
10471
22988
12531
16176
17132
22649
23701
842
26278
92
15545
17452
228
3757
14388
18647
24688
3236
7181
10854
20449
22976
27066
21248
16956
11740
12284
11280
5448
11251
17463
10473
20561
24568
14806
6706
7523
5049
22741
3608
13039
20387
17997
11895
23603
8435
11801
1559
7318
14382
9920
11143
6227
10777
4450
11285
23281
21453
24216
7222
20127
21362
7199
23342
25666
11603
26225
9053
1145
18903
22615
24376
7541
24536
2253
23698
6340
9480
4840
19403
25393
18043
2683
22856
17674
12080
16584
8613
8205
3062
3610
10857
18375
3916
19694
9914
18330
3899
18668
13156
18666
21685
22086
24328
19108
1070
19803
2443
10369
21686
1103
13715
11637
17073
10168
24719
2804
24152
24515
6180
10821
16325
16279
22359
22829
12326
27102
16751
3602
13924
23568
3141
13903
23177
19549
23305
21177
21953
9807
24537
18699
18044
22459
2219
18093
24542
12906
13067
389
5742
2472
23621
26723
8320
6460
12098
21304
11585
16403
24016
27329
20159
1372
1443
17503
17807
11689
17858
12793
15204
7523
16006
7475
17334
16031
25129
10885
13006
9211
5710
6849
17872
15354
13191
26796
21113
8202
11669
23578
4991
14628
19231
25102
16069
13176
242
14327
15635
7095
10641
21793
25214
25407
22726
2370
11904
2739
19673
1184
10063
27347
21213
153
9942
9415
22683
27038
12349
8940
21658
4193
11104
11598
19759
12686
11577
18045
12511
18545
19238
15422
23828
9008
3357
4269
4645
3075
6552
21144
19693
27326
26980
21946
22846
929
24324
6103
25065
12038
26457
25757
21113
14685
3727
12780
6491
12309
23030
2313
21177
10831
20632
15130
20991
16615
22679
3860
14133
20084
27510
1518
1656
440
6354
8552
243
26310
5165
16835
19478
18865
17542
790
16538
8483
18628
998
24610
3943
976
20914
16134
7261
20618
25487
4169
1667
3433
6421
6438
24897
10450
11986
16700
25153
26999
16124
11292
1340
22315
782
15001
16662
2621
10609
23835
19395
2787
19147
21757
19247
24773
