17936
15146
15099
14570
24657
18300
18776
21867
11708
10665
6746
19236
14332
2799
15185
10843
23989
17660
27158
22487
21427
23597
17732
14146
10982
16453
6047
8985
2034
10815
19904
8160
5220
22486
1819
15378
18612
5793
2954
13873
25091
1943
17900
18231
21304
934
13280
14492
8872
16955
6740
20057
16170
11591
1846
26847
22565
3477
18538
8476
1788
20541
20948
174
11905
5634
20573
22763
7486
12182
20910
3205
892
18618
24538
18468
992
23
17405
18708
6761
20965
2294
3842
2356
16865
10636
17329
25930
21950
9049
19566
22146
203
5824
19240
23286
5526
8530
16479
10680
20461
20417
17125
16075
13693
4436
17279
2361
12739
3130
14161
10769
14611
26608
5127
18826
10416
797
21226
11271
13436
16223
10937
25152
1604
4332
23461
22541
4669
7660
23010
8971
13072
8164
1025
2370
24671
6799
21766
21370
8960
20648
8666
10504
7724
25117
22462
6985
22847
18155
17376
403
2435
14090
5880
4523
2769
24817
4139
11596
2958
12916
4402
25167
13575
22882
1922
1159
23426
20841
12455
25115
2053
13041
8208
9449
21587
17265
17943
2445
21184
6943
859
524
4911
25609
13571
17764
133
7407
6457
19453
14943
22988
7036
1404
7611
26927
11586
19700
18283
12903
24789
23908
25493
2118
19513
13451
1971
19703
4082
18801
9258
25917
23681
21687
18520
12658
16434
7226
12955
20853
15583
601
10232
3464
3554
10884
7726
24881
16689
27123
12054
10298
21923
591
14749
3346
8618
26396
25600
4181
4751
796
5650
20168
19503
14305
3157
27313
5898
1105
8873
23220
6537
23788
21512
24242
26546
6137
11386
3753
13014
4773
10655
19195
24089
14051
9302
20377
17379
503
9802
9596
15078
2980
15089
18601
26120
26972
17844
15083
15657
16900
10808
15318
20240
24076
16052
16469
9716
21622
13296
6404
3630
13053
9637
19914
22859
16723
24402
14289
5742
12239
8500
13563
7128
2424
9690
10936
26440
16006
3848
24084
26468
8073
9347
5461
5529
3796
4903
21171
17341
18500
4569
17960
18490
22780
16091
7853
15464
1146
10569
18288
23677
25182
14358
24482
2043
13436
25637
18699
20778
22115
18277
9666
20817
25713
18919
17525
12957
16817
5004
6579
4402
26579
7168
10902
23542
9205
5859
11460
2789
12817
13677
1008
14199
13950
10066
11917
27499
10113
23942
21879
21321
18557
17218
6467
7775
8670
9383
6208
21383
18373
16167
13044
4668
6426
11036
7044
10435
12573
18107
4345
8639
4010
18495
15364
26269
22847
1110
925
5448
12176
2613
10270
5993
16955
14544
18565
25838
16550
19428
12376
6883
17741
5353
25021
22036
24517
13589
688
24989
16811
11556
12429
6065
22968
19699
17259
11425
10885
20992
18229
6031
15152
15425
18218
20506
17980
13926
18096
12231
1358
11270
2024
14114
6312
13812
10483
25443
3004
10571
16507
1126
21098
557
12464
23684
26099
10519
10666
305
23432
12879
1268
24410
22777
20473
24582
15596
11239
19213
26744
12103
9285
7102
627
19040
24160
10228
9373
6700
7383
15553
26334
5626
27257
8904
4693
3388
2088
342
355
25673
23834
9793
5004
7655
14027
11907
14647
23562
9860
9332
21950
21066
15024
12824
6138
8692
14807
18287
22021
312
24515
15293
15791
19117
25301
9058
530
22309
7596
25419
25060
17025
12095
16618
9357
20765
13644
12095
572
23030
7669
14071
12917
4124
13057
8050
1423
7738
19745
21147
20550
1378
6217
27494
8557
23710
26481
3203
12336
5626
12870
18359
9153
14309
18615
19302
18051
23274
12207
14973
17198
3527
7099
459
7946
13360
14967
20891
25499
18732
24119
16657
20250
23968
26767
23934
690
16302
549
597
27307
3195
20402
25173
7956
14447
25002
19916
18414
3063
19987
19484
524
20182
5198
14589
26000
434
20846
11059
19749
20854
6665
27457
21780
18924
15219
5296
19567
8172
11641
25252
3206
14627
10949
27252
19293
15325
17973
18030
26846
5069
17149
2437
18532
10847
978
8439
622
3495
19282
24079
19739
12206
18031
12801
11647
19724
11815
14817
25656
18184
3656
336
4052
22261
813
8188
7563
17759
14195
7297
8077
6872
2794
19645
27450
16864
1226
7827
3304
19091
10411
21232
27526
13280
11089
527
24585
24974
7863
2874
2439
25749
25465
6729
9444
15121
9753
15026
8379
21432
7177
8727
10067
1636
18224
4228
3842
5830
27253
26757
1353
19754
14301
2940
17823
11292
12164
2035
10132
3217
6981
26520
4370
19642
21760
16974
6725
19838
3244
25727
17687
27446
5139
2532
20423
12564
4106
2403
13577
5555
12704
15107
10103
25197
6873
7142
17445
5452
13825
21828
21789
14629
16849
11545
3512
5140
21785
21327
24123
26061
22708
13411
14076
21913
9734
4677
3265
8538
7706
7042
4507
378
9363
245
2596
20516
14080
18967
7115
17190
12919
3281
26902
13986
3844
3588
22154
15974
19050
5077
16470
8382
21724
9490
21295
25696
2323
8998
4423
25985
15421
471
15296
19477
7162
4334
25034
26826
7270
26688
14256
25107
4824
24893
4405
13413
18833
6784
12120
20269
5662
9459
3179
6819
18578
21997
21379
2281
25818
18956
11245
6775
3988
2324
18768
15627
4067
10902
19188
3874
19345
5360
8619
13829
16014
11501
7701
19024
22085
5532
13597
26468
5762
2447
23829
9898
11484
4402
2764
25878
26578
16797
13402
13844
12887
2263
23624
10403
5959
21941
19892
9472
2811
26476
21912
18030
16437
13971
8585
3278
1730
1568
22005
13120
25269
7552
14326
11793
16408
4665
12548
14216
2264
13017
8523
4420
8469
18029
13798
18985
9397
24758
22290
26713
20479
8116
22929
26721
7578
10896
13092
10743
4850
24587
24534
19599
21728
15094
20174
17560
3692
23582
24703
15054
12984
5751
714
4916
17041
17197
16061
22561
3961
16864
26241
26529
13155
12118
2610
4193
22115
4437
695
18669
2659
7618
11395
6868
23561
1633
13624
7366
11445
13673
11563
22070
631
4523
2294
15675
21652
25557
26280
25267
6758
24842
719
4248
5588
7305
27076
3228
23372
11953
27532
26902
19782
19853
3776
5465
538
25622
1212
3918
22426
9165
8852
4913
4816
11189
9714
23745
20648
15286
9994
10151
11824
25338
6845
6261
16678
2415
9575
5879
27409
8224
24168
9428
12845
7656
16322
26267
