3495
13924
17761
2572
21850
21684
20312
6982
8235
23587
6454
6130
12453
13633
12234
8334
18010
7780
9791
25225
15643
2292
24321
27445
4709
22531
14741
18364
16637
13815
6370
22868
741
680
16341
10955
12837
19384
17416
24071
7844
24379
21666
10121
17386
2716
21777
25996
2647
16936
7587
3531
15347
3350
7880
6288
9539
22869
304
9125
20896
5226
17191
18585
20951
5478
12370
18237
5467
8939
163
25126
19499
14387
4885
7716
21861
4449
6195
8132
11967
21722
9539
27301
9680
22289
2877
20603
1624
12276
10748
13687
5075
13415
21583
17580
14047
24273
2701
17512
25514
17274
24319
21328
17608
7649
23291
12137
23623
24879
17922
21233
12346
2259
21082
4162
1834
5776
1943
18792
3639
15122
13899
17303
16714
18015
18804
16411
21849
26287
18885
2760
3437
16468
6348
25112
24506
19655
7535
9323
20375
8699
18706
14167
22033
11422
21355
13033
9459
1459
9251
16810
19830
12944
8692
6317
23425
11333
4402
8004
20928
2668
21038
25996
22320
17267
10117
16867
13297
15536
13187
1101
6603
25936
24970
17569
25614
3240
13936
21018
24510
24008
15843
26762
8769
15144
25331
24390
24135
26225
22389
2790
7122
26714
7180
19562
396
8056
19939
24460
9873
1951
9595
22330
5672
2507
18805
4209
5080
3665
15211
7670
15487
20615
3238
3580
11672
26621
11746
1724
7233
19824
9284
25689
3776
26269
26758
10131
154
597
698
14109
11164
4072
18352
25416
16027
15371
18738
17026
12247
25106
22144
14982
8632
18255
19232
1881
20841
12799
26359
2799
3104
9340
11845
10682
100
14354
9036
3989
10389
8377
6222
3422
14870
4958
1471
9048
4405
21336
14245
13372
26464
17415
7450
14880
12307
22737
7447
21648
22659
1947
26144
7915
8562
2428
8758
12283
19345
5619
4249
15518
13794
337
11062
26821
7666
11932
4746
13461
27266
11915
5438
23249
15233
19467
19270
2133
14404
27112
13039
16967
13514
24950
18496
25088
6218
25828
12843
18146
8952
16188
9848
1
18768
2359
14677
4452
328
4904
24986
12729
3214
17336
23884
11081
11044
18096
22635
7804
9700
18395
18518
24490
983
6593
11296
2718
12241
3856
22044
2020
23700
1996
23991
9799
4217
19266
26433
9775
1718
27367
6031
19954
2031
3089
11945
21641
6308
20242
18865
19992
25453
17261
23897
5890
11792
23816
21547
2356
18434
6720
24061
541
26205
7806
1098
26073
9944
3874
21390
1809
24159
25247
17713
8498
24979
19920
26021
15256
6507
13851
12012
1252
21790
6445
19048
1782
11333
5063
5215
7455
8816
7727
13821
17799
21703
3734
19372
5550
4504
2210
23635
3865
6050
20719
10145
18371
22185
20892
18878
8817
24276
12133
9572
21763
9662
22308
17732
25467
20798
8457
9081
4927
20294
17613
10884
23939
11578
9670
663
10344
4168
17468
17404
11152
129
22645
167
4925
26151
19962
23171
7741
23882
22840
8112
18113
16960
21618
10193
26640
16670
10779
14682
2100
8105
3084
19535
6159
21206
17233
19113
18295
24858
6885
17048
2738
12908
2726
4347
6636
13941
8959
11938
5819
5753
25154
5848
20436
18240
22496
3555
2424
25480
19529
13592
1847
9187
18468
8992
1651
24929
2131
1175
5732
18725
18483
14352
14256
2094
4586
26989
19755
18502
15329
15827
18049
11501
1382
17963
27228
23968
4675
22858
8567
24151
6681
24681
15217
18492
24660
11292
17157
19267
13222
6523
25505
9741
606
2746
23160
22959
1442
6040
15026
17808
21508
4694
21446
23466
1201
17905
4216
10548
9055
10159
20048
10415
13066
15815
16150
7476
2749
13396
26673
14252
22353
10267
7821
2686
5433
21175
277
13909
24568
7372
16457
18557
3054
12649
14025
4569
27329
1381
2124
4950
6153
10034
12625
22547
22839
5549
27356
25155
23297
23814
27391
16030
2360
1083
14364
9020
19875
14749
16476
585
8978
19207
26387
4432
13800
10670
9749
18522
13233
27452
1121
1919
2929
9837
9662
1975
20331
18630
8029
8874
17385
22826
16271
1943
20726
16933
20335
21817
25561
120
856
14592
18091
25061
9023
5296
15390
23238
17595
1985
22236
4564
883
10045
11643
18293
2313
22863
21940
13579
17784
1065
20234
25440
27550
21639
25678
4670
26352
17106
16143
12957
21386
5314
13152
13457
27523
1502
3015
14968
24042
12324
14857
9647
3381
6036
20652
13408
11592
7301
19124
602
26579
22137
12885
9611
21907
26115
17244
22097
25228
27539
25578
21060
20825
10670
18677
1957
25220
9113
8178
18785
16250
25622
15757
20184
17630
7694
22235
11284
7039
15842
25439
17130
17720
14106
14324
12037
2442
8122
21017
16213
10758
23353
10415
14208
19890
6761
4280
16477
25985
23769
21117
9789
16192
16260
24125
7871
17396
15226
9623
7811
5440
5587
10357
13234
20097
24305
14040
22686
2838
4514
22648
20873
27159
22482
27065
19141
13818
26587
13215
17463
5505
21981
14123
6392
18475
4667
22063
14034
15763
14333
1231
11296
4657
9027
27530
7140
24746
3718
2057
847
2230
19363
13250
4229
22603
18421
15725
16704
12074
17754
15041
10915
20764
10845
19715
16694
11580
1514
21699
21608
2386
2300
13379
21736
5605
6470
14995
23089
4542
7389
1275
25001
26466
24706
18853
4231
11037
21367
19303
2055
27418
1548
25477
866
12817
12502
1453
28
9295
16734
12988
3996
16314
2121
24855
14954
26633
25913
11172
10885
14721
14294
50
10344
13825
13620
11173
21536
15089
23821
22613
3582
4216
20712
13498
24163
5693
8562
22148
23551
1412
16807
6699
23203
19180
11679
20999
17411
8215
21341
3418
10829
627
6275
25414
26591
23598
18718
8600
13514
25930
27055
13787
22478
82
15620
21567
18179
25277
24916
9652
975
16125
2103
1240
5639
15934
14559
24688
21353
11545
9996
10888
1542
72
5069
20955
14685
21786
4843
13082
8949
22106
2222
21645
19743
6782
27412
2639
9896
19365
25445
26685
5113
14506
22658
307
18598
14608
14675
1810
17286
23492
27306
1547
14704
17615
27451
528
15115
24501
1264
17643
7904
17762
8263
10507
26340
8783
7488
24720
19010
12878
18723
22692
942
22792
245
3357
10861
24498
11787
14642
9127
7427
7188
24305
8485
14359
10690
12626
6750
23259
16768
26924
23354
2280
11735
13537
14892
26508
