13278
17548
25087
9886
2077
7648
3701
7523
12503
6609
11241
9007
7959
24835
15897
3527
3102
11121
27036
1326
12674
26914
19892
11824
26918
20564
26645
23096
20822
9828
25402
319
14242
8134
22785
16565
18516
20606
19263
22554
9017
23046
8935
10984
9300
14060
4249
21785
26152
3119
10051
5515
4202
4195
15930
5593
3633
10059
6237
26439
21484
7050
2491
20150
3588
19372
17317
2856
23546
22439
14548
2693
15615
4042
1579
25842
11333
5472
16683
15818
9070
18536
14371
19141
11744
24032
3841
23903
25292
16677
14520
17638
15082
5448
2308
8478
26377
11828
11318
26555
20031
23893
7802
8053
8815
15950
19090
18462
15112
5886
7459
15848
22308
4038
11799
5186
3361
916
2750
7836
22417
13014
9979
18898
994
26029
14304
2387
9096
4894
9889
10749
17317
12203
11745
8499
26491
24371
18997
20251
14932
20614
17860
14540
20231
22227
2047
26072
25461
7092
21703
16393
3846
25243
2614
22352
833
6183
1923
21789
16956
2815
20608
21480
15310
18102
8218
11647
15900
15220
22110
676
25970
18291
880
12485
11275
20056
25482
5696
3106
14550
13608
3312
27298
15289
12710
3864
15026
424
7797
8419
9172
21901
16126
534
15981
21253
6467
5287
25768
24602
18071
23426
11057
15836
18954
824
5898
19790
18505
5060
9567
27231
27537
24823
25814
21453
3291
15723
4122
6696
2690
2473
23364
16027
4489
11798
5456
19563
1424
2511
25758
12817
19367
20139
26079
23210
16849
6325
3151
16616
26869
11206
253
22528
934
26172
20885
4279
26669
15591
13428
1813
917
23380
20652
23633
8601
8998
22894
18536
4891
11932
13911
5265
10461
20738
22394
3507
1753
25350
5309
22782
26443
847
23612
26287
7543
21419
827
2639
6130
11971
4157
23695
16984
9918
976
978
16245
5322
11252
830
13364
6310
15436
6971
5575
7426
19154
22891
5516
4458
25482
11567
16054
24207
16173
15321
4428
4753
21039
11588
6026
22655
18171
12579
19938
16809
2481
25206
6158
9387
18856
6039
19365
21888
26750
21880
15655
21321
22528
13816
6724
24572
18933
5452
18307
17035
24748
25243
26779
15172
16910
497
26813
16669
16245
6087
10643
434
17497
3232
18091
14414
6311
7922
18119
18326
4706
2847
9287
13212
9499
9658
19397
8751
21485
7796
21048
3445
20988
5887
3306
18730
11500
14190
22841
18737
26521
25862
3748
13634
13241
23964
25676
18428
14915
19744
23604
18999
18511
8592
13214
22917
21316
25185
19578
9494
20522
14555
885
2972
11345
23485
6475
16556
24384
8078
23368
17318
17665
16941
4719
10320
5606
8873
25373
27333
22356
16768
18272
6651
3595
2569
15559
14705
4754
11494
12010
10671
21732
7269
23132
3714
26471
10863
16
1713
8208
564
18498
20220
11944
12625
3426
4733
6466
27044
15410
10202
25383
9164
10506
12801
24498
13345
19150
24928
19680
6154
20884
10281
15548
13400
8491
18532
2484
5428
20812
7613
23229
14416
24757
13130
3914
15296
21657
13402
23495
13661
20994
8800
21178
2662
1472
7377
1469
20145
13452
24167
23059
5547
24645
25812
19366
6608
2344
16831
20471
1018
22606
15211
8891
12989
24957
27532
4914
20056
20965
19373
26838
12874
23478
3724
27275
16329
27067
2003
8825
10505
25858
9095
13447
9432
9614
3985
11388
14174
12022
22353
1847
2985
14132
27063
16737
2642
14280
16873
9593
19828
12018
18813
20173
7447
14032
16340
17864
23516
21790
1697
8518
16255
13504
8023
23244
10832
10889
8286
24249
12680
14210
689
23137
27211
19568
2175
14787
7789
11618
14470
24361
4452
14249
20861
10153
26699
5654
27266
10108
12182
9393
18581
6191
12034
5721
2012
11084
16596
24391
12356
15964
25673
19639
16038
23974
18310
24065
15560
3330
5136
18879
17837
26768
6854
10601
25456
4847
21567
16051
3944
9547
22315
18223
25735
1793
14404
26860
12973
8171
11423
17832
18272
12863
20597
12074
1911
11111
5276
16187
21740
8150
362
5191
1669
20174
10405
11601
19935
7039
9394
11119
24723
22618
9835
1311
6180
11521
3760
10957
4688
5407
23982
27240
21688
13621
11057
18990
11212
22321
6254
9940
20803
14818
11541
11346
344
12180
11924
6662
7719
13624
7593
8760
12320
9778
551
8779
10522
26328
8248
4854
7493
2247
19363
17658
5558
20188
12517
22843
12980
20485
26487
21684
26425
4216
5169
23304
15555
2170
20417
20664
26990
15568
17136
18586
742
4131
14668
19212
461
4091
12775
20545
9915
18301
5738
5246
4447
20459
11037
6836
14449
2819
11324
24921
19134
1837
26984
15772
2974
25836
25163
25353
14181
6329
14572
2731
24207
16881
11515
5957
1858
23682
18509
27500
13889
18190
17883
23069
14784
12007
20491
26302
3987
20875
26502
1425
25676
7295
14886
8380
9877
7102
3987
6316
9521
22997
3760
13018
14943
10921
4743
3127
11972
1089
3590
22608
13172
1920
27302
18509
142
26160
928
17091
14658
20172
301
27376
14700
47
12137
10461
9029
25963
23132
18450
13129
8800
25154
2762
7033
9680
6241
1725
4240
13864
5882
15109
6540
22683
3724
20789
23449
6423
20937
26652
27235
534
16134
20811
11333
16407
15204
16998
6736
21705
1246
5468
2171
175
6713
20144
17685
3924
5430
26007
4061
26085
26928
962
17605
13813
444
19043
10630
12182
4062
4166
5127
20319
6097
16646
3748
21746
2151
12818
27433
27015
17894
14072
8248
20821
4833
24591
26796
15764
27371
24252
719
26691
24018
13516
14903
18265
27343
14697
13758
15000
10806
16051
11623
27175
12317
3822
8405
21343
18362
26246
16849
17856
18152
700
12571
6897
4552
24442
15577
8380
2408
20979
22185
2281
8117
19639
24987
846
26682
19295
4312
17489
12839
15380
2988
2940
9375
18835
12437
27201
4669
9889
3702
17962
10159
1935
4546
11578
17829
18126
14900
5984
25712
1723
452
14044
10829
24828
24625
2519
4516
6708
19691
5113
16809
19153
11587
26486
16169
9220
20141
1240
25735
21937
9125
25590
3813
2226
15818
1080
6758
9325
7293
16101
7724
21218
113
6003
24157
12855
15614
7211
7837
8212
7930
8249
18520
3259
17945
15502
6916
5228
188
21997
365
13750
18002
14464
20659
9063
15311
5471
2491
16210
20833
15548
22332
19820
20270
