7154
23715
11593
26450
11193
16778
20376
18166
16138
1277
13346
22338
16353
566
12540
1640
18435
14761
24477
20245
21331
1200
12010
23785
23393
1374
22672
1152
23171
3184
703
25970
19987
19637
8456
22786
13226
14045
20652
21877
21975
4731
20444
18484
26674
23015
13884
17825
2930
1784
27493
14969
11494
2283
1915
20110
19713
25467
19235
2783
1602
25834
21746
7781
24787
20665
14128
26342
1212
1689
2625
18712
980
20750
26693
11726
25505
20780
4993
3155
17128
22024
20600
15681
8356
13077
23671
9198
2108
14726
9625
15207
14702
20453
15791
12804
5813
14469
3360
606
26127
12884
3566
24129
2352
24667
5900
18542
20024
20123
6340
24537
23167
14316
13305
8708
683
517
2406
27001
25922
16736
5243
9542
19590
7627
20160
16952
14310
2910
24757
17828
11824
5715
1212
20392
27077
11790
10793
20749
1379
20373
10643
11514
25551
14681
9399
7403
2564
12279
2583
12571
9027
21479
4200
721
23963
9675
17695
10842
12994
6823
11380
5246
2601
6263
27095
15245
10801
23675
8263
23348
5989
5675
21292
13621
13538
19630
18737
10186
4432
1120
19515
7853
17893
21439
22687
2592
14401
18146
15458
22852
22494
20372
24913
11786
8758
4455
22546
25141
16940
25922
8375
18835
1393
6997
9601
17807
21977
4723
12380
8972
26021
18520
12125
15975
14330
11954
7775
25289
19247
12042
4369
26904
25794
19759
5261
3154
25640
428
1905
17272
25493
26970
13401
3984
23816
17949
7204
20995
3590
22815
12573
19211
8596
16787
13506
10080
15676
25947
6347
14352
8920
25101
14522
21721
810
4643
13132
22660
26090
12958
27345
8731
11578
4111
8629
16855
19041
23423
16057
19926
22600
18734
22332
18259
3203
26632
6064
15488
25207
9457
4107
4134
2098
7037
12148
6566
23748
9938
18666
4613
6472
26343
17028
19895
10492
18623
16659
20712
18534
2896
23259
5724
19850
26183
11893
3998
13542
4611
18670
11185
20128
1272
15571
19292
15031
4556
26974
21410
21456
12797
11623
13387
10266
14113
17226
12504
4631
9471
8554
25637
17366
24834
26946
27380
7358
4360
15422
27191
6267
19260
24423
17796
669
25246
17902
20547
18803
13340
25436
9796
2054
20446
16581
4579
23107
9813
24140
18981
4764
16778
18685
25225
5041
8856
21176
10289
22044
20446
15840
15901
7340
18803
18762
8743
15134
17463
16441
14019
1930
14205
7334
18304
7014
19764
9767
16084
7679
5206
25672
5304
23884
18506
26033
23147
21684
15518
22437
4105
20609
13252
21924
7419
2438
14419
14944
2221
2477
10896
11795
24566
392
11229
688
24
18235
8443
3244
16640
19888
14895
19054
6902
24420
10655
18536
10901
14103
22603
5372
6914
26360
5710
20011
10758
27000
3319
3569
19862
10326
10224
24103
2779
1858
2447
22874
4061
13762
3792
6567
5073
11250
23824
17073
26979
7239
4462
2314
10558
10223
10683
17653
17053
6718
23409
2505
5898
13845
12602
22046
829
4432
2355
10569
11740
23154
16790
10292
5569
23664
26895
24633
22805
18479
7602
7526
14668
4832
22058
12446
16451
27391
11910
3242
13099
15465
26996
50
491
15613
4807
11270
25364
7281
18636
25551
21801
24710
8967
17109
4508
9509
12321
17002
2534
20090
10423
24071
4906
25250
17754
9867
6272
1921
20913
23336
12866
15034
23582
20516
8808
459
6011
939
632
23567
16867
15804
15212
11368
14449
12542
5305
2799
463
5455
23708
12199
23917
3786
12795
4406
7340
22104
23967
16934
5918
22900
18708
27133
18669
12464
15632
8986
14611
19309
11570
24680
18217
10106
8650
27298
18349
6715
22815
9455
15044
43
17755
6977
4460
8505
2367
26661
4575
11320
25902
18457
20333
16155
1394
12621
3891
15740
6153
13121
13379
27500
8010
9987
27167
14988
16212
6843
23497
1680
21721
9722
13586
6464
16245
7965
18367
10723
8241
12237
11611
20807
5487
11525
4319
23362
1618
13741
21743
6234
21556
27300
3274
20974
21005
4100
8836
394
13255
13151
11135
17801
8639
1499
12314
19680
361
4954
16643
823
15549
17347
23320
4520
6099
18262
10894
18996
3363
2230
10283
7885
24835
8776
11491
21385
14204
11258
6342
11032
23006
24666
1813
12584
12581
11574
21885
24675
14408
5650
10946
14681
25542
11013
10385
13103
6110
3707
20269
11827
20114
26616
25505
3184
7546
27371
22670
24981
25504
15984
1720
17973
11306
16702
6458
9297
10491
20809
20784
20202
14066
7782
8980
3043
19547
3909
12048
22814
15622
24604
8121
15244
15450
19480
7286
4080
26819
13491
17785
24658
21650
18228
16261
9217
3885
6658
3256
1093
4351
14779
15562
27033
16624
120
18628
20454
19186
23968
25991
22935
17295
24211
21908
10224
23738
12837
10914
19588
15708
12219
6139
16898
8263
5236
21342
19233
7710
2402
25696
7599
12004
26543
21001
455
562
22592
24098
21171
27283
10132
1715
2200
13122
5281
4304
1480
2466
21287
21188
22343
23091
27541
2476
24414
18320
11285
1764
16055
20707
2082
15364
27419
19529
15242
2552
14130
796
24901
1909
23617
14996
24371
10838
19585
13825
12606
14705
21753
11166
22662
8970
2958
16050
9128
12655
19114
26646
3810
24018
26581
15
14086
5944
11346
21545
25038
13909
27012
14325
14579
417
26033
11151
5508
13186
10059
27100
26255
15597
25361
8868
12771
11240
25032
4086
19770
3919
3491
11473
9537
11060
5412
3795
13426
23707
6975
25691
22262
1161
8508
1736
13491
2588
7173
21340
11152
24219
20558
1231
25567
7694
10133
19715
8555
11467
12382
24882
4260
9172
20676
1496
9889
26624
337
22984
18733
6290
2881
7205
6653
20932
26184
176
26060
9755
457
8021
17067
24324
26215
1573
13099
15807
15819
22057
19549
9701
23014
25679
13638
23908
715
11082
26638
23309
20590
2679
6426
14552
6813
15761
18056
15530
9425
17242
4283
2463
19737
5291
6135
10480
20287
3882
26267
22835
20556
27563
12167
5122
5041
1153
7981
19956
3716
4079
2995
25361
22758
4456
2844
11878
19195
2208
6577
9839
6499
1269
9624
13854
6262
8579
5276
8328
9815
10294
5489
14527
20337
15131
26919
13318
16226
13238
22293
17856
14532
11892
9
20701
14252
7226
20350
13295
10569
27100
6139
15587
16237
21112
25521
11869
9669
23064
