25855
1137
9003
13705
25806
4581
4430
26618
9239
22723
1601
1983
12926
3255
6472
19575
22136
17843
11019
12100
12005
11366
21452
9635
1894
4345
19534
16646
2871
26010
23979
12241
9514
9378
4140
23199
2822
24079
14390
12388
3819
22918
8037
6688
2185
23311
4110
11904
13431
20778
1621
16067
23282
139
346
5170
5500
16493
22651
18552
18410
4237
27415
7424
1223
6779
4148
14352
11467
5760
14128
10663
5198
9472
15086
3705
10146
13144
5968
20926
25705
15498
23379
15030
27053
10471
3352
23878
1232
14599
5618
22319
6966
21420
18299
1013
16042
20833
22359
174
26294
19535
15627
16462
27014
11561
11245
2486
9059
6174
4402
11098
26243
21946
11205
27270
13444
15757
17610
14177
14923
11127
6159
22253
5051
14744
7102
11030
24292
1372
18130
21460
9717
13738
22954
25616
16166
17809
8454
615
486
17260
18300
3814
23900
1349
9380
17307
1274
9898
13782
9156
2554
13526
16629
23327
18556
20840
12024
9808
16745
17663
22679
13370
25930
23152
5927
4478
7169
20361
15208
17136
5617
13243
2105
22684
9862
574
20660
17993
16008
18531
9131
2409
21027
5408
14211
18164
222
16832
17200
20419
14279
19488
6183
12661
12358
19579
7370
6575
25567
27226
11399
16863
10822
10425
18574
5452
11623
10845
24643
15521
5854
17741
3767
795
9647
228
14598
19374
3311
25826
9710
9182
1212
9611
27097
18652
22683
20746
1547
23348
7348
4109
19444
11809
6757
6155
9647
17966
17214
8414
20492
4926
16182
20781
5264
5158
17928
8302
1785
2860
21795
18790
7397
11593
7304
20557
948
19088
20909
6408
18229
4042
21564
21363
7534
1730
3768
6390
27063
887
16180
16054
24041
12951
3366
14683
12064
25411
23208
27473
10684
2608
2
5143
19339
25565
895
16573
19784
20598
26182
7311
19966
8367
8276
23717
5566
1943
25329
12388
20124
18983
14427
13201
9936
14635
4999
3231
6196
21912
9912
18835
19868
11676
10504
14797
13753
10902
16918
6367
14628
6022
16538
2053
17282
24536
17071
13950
26281
6568
8562
12327
21389
25953
22412
20913
9451
691
16368
21827
21719
21934
2607
19367
21529
5782
654
23656
912
22575
11384
23391
18862
24856
22489
18641
12215
9257
8033
19148
3391
19296
6181
8241
17463
1369
22258
1791
10425
4671
9062
10977
17103
754
7204
24676
21129
20993
16042
27509
24316
10673
24247
3028
8222
22661
27022
18859
2869
4661
4854
24466
6342
16606
3742
12484
13237
23949
22883
1289
23027
2947
8927
22681
9517
2918
18715
13807
2599
1517
11996
10639
6602
24632
8942
18618
3896
4353
15705
7513
18802
18303
3199
2087
58
2423
8030
7337
1727
24346
17845
16754
5669
25157
3140
6283
9662
3138
685
12666
12232
15192
20383
4169
10148
185
19488
21797
19498
17463
17031
19246
23323
16113
14938
7877
15623
26945
767
24670
5900
2586
15588
14325
18661
26939
23069
8154
341
6066
5275
4199
21221
9130
23117
3879
8948
78
13667
20769
16606
3897
3109
25457
26118
14093
11759
7459
20763
7845
5316
22202
21693
2287
3725
27482
5838
17668
14018
5110
22905
6774
3470
1570
1136
20350
8350
4417
18552
26007
16107
25104
25302
1034
1357
24387
19188
3268
22596
17954
24842
25581
184
11324
1216
13673
21634
14144
12636
8800
3172
25287
9331
15669
5468
2566
14459
14100
13900
4209
10643
6415
3810
13828
23500
23211
18157
18421
1082
3446
6819
2722
20086
8047
15845
21929
3609
10691
16969
18931
18890
21865
16529
15315
8568
16315
20325
2240
20858
328
24550
8511
19191
13153
6204
6788
11493
13205
14929
23280
11187
21575
2044
25657
21927
17814
14622
2627
15916
20981
5476
7724
19508
13951
25505
6523
25080
7277
13721
23461
16529
18200
10529
2386
11218
6551
13099
25677
22483
2473
26528
21955
16044
2519
26493
27362
1805
7932
21489
18958
10604
5623
507
8926
3161
24161
5209
17312
16567
44
14260
4256
3874
8543
3088
7499
11392
9057
6400
25568
18401
27113
27316
15662
22792
23827
2921
3380
14922
17617
19237
10902
13223
9996
16910
3071
7016
21047
22645
9270
15881
448
244
5984
24237
25640
7808
20880
4022
22741
6186
6839
3809
1033
6773
19705
5710
3235
20587
1368
21127
21111
19150
12262
17368
11557
15505
27462
13411
25835
5575
22033
8458
17783
16322
10156
8247
10987
18449
16209
4336
26531
318
9794
21403
863
2312
8408
14602
25664
25448
23974
2257
24520
19247
212
689
8101
12434
4296
2702
20272
1340
13067
13184
10415
2933
21432
25137
16342
22297
12442
20577
12408
9202
13921
9423
4423
14032
17258
25065
26117
7704
5720
15793
11639
13153
9541
27179
5480
7764
6663
6863
23379
27204
4161
21304
22265
11993
7308
12070
19770
1380
26294
10870
3141
8935
17592
1576
18537
6827
22457
16740
17987
11006
14731
3557
160
10236
24939
14305
10042
1630
15773
24823
23353
6240
2881
25914
3400
10610
3670
6839
10649
897
328
8862
21386
13608
23958
26473
5766
8712
19426
24992
1150
19028
27519
7118
12069
25386
3171
20962
19322
18789
5261
20081
10783
12961
2009
8773
10409
22453
5413
18152
14698
5661
12732
26548
557
12882
22524
8497
4041
1465
8819
15724
4667
22213
20439
4784
18899
1482
783
12828
25315
20625
2765
20511
25703
3151
10172
27341
16866
4807
24456
19257
12301
780
25
3020
11274
6723
3753
325
4526
12475
14025
10847
9955
9025
15587
5569
5788
11028
19068
4888
14960
7236
21662
6205
6315
21152
6121
15601
18203
19156
5345
4023
24435
24632
23065
5015
20572
19288
20121
14722
10664
25685
20881
8304
20284
6427
27134
298
20958
24531
14428
24627
18277
11299
12695
16807
2477
159
26773
7735
2920
11167
21645
8639
5373
26781
9487
19507
6283
26279
13070
13140
23724
27456
19470
3021
16125
15754
21049
10368
51
3843
12351
15404
16017
18034
26466
22574
2394
13790
21363
10306
12808
2708
4218
27496
22958
17763
11160
24002
9188
17546
9550
22273
26546
1083
10885
9685
23199
18158
4058
18533
26639
3439
25420
24105
22891
2454
5761
17420
7068
762
9550
7271
27482
20239
676
24139
11324
382
27151
16679
18692
16900
18522
9413
7340
23977
20595
15822
195
