2211
18768
4183
19435
16122
26565
23945
13900
21422
11355
24978
7281
14606
10057
20905
25907
2982
18566
18160
26902
22893
5005
23851
4432
12166
6552
25209
21978
2149
13602
20151
10334
7089
1251
11425
3582
3829
7111
17225
5688
19265
17612
6268
21425
15893
7905
5017
1092
6288
21018
25055
1745
14520
20047
14338
11189
11989
4353
27121
12746
4639
8583
3343
18118
3840
812
1556
17931
18536
16025
7616
12244
24586
8945
3195
17116
11802
2034
6319
20426
26029
5524
10367
10833
13595
21776
2664
3017
24653
5547
14493
19018
27487
10301
1908
2945
979
26474
26763
26780
12508
21686
6311
25078
13245
9168
25253
10255
19761
17507
11598
3576
12489
24041
26059
27362
9515
5597
5215
18438
3559
24430
2916
15723
9216
22296
23645
21778
24802
397
21243
15789
9662
21570
2019
4655
12336
24386
27211
2440
24653
26482
19816
6214
12223
1225
8471
11781
18952
25063
22991
8445
25996
9026
15067
8635
14205
1295
24409
14414
23824
24299
6901
4227
25994
23708
595
17667
24028
8478
18171
4231
12421
25477
14766
24391
3324
26902
18933
17500
16257
6584
15111
662
7441
13863
20806
1685
4241
22307
15796
22492
15832
2745
9802
6697
3419
17473
24645
8824
26144
6242
17891
19421
2606
10282
23772
11567
22666
26406
20600
25647
8918
7938
7372
13583
13485
9292
1566
25053
15832
23775
19507
17734
14780
7855
439
4428
10655
9902
22535
264
25630
25677
23666
7791
23603
2473
14323
25565
17424
23883
18103
26890
12696
12388
3646
6089
16692
12140
13399
4343
7297
14192
17589
24878
8410
19629
934
10838
2535
13157
12186
3516
2700
6388
5538
25645
25697
10834
791
6876
2305
4098
3742
5771
27265
19119
7318
5165
26494
6387
4976
1886
3847
1627
10272
14971
15277
19295
5809
16317
5684
9599
25317
24982
15527
511
4515
25646
25004
27117
27100
13025
24182
24668
21839
5315
18639
5483
18835
23682
18263
1479
23138
7705
4091
9436
13158
8450
21895
3553
21693
20500
1677
2753
12834
12730
22194
3043
26161
22367
13170
17723
17440
12880
21522
12360
2940
10724
12840
4407
16191
14206
21849
1190
1824
13417
6669
25057
13071
19549
11545
4341
13906
16613
22162
3310
11074
15460
1628
1800
3336
18061
17060
24086
17094
593
484
23311
4434
14517
16306
21497
23176
2541
25202
14352
25470
18393
9156
13877
8079
15510
16276
8280
18550
2517
13392
21141
11680
86
26644
25040
12873
16852
14537
8948
22118
5393
13910
21709
5249
3220
5734
23598
4400
23168
2408
5350
3610
10357
2845
24800
7413
11198
13643
19407
10508
18580
15376
22637
23421
23281
23053
6371
11270
2440
24269
8895
22718
8037
23899
11211
12915
25279
15677
14804
26689
8707
10914
9620
7138
15040
22538
16866
751
6474
16583
5467
10635
13742
10781
871
24559
5759
13971
27520
25153
1712
27184
10586
16995
22983
1818
25240
1865
24114
6845
2876
14292
5190
15328
22790
16499
16477
12365
26812
18168
26050
26727
4632
9541
6392
15997
577
19954
15013
19902
10141
1993
24598
3078
19068
23292
20757
10143
20792
12967
11853
13940
22214
10469
13506
22049
3388
7921
22477
8837
9910
14504
18694
11635
4484
23620
26292
6725
11702
14005
25509
20377
27070
8797
16258
2299
6446
20848
20092
12683
8603
12877
15156
12461
11716
4741
23086
14203
25233
20312
7392
15555
14706
21446
2333
15916
5561
2424
26664
9550
18918
2403
1856
26035
26389
11363
15665
1203
18154
13397
14590
16454
9047
7779
538
18151
17908
10946
27032
14496
2240
6761
7150
16206
3002
26571
14819
6812
12178
20727
12598
12728
19568
23116
449
21721
9109
5235
10588
27367
13081
12073
7575
4675
7374
5490
15166
16240
5045
5923
8791
22714
20805
15523
26493
16349
19467
11405
22128
26939
1142
1722
25046
26698
24000
9817
17983
4148
14166
11436
5610
20682
15347
7075
19936
20079
20573
7280
7632
843
5023
5736
16681
5485
2733
11794
21896
10114
5812
11710
9241
24337
10501
9684
368
24048
6336
15095
16721
10772
5969
4561
12105
15771
6695
2988
16026
10339
4320
22657
20112
9551
6489
25460
5550
22557
2494
6530
3941
21991
14496
12588
17837
22790
3939
8815
3281
4423
18251
10588
21548
3558
932
4359
1917
7649
6882
14599
27053
6862
3038
15236
23294
6283
13409
6465
2576
23396
7652
12610
21565
3814
12533
13451
4940
1879
14370
14857
27390
9973
17226
12188
27484
20767
23343
22701
15026
15142
4542
5202
2973
23887
14412
18073
23153
2956
12831
6047
23523
13139
5543
1958
20472
26596
22956
117
21445
25714
11292
16400
5466
12421
24211
11105
17211
11483
2219
5771
15030
7881
8079
25189
3702
2126
9471
9646
21443
19441
7266
20729
17158
24817
4402
10444
3569
10758
12897
19684
6091
10706
6399
600
10582
11541
1283
20599
4058
17911
19210
9167
18019
6659
8558
4781
10702
8460
8771
8290
23573
536
967
3589
19569
379
10780
19509
7731
2222
5454
25448
26363
14836
15297
25217
2274
9265
21147
14113
11663
3414
13141
21751
5468
2396
16995
16706
12164
17084
1606
19254
15300
4655
21512
14691
11387
23334
15406
13035
24019
21016
20505
8492
23309
10734
22721
6393
7251
9994
24450
23443
5710
10798
8243
24248
21724
25503
26087
8278
21433
2840
19592
2313
26506
10605
4061
6476
20061
11987
5902
14806
20571
19221
9955
26770
11500
2105
10001
3162
27473
2473
15922
26036
6414
10339
5634
11403
23161
14082
10189
15218
27298
12012
12745
2372
5639
5284
7994
11176
23060
18790
6604
16503
1966
19376
8479
19445
6261
20533
12469
12087
7070
21919
16318
26857
8353
17125
27080
23310
2030
5907
27332
2427
8692
12389
3960
13992
15142
10376
24443
18640
17519
22348
318
11266
22821
1908
8231
11705
6283
19498
16544
11162
19768
5418
18166
9601
26932
14639
12398
20579
22677
27251
8700
7784
12141
17123
228
19693
2019
2314
24654
22153
5261
18947
1724
15800
11638
12261
6268
21581
7235
5569
19526
5790
19749
507
2564
2314
4986
17393
1597
7740
14811
23947
15922
23081
5429
5299
21078
24882
14647
19763
16172
3696
671
4288
20384
9223
9129
10729
1309
6633
16128
25438
25154
5979
10522
10059
9322
6094
19383
