10619
15774
25463
26631
1926
3553
130
26808
3680
27444
22160
24961
8590
12358
6682
24628
5406
2779
17232
21001
7365
9086
3841
23022
1644
14628
6266
1223
583
25349
25676
23931
3452
19616
15768
7746
31
23273
4437
9066
4148
21881
19878
5828
11871
14352
13343
25405
23319
7685
2878
15865
5250
6921
7750
6190
16175
2791
4987
17634
9327
6050
17521
25173
10778
5263
26077
13063
9013
7869
15591
5017
22010
6099
22070
14708
10276
1856
10615
25093
2278
6459
21414
156
5253
17994
2188
25629
1712
23685
3698
7461
23381
3797
26135
15471
12438
11298
3259
5713
11388
14865
26250
23582
18886
23537
8735
6219
11381
3819
3233
25627
2066
13774
23609
1376
10989
22282
15334
4950
4113
5801
12934
17548
330
1085
15441
2140
2481
8710
26093
23645
27400
17461
20116
15163
13883
7934
6375
1250
8601
11682
5760
19209
20167
3950
12833
9778
24507
23231
8199
6047
16236
13309
20743
7508
13100
19360
16882
6340
23401
14290
14069
10862
17392
991
4539
8215
20029
10205
12716
19021
19361
16957
489
24440
18541
5025
13251
21309
5614
7547
23510
24501
23070
16542
21286
17984
27377
24015
22596
14977
9504
4623
27401
11234
18195
2200
14960
17922
18292
9949
23862
16509
54
26085
17014
27072
22246
12745
20512
22343
3266
25221
19614
7644
14610
18759
13913
24308
15923
23134
16569
13098
6399
22837
13563
23312
22509
15348
2314
17281
15748
26564
11515
19445
25723
18088
2040
10778
15056
19480
17893
1922
24660
6468
4977
19827
26279
13329
3573
15332
9903
25090
4017
1541
16146
6284
5279
19028
21879
1941
19357
4161
6896
4680
13705
12619
3739
784
11902
15381
9211
1585
12349
12366
16403
22
3919
17062
4268
22176
1212
3959
11922
11029
16973
20837
20612
17231
21465
1855
25242
4207
9004
17716
16838
209
8409
4537
13199
10057
20215
452
4009
18933
528
807
21409
16446
16025
4875
12334
4028
6341
6482
18789
3422
1636
9019
7280
17277
27179
18903
25549
13191
9736
10794
9657
6430
19614
13332
24572
19149
18354
6494
158
15863
5738
14387
2297
11913
15453
23843
20622
15802
4003
16463
21113
21788
11850
26429
6638
5760
2760
21158
7738
25975
24992
14387
27365
7014
6020
15998
23761
18082
26350
14216
17349
16235
17353
8458
2437
8584
22390
5886
5118
11590
15653
11302
1590
13231
27156
20572
23610
13503
1313
22168
19562
12326
22864
10309
17264
10578
17295
4745
24879
343
8747
16795
23747
16596
23416
12588
11422
17030
4840
14203
8302
16914
6275
10823
22464
14177
13231
20715
14737
7915
13078
18897
18623
12563
9687
15732
22246
8061
21873
21726
19579
24081
20289
353
23014
345
23849
7980
21099
23956
8514
9395
4515
15783
24715
17420
21315
2103
8297
3114
2970
4668
5731
12213
20763
18155
24426
25245
17696
5286
7413
22108
1192
15521
17549
2937
19095
17521
25877
1613
11405
8184
19549
8808
6132
20749
22496
18301
10624
21181
12421
9134
25921
7160
8014
10463
4743
10009
11087
11401
20765
5977
3511
2536
17966
17944
6481
26588
13187
5101
9941
13819
2697
1955
11705
11191
22228
24542
1477
14211
5397
24548
2231
11749
16464
11898
2700
5022
13613
19386
7235
21883
23691
17978
25042
16844
2436
13510
24176
27399
12366
10902
13043
16661
1636
26938
27479
849
24749
20587
1733
24009
21641
26876
3219
2193
16480
19803
12585
25107
9790
9620
25782
2471
23614
16146
26974
5924
2688
15717
6142
22204
4814
18140
23290
23156
6671
2304
17119
21684
16415
5403
20418
1264
25972
1465
3956
5745
16763
24968
20197
4368
8714
13641
18019
14230
328
21298
26745
7709
14909
13585
3543
4621
7311
15878
24682
10996
20211
1574
6607
9566
25498
17799
24142
6595
16081
1501
24467
25474
20300
19468
20930
16816
479
7324
212
10128
5146
5578
552
5241
26835
16595
13180
21001
11079
26217
21761
25712
27331
24734
25131
2292
13341
3277
24921
10500
9459
26562
7206
24678
797
6993
13151
25683
5734
24322
3874
6770
24478
223
18261
7896
21416
4382
20959
17828
20333
12525
4977
5113
18623
17995
12879
26188
13270
19181
10088
20325
2834
10513
22055
24908
3154
6432
12122
10936
20085
17735
27395
22891
24889
14668
1582
8851
21918
16712
19174
7895
25644
13480
18370
15308
19274
13478
16418
9652
19819
8569
6636
18924
2310
18623
26013
12029
9799
23367
10641
9457
806
22072
12390
15049
13580
11643
6021
11291
22881
2380
2774
5749
2141
288
17970
11451
21973
24747
6848
19015
22400
8986
2768
10411
6894
22572
6086
8429
7019
20946
21707
8948
14835
3194
5017
4548
21547
17463
6798
16901
12584
4769
27147
15681
26137
2738
2418
12133
24740
14021
8609
9247
681
8847
13115
2005
22948
8450
9393
20924
24196
22957
22019
20352
22882
6435
9013
26381
10135
11563
19059
20230
3251
10862
83
7835
20220
26144
24854
19868
4934
11056
8716
19310
24132
159
27350
6695
16333
20758
8020
17086
6821
3861
15860
352
22161
12137
18767
10923
2379
23995
15450
20570
11391
26641
8280
20032
24046
17036
25273
11754
7666
16605
4727
198
26888
17350
1419
20579
23939
25159
15991
18673
14729
9717
25200
27258
2422
19393
24016
20655
23966
22447
18909
24974
16373
11861
12077
22193
11109
25708
10431
10438
8551
22328
6147
5202
22872
21940
15737
18159
18130
22060
6748
20985
9942
22653
10368
4597
3299
21869
24558
23765
7507
8417
20384
18523
4336
9714
14144
19301
16588
18506
686
4341
12608
7777
26751
1837
16990
858
18776
4432
20903
26194
22411
13936
7539
9914
18311
26045
12904
11821
5012
16186
20798
18062
22935
18377
22306
640
20669
5758
2584
22688
21913
16862
4990
18774
9721
13004
11189
18382
9507
9040
12279
16852
20483
10272
13927
1532
17830
14317
13262
25725
19420
12760
9672
20454
16751
637
1280
5296
17934
12774
18969
12440
4260
11748
2566
14081
4495
5401
17794
7458
8876
9931
8506
20571
1849
23637
24050
11649
9835
15363
14385
13772
12401
6050
14690
21515
4665
19215
18157
6399
12978
1597
10932
11488
6385
6050
23336
8077
6224
2903
5663
17575
405
21629
2141
1076
1974
10418
18977
17051
10845
2816
19649
8552
3968
24436
