3689
13512
9473
15561
19843
12045
27005
21181
5384
8498
5522
23674
21467
5776
7752
24063
9515
25668
22122
23524
14203
8541
22962
216
20652
9588
16028
13034
2460
1206
12803
26108
21668
16322
23678
27346
3213
8785
21213
15741
15065
20581
7886
7717
24154
26075
13772
3894
355
3584
9674
3397
24822
26901
5428
2107
26812
5288
9428
16458
14806
3478
16982
2349
17326
13285
10319
14507
7893
3813
17773
451
16777
3482
26863
2535
23356
17891
3690
23354
20284
8458
3046
8236
10582
4428
20553
3612
26301
16316
24777
1635
1621
10063
10205
17963
16145
15838
10089
14628
12315
23175
8631
14784
26026
25538
17566
1327
3562
27130
9192
10467
18695
12689
14202
1373
20978
5041
15767
6207
13764
2094
24584
17281
21788
2827
2668
11375
18196
12460
18245
9310
21590
6154
8909
3591
19553
20770
13902
17507
25074
19086
6927
2394
15403
15108
16508
4262
27425
9366
11705
18598
18337
7440
3891
946
23875
9489
25366
14972
20284
13788
3651
2839
24105
20650
6882
6559
23611
228
7884
15530
26091
15386
14572
12277
7767
14676
3367
26777
2010
25282
18311
10157
7826
27008
11673
4104
25666
3774
25065
25636
23897
8034
27316
7767
6830
13647
10144
23789
1894
20340
1212
6288
26571
25065
16921
27040
26695
2373
639
1213
18241
22695
8726
12438
2474
4074
19429
15289
20519
24272
14898
25834
12181
24026
9298
6432
2158
20827
9543
6604
22690
8181
7344
20618
25750
19415
4268
17676
9192
7794
18377
11362
24172
11920
20179
274
25161
711
21293
4536
18682
4820
6304
4724
14403
9400
4399
16519
14887
6314
23082
4591
11110
8131
17087
13398
16575
26509
10557
3270
22476
9712
6602
21737
8519
4623
6283
25554
17267
11831
20366
7135
13162
17832
22838
22288
12757
19964
17843
22938
15481
1508
21705
5763
25748
897
24276
5328
27405
9632
27560
4216
18487
19902
15877
5834
7490
12372
17372
8673
704
11740
18740
8580
2787
12697
5271
18583
26294
23243
1869
15490
7370
13162
10522
25177
18010
11270
25990
22270
22836
395
13706
886
12256
10283
17007
12250
6111
7819
24196
5727
14076
24778
23475
25887
4103
10552
27526
4723
11403
6834
8739
2647
2292
4367
1305
24114
8818
17820
14867
24978
11229
11570
20425
11633
18726
6830
2085
7614
26362
23409
617
11922
3123
6054
22197
9578
23919
4710
15919
1695
18599
21275
27363
8999
6088
20664
23764
20296
13416
15630
7765
13756
1100
10623
23695
22376
17697
6426
27450
13191
17326
22966
6158
23019
3343
18438
26791
10366
303
16366
17828
60
15922
4250
2881
3017
21388
21753
1356
1055
4684
12717
12871
21631
10232
9417
19445
4428
4537
6951
27216
2313
23527
10426
7062
21504
5460
27264
11678
5522
25150
2767
13060
1369
9620
6006
21439
10488
4420
19850
893
13896
10004
20437
7172
2601
10127
19103
16070
24779
2277
12273
10097
13303
26218
13445
18939
22429
8171
18740
13800
12806
18845
13250
17513
23040
17673
12435
6832
21613
3644
20783
20878
2226
5236
8198
14558
24956
9852
22724
7021
26460
24527
25142
20209
22648
12154
17573
9457
934
11792
12679
22475
12055
6237
12603
23551
17172
24554
20080
10072
17494
1853
22322
1588
22357
26378
15858
5206
14952
9033
4035
4607
25461
20741
20568
13209
4147
17105
21058
19365
25319
17248
12412
4109
11531
22003
24218
24933
24286
18145
19337
20308
6685
13101
26237
10549
8004
21678
4958
4639
5256
16358
4048
23167
15473
20259
16851
22545
16399
19381
26430
20069
10453
2290
18536
4459
15991
8880
11507
13607
11101
7966
6415
7410
22497
25278
21112
26058
4251
25370
11179
8824
15445
503
11665
9883
25005
7217
10077
25006
1900
2652
18019
17897
22696
4051
19396
2866
23922
15164
17890
11603
13897
18154
9782
19036
5876
25110
20497
544
10196
20206
13909
14927
7376
17349
18586
16706
11593
22464
15679
9655
4591
23130
26906
18673
13863
26822
2421
5817
2264
2038
15219
2374
9302
14614
8978
16838
11951
19480
16167
17753
26251
9234
25994
20350
25112
5834
17166
23790
25713
10902
1434
21829
25311
14584
23032
7789
26459
8417
4007
5001
3265
24674
4425
9895
20332
8121
12279
1400
4255
18127
9026
23134
19594
26713
15040
10952
10414
5158
11679
7660
21126
10648
27426
12912
12565
5822
15208
12754
18440
13439
17090
27022
21272
1941
19386
552
6189
19561
23884
6371
3437
22123
18359
20866
8256
14228
15517
21871
23481
19193
1591
7477
9073
5569
20788
19718
11721
3125
18991
26846
8657
21667
2290
17669
24951
1922
10899
23193
12562
25404
18725
5149
14606
5069
6962
26513
6683
1597
8777
19407
1244
14547
15869
2869
26050
19111
11845
17816
10426
4329
14967
24226
10384
20789
6147
23380
12669
17508
6446
19161
16801
25823
4425
18086
15169
15795
2141
6970
16455
11069
14770
20862
5632
16554
14950
17563
11598
21286
2909
8684
26635
23643
23898
7174
14462
14030
5789
9936
17644
7366
20930
3775
15622
25798
1965
14876
23683
6700
7437
18377
4307
8949
6236
21170
11514
10260
17453
19384
25154
8270
10103
24636
19338
25951
9577
16227
12690
525
5246
7583
5097
14613
12462
9323
5399
10144
1430
28
5483
18301
11512
27080
27427
1971
13183
27059
15441
9459
9549
11568
10719
20423
7365
23073
21254
15340
24071
3021
23496
25070
6182
26266
1571
15383
11493
17525
21819
22767
21920
1245
5733
4365
8925
18874
11394
16308
26388
11811
6756
10989
22779
13730
25434
17788
4423
11259
2832
1961
12243
1711
16866
28
8036
1003
9423
4835
7337
3740
6882
9790
13915
10403
11445
9821
11074
22164
3934
19038
21077
25548
25255
17901
18642
5477
11120
2644
21506
12866
11579
15818
16093
2405
27244
17526
9754
20449
380
1274
6883
27345
19649
56
12015
9824
14629
1113
26186
17530
10781
13136
15828
19508
18615
21849
7957
21468
7925
25769
3086
23528
19366
21157
2267
10350
12822
4955
10244
13555
11080
23116
6215
14929
15077
26401
4954
3519
22243
8473
5355
24550
26109
14049
13605
24568
11996
10390
15077
5775
473
9991
1469
21700
22050
14835
13017
18565
26525
18391
17464
11317
18048
25261
15710
3728
5867
16457
3392
20085
13630
10057
1345
26554
1108
