19994
13181
22614
19535
22723
4741
6460
19997
10987
11596
4619
12437
19841
3797
4196
21542
4976
10633
13221
17330
18467
7013
6746
12349
11488
17737
336
17828
5803
20692
1936
3211
13675
7700
16040
20450
24308
20982
25891
3652
13577
3363
19879
25749
14845
25945
7776
2349
25585
22797
21119
16689
26331
3449
780
16404
10903
26601
26933
16045
19932
16673
9041
26639
14955
24327
9104
24079
23334
21832
24127
3178
14603
15948
714
16986
16045
1612
4517
2489
21394
13876
3604
4359
22275
23791
7599
15808
12838
23826
8435
5725
10496
13706
7396
12675
10929
15750
19302
21843
23524
5695
24594
14806
25851
2396
2954
10799
25630
22544
3559
11307
23397
19386
26635
3144
22616
22115
27264
22485
25396
16673
16610
4413
2109
15931
5263
17842
1174
12488
6465
21566
20148
25879
16080
5081
3545
12960
5190
14428
13956
1038
19403
13610
5917
17011
12286
13524
9811
18214
11266
3376
18982
4447
234
11284
24874
5092
20015
22544
12744
20338
17615
3127
2180
17177
26421
18487
16500
12851
27071
12705
13913
15250
18482
8046
17532
8331
21096
9976
13785
14405
6448
2862
16967
25498
4752
16919
4233
19533
24496
14459
6087
26452
15654
6900
3259
13948
8688
12999
17686
10902
19373
15554
21826
5842
6986
8716
17021
261
22796
8240
18441
14593
1602
14916
5241
7328
2172
4722
3844
9449
9750
5392
15723
14508
21666
7706
26326
2098
20452
2444
9169
8624
9377
13101
15917
5350
7186
6320
23578
20373
8449
13621
21401
10035
21596
5487
3068
9757
13472
13698
23561
1174
19035
21996
2734
23628
11006
15340
24195
25105
19875
23574
22007
7191
17120
853
3656
822
10122
10894
12107
2276
13925
12945
9613
25541
11939
1955
2819
22844
8960
22784
2252
6643
25719
6423
8064
16472
19272
23227
8579
23967
25688
3127
8812
25396
15847
8632
2145
362
2045
12821
9001
15274
2017
16099
21366
2821
5561
2980
18373
16339
15143
6233
18323
20798
2394
11256
16938
27493
21942
17908
12147
26502
382
5924
9151
1088
2822
141
7686
21055
19199
25966
18695
3503
1673
20044
23931
16011
7730
23552
16335
10635
21211
14533
7241
5416
18198
4631
11595
17638
24925
21140
12422
16784
22188
11278
27096
17348
6311
20006
27250
6369
16330
23106
13642
20889
2302
3209
20458
7575
22049
11564
5046
4874
5073
24966
4593
2926
22483
17019
20826
16167
6913
16434
22721
25031
21014
27384
24123
3036
9681
20251
11232
2968
18513
11073
16873
25771
15463
10903
556
10841
18565
16438
231
8535
23627
19994
6230
8918
24200
21577
16802
161
15553
15308
5633
1346
25675
17917
9304
14058
24436
765
16323
24366
15013
25803
10139
13509
7619
5042
17135
25924
2861
20051
6429
23757
16021
12954
14130
821
11346
4330
9280
16750
2149
16914
10130
24377
577
15511
5093
21588
14841
12828
18171
22879
21715
149
1783
14327
19612
24407
3712
7952
1571
18909
656
5071
1854
3702
25986
14351
2686
26130
5516
2352
23625
16996
10762
13598
27392
10675
12203
8061
4152
19690
12777
19387
27132
10918
14295
24198
6432
4581
10083
1390
21834
19496
9500
20856
5789
7978
27504
21317
16800
3093
15904
2527
13233
26577
9151
17487
26653
16491
4837
2076
12437
9233
342
10190
25451
3104
24670
2096
4686
26013
18693
2563
9617
21978
3018
8076
2267
19397
19199
15360
6612
11612
1308
1755
2925
11574
540
483
14009
15063
20834
8959
3720
21818
3983
18212
11048
14482
12587
21620
1591
12605
12292
8247
19296
5009
10077
6810
14854
27002
8956
6990
10400
2267
17837
18102
3765
24730
13049
7105
22969
6927
10172
3884
12866
7322
23964
16959
13685
23904
9861
24876
335
2046
10652
15958
15673
26828
19088
24589
15760
2894
20250
25242
21333
4108
281
24999
705
19342
17863
26225
5440
4909
3884
14641
3575
24395
7193
25537
8999
13645
11302
3185
4081
25754
27233
16134
5720
14346
26302
5686
461
24411
2254
11443
14285
17096
10965
8121
10136
3202
26988
3863
16070
12300
5731
8831
9765
19877
12577
22580
4859
26816
22869
3530
19927
11442
17012
4266
8379
967
11347
19783
22112
5123
15030
27459
20456
25247
20113
12792
2497
24834
7562
18375
9267
24029
3046
24831
10896
6461
18000
6459
23034
10011
715
21438
24978
24273
22629
4947
4795
6405
7467
26556
23867
27240
14929
1040
13166
3805
21170
25758
17621
8249
2779
10730
2519
22797
109
2493
2988
11678
9560
6367
13013
6232
16974
7226
12977
2750
74
22422
22751
17252
9073
26658
26836
11149
21530
18983
23046
3998
15190
25800
17130
7138
4637
19198
1212
27257
7836
16777
9505
18491
11189
16477
5689
3124
16149
17343
25077
6479
24586
3910
19161
2121
22899
17808
6406
21199
18444
11378
5633
23292
9333
13363
22244
24901
9116
5191
970
4469
26991
27402
9540
19664
2349
17419
21993
9749
22290
20650
8095
26850
13534
14956
2344
9451
25697
9199
14082
27062
9671
24139
16933
25936
6444
14947
8642
10510
18960
3892
24099
5295
3139
2662
14539
22529
12463
23989
13252
8442
14758
10096
15459
14463
27508
21866
4088
2410
15988
14982
20328
17497
4469
1200
13422
14025
13230
7627
452
16130
6110
9498
9701
6278
9499
12273
5633
15683
19865
13092
12283
12162
26274
14676
8598
28
18428
24141
18162
7436
4878
4085
21987
6281
3586
18559
4746
834
1579
25219
2920
19790
6316
12783
24492
585
19993
5429
4448
24799
24324
24740
23017
11925
16765
17872
8031
17066
13573
23673
11360
14063
16263
24216
3574
13380
3934
26353
9300
4539
10519
22502
18000
16886
99
21729
1037
8397
13067
6699
8489
17914
5294
10633
17288
24379
24798
24412
25290
26047
6990
12170
13656
10880
16254
19366
14975
10676
23147
10733
20073
20337
4360
6114
9283
23919
6894
3168
2611
19784
13037
19250
16550
8063
21203
26631
18688
99
14783
15762
4683
19870
12637
9626
5997
21373
4353
21059
27222
12440
8930
16376
18598
22757
3159
19548
4233
15151
12986
8612
616
4181
26392
19723
25689
24399
22210
6273
18897
1935
21358
6082
23926
1216
7136
23419
12985
3863
16747
2580
25402
24882
10399
2193
1156
25683
12600
24612
16258
276
525
14602
9478
20545
