22342
24836
3262
25051
17141
2475
7362
14766
26346
26576
4150
26734
26336
12918
21913
3712
11287
25104
21670
26407
17795
885
23288
25634
18400
20614
20191
10594
17787
4441
19153
772
7314
1158
2468
22600
18831
8506
26122
846
11662
10285
20861
21765
4868
13050
11841
17535
19245
20523
7286
18426
17775
4256
3036
13289
26416
9128
15848
5942
20421
6700
13512
18956
24430
26401
14777
3616
3917
6761
23067
6674
22329
6409
25500
9410
5140
6588
16712
12581
9458
22797
15848
14849
25146
7578
20598
20494
10255
15357
1984
1372
14274
21279
25634
3350
15387
12479
326
9038
4247
21737
8337
14209
4336
16319
6914
17746
18678
20325
11972
2207
6074
25049
4002
22666
14502
27462
2047
11756
2711
26480
129
21146
22414
23832
2223
10784
6830
21907
11504
24976
4722
6936
3814
3547
23848
15706
14852
3800
23385
16873
9436
13739
10833
1988
6325
3159
4778
6326
11182
1245
24737
25953
13079
13034
9057
24656
9950
2826
21311
10515
6368
10876
2453
3418
25874
26302
15569
1545
6232
9503
22530
391
1075
4402
17612
19865
17574
11983
14771
7895
20231
4932
18617
4767
9933
16958
21311
2132
25503
21172
12964
11595
11871
8198
13592
13659
22425
21754
17482
10203
22248
14336
9432
25779
24029
14862
16884
15899
5467
8043
12512
6112
23160
5086
6000
4432
6045
11593
8334
25332
11480
4807
24806
27008
11663
2823
6777
10967
16123
6896
16345
19294
5877
2991
7906
8551
11341
13571
2250
6903
21934
698
25489
19820
13015
15669
6283
12203
26520
14764
13980
6143
13024
16920
18412
10686
9902
27240
934
24286
25047
21796
2503
6886
8993
18427
3562
19566
2714
17738
13174
21276
19393
24769
24430
8966
18944
5175
733
20216
13336
12768
24801
16534
16754
23562
22070
15615
4751
6326
24317
685
13055
4376
26978
19332
13350
12517
1541
18492
1059
1878
13998
2458
22439
22423
19603
3934
17884
13908
26805
17608
21915
12062
11524
22653
2195
3455
4498
10556
22816
22006
1566
10770
14158
11168
17826
17023
7763
11508
394
27131
4364
2698
10044
5185
13047
9100
26166
25240
1334
20038
7087
11307
14794
25896
11196
27100
8050
19022
18067
14528
18925
18073
4620
3295
27536
4439
793
15161
24196
18146
4966
9945
12251
27064
4117
23457
17495
10142
4981
11424
12824
3082
15971
6008
10365
15796
6609
7717
16738
6981
22628
27090
19817
9230
15815
2736
24854
24126
22429
6854
16105
536
11366
8379
4233
4637
11308
2411
16222
12512
18862
18983
17318
824
1813
8571
14276
17759
10940
22494
19489
26676
14290
8726
2683
16561
21267
11324
2333
7014
4041
7437
11689
14166
12162
24012
13891
25925
17295
26352
6347
18331
7680
18210
18840
1791
6690
5947
18109
23163
9248
21319
18309
183
16325
10426
25112
29
12303
11345
12257
20996
8656
21448
12526
886
4560
19581
12588
4013
9151
16466
5003
20055
6393
25151
7085
20861
4923
7630
2341
15599
18533
14757
11376
17486
17571
18409
17241
25966
5504
19242
6266
3048
16464
11959
12199
17950
21000
9416
17952
11156
23098
22856
6738
16636
15776
14578
23866
6966
8531
3043
25805
17516
12756
17338
14698
17563
14676
19560
14024
27391
5789
2688
2787
1659
10885
11913
9851
20796
17021
21054
25598
26797
5010
3624
18871
2404
14115
14264
23612
12903
10626
18198
20134
13951
9346
3939
15872
6894
1113
20530
6391
11748
18645
9665
19992
10664
18534
19104
11746
475
8876
11345
7117
5151
22547
11472
24349
10564
20965
10719
22158
20535
10170
5714
21617
26092
8783
18193
11660
22868
20956
4365
23638
27287
13777
24260
15925
4074
5233
10924
20340
22660
21605
8544
14367
2317
2839
3554
18398
13203
4950
13200
3871
1400
23324
15146
25505
18882
15793
22357
24111
27262
15
23734
16607
27289
14183
12758
21944
6049
13280
24681
15553
23183
20060
15868
6480
18070
2195
16967
17923
19802
24428
27079
20962
15755
25472
15718
427
3091
23659
12887
23175
5517
14925
17075
776
16674
9755
1241
13044
5022
3154
5401
3841
4934
1066
17223
7461
14510
18841
13314
14420
11827
3178
13067
23384
23977
7118
5489
15277
17365
11174
5417
26048
2153
2685
3716
4352
16847
15531
1317
25552
19770
20038
1653
23589
25647
27141
23549
21471
13743
4605
10758
3479
743
25783
8045
7870
8934
12423
17587
597
23106
15109
23415
9349
11852
1377
4591
17969
8876
24614
3012
27251
14552
19180
27550
7642
11119
12361
20812
22441
2538
4620
9673
1452
14005
9001
4554
5504
24815
18310
12458
25017
2636
20256
19992
15182
4787
16191
8004
3486
5612
24536
1878
6388
1367
11732
347
24585
5140
2394
8227
12125
2575
27443
8909
7925
1613
7953
1163
13494
20726
17108
2316
2124
21220
24815
14360
2778
22666
9067
7823
20279
283
1213
18112
16364
14133
19800
19189
21347
7647
18762
15042
10712
1599
21309
9052
16479
20133
2658
3291
14844
12913
24421
21875
19936
1295
1920
2305
21858
25904
18538
3422
19613
2804
2993
17378
8818
17739
20353
15798
20096
6233
19951
26734
23778
2265
9871
9949
18574
16209
21586
9908
5418
2270
21053
5407
10471
14911
6073
17416
12893
3988
21362
2550
7825
6283
14277
2351
10896
2660
2852
21439
7750
16366
26564
11526
18829
20625
11531
17788
2789
25628
4885
7007
21843
12987
20959
10699
7198
922
18254
11462
12004
16533
1533
8472
21075
18874
3217
3359
2374
211
11315
17790
19620
14286
2767
17126
3247
3491
2499
3715
4383
5129
8516
8491
5755
6587
24487
19083
15025
4795
5593
2024
25061
19174
15076
8401
4346
16885
27239
4428
6769
10720
1943
18549
10845
27095
10841
16838
4062
10282
4226
20626
23897
9433
18586
7828
14270
22844
16197
8992
7984
12026
11304
9673
15089
20173
11345
11456
3207
574
7711
8517
17736
26328
25685
12174
6340
20810
20660
20114
20207
2691
18480
12327
5598
2498
22604
4539
4286
18057
24522
13845
19069
4039
26219
14583
18427
902
22178
20337
3071
14102
8740
14752
10762
11131
4692
6709
494
25341
17736
25591
4284
25263
21749
15637
11688
6763
20441
6065
1676
20911
18191
19397
17420
11231
10550
22379
8515
22336
21578
23366
13501
17237
26143
11795
1553
23773
24221
13695
10140
24247
6459
4298
17864
6715
4149
7303
7969
163
6064
18161
27065
6729
16797
26773
13116
8036
16187
14660
3348
14923
3912
6793
14214
22302
19494
13360
24512
26137
12300
7634
25416
13232
24063
5629
2909
3190
15538
12405
10085
20521
12111
19152
25505
22511
983
26602
24356
17325
301
26931
10390
10781
13644
14907
26389
23453
12679
24079
10520
1233
8229
8591
12269
13002
19174
9897
25855
7061
20252
24930
15831
24856
1451
15044
79
4027
10937
6197
14405
8347
19229
15900
6311
1672
91
4934
13089
16723
3146
3451
8423
2294
10968
7477
17095
5820
17752
5051
2420
25180
15086
11194
2806
14939
2829
6263
3617
8803
9307
25486
24366
21608
1950
11247
10718
11077
26836
6289
2759
21907
1120
26422
21953
26442
20867
16489
27266
15203
13221
6644
5122
13132
19285
27230
8978
5832
9273
2354
17122
10193
24337
11394
24428
5953
21819
23532
11403
15950
2356
6575
16087
13965
25065
17983
13326
17213
2266
1010
20428
8691
1744
25327
1381
1790
15525
11669
648
1246
6298
3271
17087
12671
2795
11589
24710
15302
19829
27043
15930
13431
14297
16434
20824
16279
19608
11585
17543
4581
24042
6606
9596
8108
26649
5017
2480
18798
2446
5218
16456
19251
24421
16340
23651
18326
21455
14447
122
5199
11662
15088
10381
17552
15859
20884
4527
13429
10315
26929
25696
24482
11782
20427
24942
10070
2962
14105
9151
23297
4848
5498
14266
2219
6348
17205
2822
16465
24407
13073
8404
20750
26253
17525
12916
11647
4853
11771
13001
23612
19435
16827
2314
2839
15580
12279
14721
942
15692
17055
12822
4216
20515
21711
7744
13565
6290
5028
22163
1750
5119
26860
15566
15798
26116
2534
24103
24446
5654
4362
17529
4680
2969
9837
10845
2314
18540
14767
27183
5617
25201
18035
20202
10200
12626
2699
24247
11825
18120
19758
7574
16085
9990
21777
1934
27367
21183
199
24383
23698
18907
24281
12383
10018
2180
27493
23864
3
18433
17769
11049
12669
10471
12013
631
11366
2688
1078
15030
16571
20066
6750
19706
19350
13445
24483
21286
13196
20728
18088
26959
2983
23849
15358
3071
26726
23045
1621
7349
10992
16991
25204
11133
19301
26742
11590
17228
24700
23912
3734
5255
16846
21150
6482
9955
9150
12134
4436
20258
2483
24417
2153
21350
23279
11982
16405
9541
20655
15968
16578
23132
12147
24220
13157
16894
15191
19578
14763
21439
11858
25009
2270
27532
19745
15092
3738
22978
19676
11186
7205
8440
15762
18682
23691
5560
13537
11363
6320
20608
21662
10401
8531
12799
7362
4164
10683
7569
6399
17433
26327
4852
24945
15385
5052
19108
17679
8904
13995
583
530
21863
2738
18673
21150
21650
19248
26004
7945
27454
14988
17804
25971
5966
27061
4432
25844
26329
4539
1380
7062
14738
21155
16372
8481
11551
23121
16972
7186
13781
24368
4520
22497
4707
2472
756
281
26640
24358
1246
18162
26912
5836
2212
9659
19903
16324
11995
25037
85
13638
3786
13470
15370
17423
5445
9122
8781
16680
16015
18649
4351
17698
20949
10692
10705
18749
6286
26077
3538
13683
1031
8369
8634
26060
5457
13037
11815
22521
435
21564
14580
1137
13758
11842
13094
17893
13492
20152
25930
21885
11636
2323
25621
10198
20652
22018
22032
16149
8723
20332
12673
13814
12774
11336
4564
7425
24074
23974
13045
16434
19472
3661
15797
5094
1651
1668
25806
13954
3943
17545
15810
8368
18218
10724
5812
6349
10414
821
9317
14919
15093
1755
15769
12654
17949
21488
4956
26466
14397
25072
17520
4036
1319
383
5133
14184
3873
1925
14999
27053
4263
4123
4288
2056
19490
11858
13639
16401
24228
3121
7712
1622
3759
1791
4815
20950
24599
13898
23169
6068
11427
9928
18865
25945
5764
20471
13946
20683
24167
6284
25801
642
15171
24420
4362
11366
8763
15350
22692
10579
16857
26583
22730
22302
26271
4758
18166
19971
22481
18463
8853
851
3072
7516
22996
24696
11955
27254
828
23562
14210
26880
24060
4230
9509
1491
11800
11715
8760
25067
13187
19268
18019
22829
6776
20967
11019
1420
23884
26785
2980
13586
20552
2795
831
11716
3348
26765
25816
25606
27122
18777
19062
10011
1673
11780
14646
14558
21493
16300
26018
17113
24106
3143
22306
26943
6132
25035
18338
19671
18595
21812
14243
20521
13441
24875
3168
23364
4540
20819
12216
16428
9799
10836
19812
26272
24105
16530
26649
17192
21221
24614
6018
2564
22725
11346
19730
25712
7902
8363
14848
14934
17368
16174
4228
11200
9947
2108
6267
27408
24938
21629
3519
14868
1370
18343
22563
24997
3857
8153
21299
12977
14832
24087
27249
465
9449
14386
20316
26715
18841
7207
26150
24895
12162
19902
15086
27397
10500
24190
24496
10405
19744
25032
24782
2140
816
15491
254
5192
498
21672
4979
26179
20998
22393
11384
8013
18443
23539
23919
24581
23142
12910
13013
1711
12147
16142
2798
9227
6942
15721
11588
11132
1376
6827
6425
19240
17866
3042
3329
2040
19960
15031
22892
2695
6741
1374
17817
7330
19240
3364
14074
1149
2566
12468
19279
16299
5383
16786
18958
8441
22049
4617
6358
16117
23817
22457
15986
59
25949
21678
10770
23964
18288
6385
4388
23612
8758
8727
10791
20796
4300
18659
17456
22535
10202
2844
23563
19347
15563
20130
20492
15006
21932
18165
14398
18597
26273
17018
22469
4932
20426
5872
11162
21632
10786
1129
5268
1071
17334
6609
11250
4458
24266
9148
5389
21769
576
981
14248
25614
16326
16296
17470
25287
5804
24278
1224
22261
793
11130
16115
5145
21792
5564
4523
16649
25844
17943
5681
25057
10248
861
6039
24869
23839
15783
15152
28
3258
5674
22690
10451
8531
6883
7902
11422
5020
15346
17842
18588
9522
26324
6415
20330
10532
23172
10031
19201
9283
24058
20396
11572
10802
10060
11774
10251
1915
11695
16439
8150
10919
2561
12684
7776
412
24264
5546
18536
4063
26845
13414
24445
19713
13253
16461
9389
14137
21819
7218
7784
9356
24030
2394
5438
8091
9454
19721
24316
1312
2058
371
5046
618
12463
6406
25227
19415
13017
2044
14256
18058
16476
11242
2816
22395
6540
13609
22028
13630
8089
23636
1474
19833
24682
12347
12478
