22342
24836
3262
25051
17141
2475
7362
14766
26346
26576
4150
26734
26336
12918
21913
3712
11287
25104
21670
26407
17795
885
23288
25634
18400
20614
20191
10594
17787
4441
19153
772
7314
1158
2468
22600
18831
8506
26122
846
11662
10285
20861
21765
4868
13050
11841
17535
19245
20523
7286
18426
17775
4256
3036
13289
26416
9128
15848
5942
20421
6700
13512
18956
24430
26401
14777
3616
3917
6761
23067
6674
22329
6409
25500
9410
5140
6588
16712
12581
9458
22797
15848
14849
25146
7578
20598
20494
10255
15357
1984
1372
14274
21279
25634
3350
15387
12479
326
9038
4247
21737
8337
14209
4336
16319
6914
17746
18678
20325
11972
2207
6074
25049
4002
22666
14502
27462
2047
11756
2711
26480
129
21146
22414
23832
2223
10784
6830
21907
11504
24976
4722
6936
3814
3547
23848
15706
14852
3800
23385
16873
9436
13739
10833
1988
6325
3159
4778
6326
11182
1245
24737
25953
13079
13034
9057
24656
9950
2826
21311
10515
6368
10876
2453
3418
25874
26302
15569
1545
6232
9503
22530
391
1075
4402
17612
19865
17574
11983
14771
7895
20231
4932
18617
4767
9933
16958
21311
2132
25503
21172
12964
11595
11871
8198
13592
13659
22425
21754
17482
10203
22248
14336
9432
25779
24029
14862
16884
15899
5467
8043
12512
6112
23160
5086
6000
4432
6045
11593
8334
25332
11480
4807
24806
27008
11663
2823
6777
10967
16123
6896
16345
19294
5877
2991
7906
8551
11341
13571
2250
6903
21934
698
25489
19820
13015
15669
6283
12203
26520
14764
13980
6143
13024
16920
18412
10686
9902
27240
934
24286
25047
21796
2503
6886
8993
18427
3562
19566
2714
17738
13174
21276
19393
24769
24430
8966
18944
5175
733
20216
13336
12768
24801
16534
16754
23562
22070
15615
4751
6326
24317
685
13055
4376
26978
19332
13350
12517
1541
18492
1059
1878
13998
2458
22439
22423
19603
3934
17884
13908
26805
17608
21915
12062
11524
22653
2195
3455
4498
10556
22816
22006
1566
10770
14158
11168
17826
17023
7763
11508
394
27131
4364
2698
10044
5185
13047
9100
26166
25240
1334
20038
7087
11307
14794
25896
11196
27100
8050
19022
18067
14528
18925
18073
4620
3295
27536
4439
793
15161
24196
18146
4966
9945
12251
27064
4117
23457
17495
10142
4981
11424
12824
3082
15971
6008
10365
15796
6609
7717
16738
6981
22628
27090
19817
9230
15815
2736
24854
24126
22429
6854
16105
536
11366
8379
4233
4637
11308
2411
16222
12512
18862
18983
17318
824
1813
8571
14276
17759
10940
22494
19489
26676
14290
8726
2683
16561
21267
11324
2333
7014
4041
7437
11689
14166
12162
24012
13891
25925
17295
26352
6347
18331
7680
18210
18840
1791
6690
5947
18109
23163
9248
21319
18309
183
16325
10426
25112
29
12303
11345
12257
20996
8656
21448
12526
886
4560
19581
12588
4013
9151
16466
5003
20055
6393
25151
7085
20861
4923
7630
2341
15599
18533
14757
11376
17486
17571
18409
17241
25966
5504
19242
6266
3048
16464
11959
12199
17950
21000
9416
17952
11156
23098
22856
6738
16636
15776
14578
23866
6966
8531
3043
25805
17516
12756
17338
14698
17563
14676
19560
14024
27391
5789
2688
2787
1659
10885
11913
9851
20796
17021
21054
25598
26797
5010
3624
18871
2404
14115
14264
23612
12903
10626
18198
20134
13951
9346
3939
15872
6894
1113
20530
6391
11748
18645
9665
19992
10664
18534
19104
11746
475
8876
11345
7117
5151
22547
11472
24349
10564
20965
10719
22158
20535
10170
5714
21617
26092
8783
18193
11660
22868
20956
4365
23638
27287
13777
24260
15925
4074
5233
10924
20340
22660
21605
8544
14367
2317
2839
3554
18398
13203
4950
13200
3871
1400
23324
15146
25505
18882
15793
22357
24111
27262
15
23734
16607
27289
14183
12758
21944
6049
13280
24681
15553
23183
20060
15868
6480
18070
2195
16967
17923
19802
24428
27079
20962
15755
25472
15718
427
3091
23659
12887
23175
5517
14925
17075
776
16674
9755
1241
13044
5022
3154
5401
3841
4934
1066
17223
7461
14510
18841
13314
14420
11827
3178
13067
23384
23977
7118
5489
15277
17365
11174
5417
26048
2153
2685
3716
4352
16847
15531
1317
25552
19770
20038
1653
23589
25647
27141
23549
21471
13743
4605
10758
3479
743
25783
8045
7870
8934
12423
17587
597
23106
15109
23415
9349
11852
1377
4591
17969
8876
24614
3012
27251
14552
19180
27550
7642
11119
12361
20812
22441
2538
4620
9673
1452
14005
9001
4554
5504
24815
18310
12458
25017
2636
20256
19992
15182
4787
16191
8004
3486
5612
24536
1878
6388
1367
11732
347
24585
5140
2394
8227
12125
2575
27443
8909
7925
1613
7953
1163
13494
20726
17108
2316
2124
21220
24815
14360
2778
22666
9067
7823
20279
283
1213
18112
16364
14133
19800
19189
21347
7647
18762
15042
10712
1599
21309
9052
16479
20133
2658
3291
14844
12913
24421
21875
19936
1295
1920
2305
21858
25904
18538
3422
19613
2804
2993
17378
8818
17739
20353
15798
20096
6233
19951
26734
23778
2265
9871
9949
18574
16209
21586
9908
5418
2270
21053
5407
10471
14911
6073
17416
12893
3988
21362
2550
7825
6283
14277
2351
10896
2660
2852
21439
7750
16366
26564
11526
18829
20625
11531
17788
2789
25628
4885
7007
21843
12987
20959
10699
7198
922
18254
11462
12004
16533
1533
8472
21075
18874
3217
3359
2374
211
11315
17790
19620
14286
2767
17126
3247
3491
2499
3715
4383
5129
8516
8491
5755
6587
24487
19083
15025
4795
5593
2024
25061
19174
15076
8401
4346
16885
27239
4428
6769
10720
1943
18549
10845
27095
10841
16838
4062
10282
4226
20626
23897
9433
18586
7828
14270
22844
16197
8992
7984
12026
11304
9673
15089
20173
11345
11456
3207
574
7711
8517
17736
26328
25685
12174
6340
20810
20660
20114
20207
2691
18480
12327
5598
2498
22604
4539
4286
18057
24522
13845
19069
4039
26219
14583
18427
902
22178
20337
3071
14102
8740
14752
10762
11131
4692
6709
494
25341
17736
25591
4284
25263
21749
15637
11688
6763
20441
6065
1676
20911
18191
19397
17420
11231
10550
22379
8515
22336
21578
23366
13501
17237
26143
11795
1553
23773
24221
13695
10140
24247
6459
4298
17864
6715
4149
7303
7969
163
6064
18161
27065
6729
16797
26773
13116
8036
16187
14660
3348
14923
3912
6793
14214
22302
19494
13360
24512
26137
12300
7634
25416
13232
24063
5629
2909
3190
15538
12405
10085
20521
12111
19152
25505
22511
983
26602
24356
17325
301
26931
10390
10781
13644
14907
26389
23453
12679
24079
10520
1233
8229
8591
12269
13002
19174
9897
25855
7061
20252
24930
15831
24856
1451
15044
79
4027
10937
6197
14405
8347
19229
15900
6311
1672
91
4934
13089
16723
3146
3451
8423
2294
10968
7477
17095
5820
17752
5051
2420
25180
15086
11194
2806
14939
2829
6263
3617
8803
9307
25486
24366
21608
1950
11247
10718
11077
26836
6289
2759
21907
1120
26422
21953
26442
20867
16489
27266
15203
13221
6644
5122
13132
19285
27230
8978
5832
9273
2354
17122
10193
24337
11394
24428
5953
21819
23532
11403
15950
2356
6575
16087
13965
25065
17983
13326
17213
2266
1010
20428
8691
1744
25327
1381
1790
15525
11669
648
1246
6298
3271
17087
12671
2795
11589
24710
15302
19829
27043
15930
13431
14297
16434
20824
16279
19608
11585
17543
4581
24042
6606
9596
8108
26649
5017
2480
18798
2446
5218
16456
19251
24421
16340
23651
18326
21455
14447
122
5199
11662
15088
10381
17552
15859
20884
4527
13429
10315
26929
25696
24482
11782
20427
24942
10070
2962
14105
9151
23297
4848
5498
14266
2219
6348
17205
2822
16465
24407
13073
8404
20750
26253
17525
12916
11647
4853
11771
13001
23612
19435
16827
2314
2839
15580
12279
14721
942
15692
17055
12822
4216
20515
21711
7744
13565
6290
5028
22163
1750
5119
26860
15566
15798
26116
2534
24103
24446
5654
4362
17529
4680
2969
9837
10845
2314
18540
14767
27183
5617
25201
18035
20202
10200
12626
2699
24247
11825
18120
19758
7574
16085
9990
21777
1934
27367
21183
199
24383
23698
18907
24281
12383
10018
2180
27493
23864
3
18433
17769
11049
12669
10471
12013
631
11366
2688
1078
15030
16571
20066
6750
19706
19350
13445
24483
21286
13196
20728
18088
26959
2983
23849
15358
3071
26726
23045
1621
7349
10992
16991
25204
11133
19301
26742
11590
17228
24700
23912
3734
5255
16846
21150
6482
9955
9150
12134
4436
20258
2483
24417
2153
21350
23279
11982
16405
9541
20655
15968
16578
23132
12147
24220
13157
16894
15191
19578
14763
21439
11858
25009
2270
27532
19745
15092
3738
22978
19676
11186
7205
8440
15762
18682
23691
5560
13537
11363
6320
20608
21662
10401
8531
12799
7362
4164
10683
7569
6399
17433
26327
4852
24945
15385
5052
19108
17679
8904
13995
583
530
21863
2738
18673
21150
21650
19248
26004
7945
27454
14988
17804
25971
5966
27061
4432
25844
26329
4539
1380
7062
14738
21155
16372
8481
11551
23121
16972
7186
13781
24368
4520
22497
4707
2472
756
281
26640
24358
1246
18162
26912
5836
2212
9659
19903
16324
11995
25037
85
13638
3786
13470
15370
17423
5445
9122
8781
16680
16015
18649
4351
17698
20949
10692
10705
18749
6286
26077
3538
13683
1031
8369
8634
26060
5457
13037
11815
22521
435
21564
14580
1137
13758
11842
13094
17893
13492
20152
25930
21885
11636
2323
25621
10198
20652
22018
22032
16149
8723
20332
12673
13814
12774
11336
4564
7425
24074
23974
13045
16434
19472
3661
15797
5094
1651
1668
25806
13954
3943
17545
15810
8368
18218
10724
5812
6349
10414
821
9317
14919
15093
1755
15769
12654
17949
21488
4956
26466
14397
25072
17520
4036
1319
383
5133
14184
3873
1925
14999
27053
4263
4123
4288
2056
19490
11858
13639
16401
24228
3121
7712
1622
3759
1791
4815
20950
24599
13898
23169
6068
11427
9928
18865
25945
5764
20471
13946
20683
24167
6284
25801
642
15171
24420
4362
11366
8763
15350
22692
10579
16857
26583
22730
22302
26271
4758
18166
19971
22481
18463
8853
851
3072
7516
22996
24696
11955
27254
828
23562
14210
26880
24060
4230
9509
1491
11800
11715
8760
25067
13187
19268
18019
22829
6776
20967
11019
1420
23884
26785
2980
13586
20552
2795
831
11716
3348
26765
25816
25606
27122
18777
19062
10011
1673
11780
14646
14558
21493
16300
26018
17113
24106
3143
22306
26943
6132
25035
18338
19671
18595
21812
14243
20521
13441
24875
3168
23364
4540
20819
12216
16428
9799
10836
19812
26272
24105
16530
26649
17192
21221
24614
6018
2564
22725
11346
19730
25712
7902
8363
14848
14934
17368
16174
4228
11200
9947
2108
6267
27408
24938
21629
3519
14868
1370
18343
22563
24997
3857
8153
21299
12977
14832
24087
27249
465
9449
14386
20316
26715
18841
7207
26150
24895
12162
19902
15086
27397
10500
24190
24496
10405
19744
25032
24782
2140
816
15491
254
5192
498
21672
4979
26179
20998
22393
11384
8013
18443
23539
23919
24581
23142
12910
13013
1711
12147
16142
2798
9227
6942
15721
11588
11132
1376
6827
6425
19240
17866
3042
3329
2040
19960
15031
22892
2695
6741
1374
17817
7330
19240
3364
14074
1149
2566
12468
19279
16299
5383
16786
18958
8441
22049
4617
6358
16117
23817
22457
15986
59
25949
21678
10770
23964
18288
6385
4388
23612
8758
8727
10791
20796
4300
18659
17456
22535
10202
2844
23563
19347
15563
20130
20492
15006
21932
18165
14398
18597
26273
17018
22469
4932
20426
5872
11162
21632
10786
1129
5268
1071
17334
6609
11250
4458
24266
9148
5389
21769
576
981
14248
25614
16326
16296
17470
25287
5804
24278
1224
22261
793
11130
16115
5145
21792
5564
4523
16649
25844
17943
5681
25057
10248
861
6039
24869
23839
15783
15152
28
3258
5674
22690
10451
8531
6883
7902
11422
5020
15346
17842
18588
9522
26324
6415
20330
10532
23172
10031
19201
9283
24058
20396
11572
10802
10060
11774
10251
1915
11695
16439
8150
10919
2561
12684
7776
412
24264
5546
18536
4063
26845
13414
24445
19713
13253
16461
9389
14137
21819
7218
7784
9356
24030
2394
5438
8091
9454
19721
24316
1312
2058
371
5046
618
12463
6406
25227
19415
13017
2044
14256
18058
16476
11242
2816
22395
6540
13609
22028
13630
8089
23636
1474
19833
24682
12347
12478
8216
18794
19607
22807
1112
15941
16444
6277
13450
14495
1388
9560
7465
19426
20113
21401
12499
20071
27251
494
13453
23424
10881
21991
3850
13254
17830
10450
7472
8242
4682
24689
8919
22981
5694
9441
23092
10515
10959
5680
15800
24177
24344
27009
7735
1150
24860
20464
16872
5775
19138
4001
11668
5599
16768
3103
27371
895
7172
21180
23926
25857
2610
9139
13327
12539
16309
18773
3470
17392
10460
5970
2715
15385
6583
6352
7503
26849
7610
24730
18439
22374
10354
23439
275
25082
18096
24783
25318
21910
23893
25692
24276
4843
8990
14281
8329
17330
20557
9203
6408
7698
21638
13195
72
25900
3084
17986
302
24521
14996
11965
11889
13434
6295
10777
7747
13104
3519
25919
25214
14398
16592
21880
24237
1403
11274
14455
20762
18769
19243
24323
3098
2316
8887
17700
6709
7098
1883
6012
27153
22644
24690
9363
6711
5751
21114
15008
25375
11678
2712
26587
7473
26546
9825
19698
1189
10292
11903
24643
2470
2424
6694
17357
26671
6630
2880
15982
4008
3829
17355
9646
5909
2754
19928
190
18994
25271
18394
26868
9595
21161
12344
12649
24780
20568
25404
7459
12740
15046
21596
4534
19102
3307
164
15498
407
8259
26013
8977
9335
18431
12974
27113
3775
8992
11226
20055
3053
14257
20551
27186
8092
10176
10983
18045
10086
17837
17233
4710
21903
21963
16985
22708
14845
19157
885
1143
25687
5412
6314
6425
20107
9279
4077
11364
15465
19133
23736
27229
1539
14507
16983
11349
23120
11514
26729
14591
18630
19490
7863
27208
7545
4893
23337
22649
9342
19030
25860
8739
14217
10368
11546
21193
9793
12864
24572
23215
9120
2508
9448
16201
3486
11564
3573
12060
10405
20033
23238
835
10000
19363
5360
4772
16689
9994
15262
17930
21173
17083
18070
1652
4149
10990
21334
25982
22143
5833
25717
2585
5880
4268
26633
10751
9099
286
20320
7423
12686
22532
5939
11598
18458
27194
18826
19257
17447
26765
13330
22866
22649
1588
5883
17587
11227
281
13188
11438
15852
25091
2497
1507
17434
11141
12090
18048
17522
16270
23436
2799
13132
19921
9827
26675
3852
7224
20166
23183
16006
23010
19114
4842
25259
7075
25055
21014
9434
20797
4336
11665
6252
672
21903
11427
20380
6884
11596
12299
2284
2353
10549
25784
24452
20555
12150
3685
10464
22933
3716
15694
17514
19487
14258
13513
17838
20729
17741
21629
16968
26048
17868
20082
549
23725
4250
13227
5036
971
13338
18123
27500
6243
8909
10762
26758
22926
7816
3181
10352
9849
3418
336
2376
14827
980
19062
577
6434
9629
6571
4522
23034
10035
3840
23295
14274
5086
2535
26397
19407
4296
15153
17392
15581
15539
16393
2497
17384
7500
6378
7008
16128
19495
20619
10976
23349
8711
8403
27489
26723
14150
11824
14226
2921
17550
5554
11913
292
2779
11650
8834
14929
20378
22110
18541
432
16775
24263
2864
4081
10008
10836
20839
8988
19264
20781
2852
3125
23447
15534
25742
5801
20588
16233
12701
26311
23679
2019
1365
4329
9049
11407
8349
26170
1985
2751
6050
3485
8886
4208
5778
6252
7612
19450
10017
24231
17984
14675
6444
27427
6377
13562
4485
12867
7896
24418
16995
19938
19942
8593
44
11990
7232
106
26344
7735
21935
21820
16376
23361
6283
10302
11435
24245
8805
335
11937
20378
27060
12207
5458
18534
347
13889
20868
13220
8962
1819
18123
12100
23815
17113
14634
23261
4935
10160
18249
16749
11526
4154
20323
27054
16630
22972
6612
9284
9794
23733
14082
24311
16239
17527
16328
5110
11901
22901
1784
8676
4490
2890
9008
4996
5674
23677
14199
1113
5148
26450
4354
4933
22582
20120
708
7839
10110
17237
6910
11870
18926
20086
281
306
17
16275
11514
7606
17372
15302
2535
6924
15104
5310
1800
17977
4896
3845
4
1435
4502
4631
25207
1864
248
4908
10426
6312
17024
17569
22535
25785
21024
26200
2699
18836
19740
17345
12249
19628
23424
20341
20113
27242
1076
477
4963
17225
20718
21069
20029
26351
15993
6954
25045
16335
25982
27359
16392
16903
2419
17000
15994
1632
19150
25934
24532
16415
11518
8842
27522
4973
3954
24688
24943
23642
13231
20160
8751
1480
9010
22937
14157
4275
10485
561
6375
8979
24543
16330
17396
9905
16644
2186
16875
19776
24476
11596
20034
2124
25049
24969
24210
15220
12762
2988
9535
24158
18669
8982
17330
24366
3659
723
12054
5364
15542
26796
5232
15856
8361
7549
13985
24699
242
19801
6892
24932
21381
2848
3604
22217
4135
23669
16383
8987
15342
20804
16409
513
14987
21078
18963
5720
1885
27101
12055
17599
8291
17469
22122
16372
27365
21776
5857
7075
23328
12554
20440
23663
20635
11887
24029
4482
11142
10076
10285
19509
1388
6296
22501
15951
24358
25595
26107
22567
16877
16717
1393
13120
8653
13282
20933
17944
7607
10812
16052
4148
26596
2114
9089
8413
2758
8740
26739
26686
18687
23926
20266
20146
25999
5176
3757
27100
16939
3377
10772
13121
2954
10730
17839
19728
4460
11331
26434
5569
677
5624
2440
14100
17383
13417
15193
17670
5172
16077
7807
9075
6352
26700
23192
11372
2123
9038
21335
21887
26919
26718
16754
2462
26441
13378
23599
22713
2852
16542
17071
15854
10518
23905
7093
23495
8586
9346
12765
1077
18456
17656
23685
25065
6614
1818
4015
13382
22553
13339
25431
21464
127
3568
15023
4018
4251
16834
11395
7858
8460
4406
27044
15859
14740
24216
19197
18267
26634
23383
14027
12316
16671
24984
26739
22351
26531
20725
6769
17416
24004
19756
18782
26148
15384
12815
3548
10449
5394
23286
19692
6661
1871
9178
19770
4126
19373
18671
5792
25340
9157
14286
4277
21812
25981
14556
12500
7912
16508
19360
9353
5934
17593
5561
26882
3313
11593
21039
12377
1037
2154
18919
8005
15856
9663
25959
10732
20600
27101
2863
24003
10439
27078
22827
26596
6113
435
3141
23441
21214
6050
2464
26707
18597
15033
21523
8831
4249
15631
6929
6285
9332
12767
26507
10995
3035
252
11491
27228
6709
24094
14298
20609
18385
21931
3844
2913
6780
5764
2180
23592
2534
26165
7061
23021
6470
7239
8390
11833
16390
14640
3450
4581
3451
12630
22140
24713
2418
7794
15848
25398
24685
24356
17860
21604
15874
21660
26703
17972
19481
17901
2229
23471
17803
10131
2881
4813
404
26552
730
21058
7781
980
27500
460
23718
23320
1318
7672
6625
19633
21845
4846
5966
12149
1561
25570
15869
2474
19499
26431
3721
8222
23814
10626
15880
14728
21806
23955
6914
7166
14614
18409
9709
17198
19618
7764
9892
25725
6585
3870
26359
16474
24462
23749
10869
8377
21097
14115
6811
13420
16373
5156
1121
2297
15173
631
10619
8393
10654
12505
14600
21060
13185
8852
27133
6672
6233
2586
22188
25928
23292
23350
18901
945
6768
715
10975
24599
3627
22681
16457
726
24501
15949
25210
2857
9843
20616
18877
6079
26877
11008
304
11528
3108
9
19648
2412
22935
19892
25717
1703
6613
139
19988
15877
18960
23837
15238
14333
23
15504
1078
8174
21756
8095
23419
11808
13890
8078
18727
17373
9408
8270
10542
26577
25364
5792
5849
22088
26728
12587
9971
1856
7567
17398
17333
24956
6920
2102
8658
10677
2155
1041
10366
4754
6284
1921
1243
11246
22062
7123
22650
3039
15086
17548
26823
6309
2131
586
23175
21669
24981
3530
1943
24720
11398
11245
12651
7729
10217
9421
14600
27192
18758
24534
1608
10006
12356
12622
5439
14732
22848
8872
21762
11038
14836
8518
6205
9264
10003
10131
1774
23316
21765
8852
1328
19676
21645
17825
10845
22377
22140
12353
25711
13855
22517
23406
27433
13550
7684
9025
12023
490
26635
9383
18077
24315
13110
17850
9177
12478
13042
1611
13794
20983
5991
5122
6050
13051
1106
7632
8046
12944
929
500
18608
4892
10621
11706
11268
19472
18859
14398
9624
21394
7147
5778
3987
15684
20025
8266
13444
23482
22912
24992
16187
26345
11558
26503
24043
23782
8589
21558
8425
193
7992
5879
14251
23209
18506
21842
7895
13838
6089
3733
7040
27454
17872
6369
24061
3370
21161
12635
25779
10175
22812
22919
24841
22215
23156
10931
417
27341
18176
5235
17761
503
10997
22798
27011
13342
22370
8494
27145
18828
24818
7825
12297
19407
15033
15628
17861
19724
18559
10732
3096
27494
10278
5868
1477
27120
7918
4954
23485
25065
7759
11259
21367
16107
17561
6405
11724
18013
15926
4500
9982
24445
6278
7660
14313
10277
9419
10004
1715
24584
22887
1067
18591
1363
5048
23091
24200
26345
20712
26354
7124
12004
21820
1854
9111
1892
17411
23941
22088
19556
978
4036
8780
25287
25218
22394
7370
20882
19886
1368
12336
3892
26860
12365
14089
5069
25809
2911
925
9859
2265
22179
10902
17620
11736
22440
69
25169
22956
13538
1795
9169
11111
3424
2007
501
22013
14413
22707
2407
19989
18873
12907
9163
6176
22585
17514
4997
6701
16354
5888
18459
5061
8085
25446
4417
13105
363
14893
3012
11047
5305
11202
19915
2058
22822
4672
201
22156
13194
20183
20320
737
12349
24646
7864
4579
2806
13045
17780
19763
22014
14077
16635
13023
27040
11258
14328
9420
20312
25361
5190
10951
3902
190
27503
24370
11580
17071
12274
411
21262
18428
15298
16001
9165
24597
26432
4589
11495
24506
18087
115
22401
26405
1943
17031
18131
26269
24145
17525
16439
15835
19939
18324
15533
13393
24926
5936
3947
16701
26407
11580
8823
1644
5150
13566
8735
9120
3233
1617
1906
8487
24685
12700
9482
5376
15937
27486
17223
3599
18963
3962
4619
8883
25972
7986
24128
13001
12439
3488
13225
971
26282
6056
2154
10870
6590
13659
7247
14445
4376
2639
16312
21907
19699
22279
9109
645
1848
7743
16914
14822
2137
25455
4094
23809
467
7449
19054
20447
6866
4739
4432
17000
1491
17986
22568
7211
11588
17634
13826
4298
8323
586
11897
20623
8396
19600
17087
2305
21702
8296
3184
20433
10677
9666
1360
1323
6289
24261
1605
12463
6990
25294
21279
577
12817
9152
10478
6868
22564
23762
11494
12470
11272
20346
17608
8806
22376
11343
5407
1011
24202
4842
1822
22080
14745
6781
6802
10075
21482
15664
5710
21419
21334
12295
739
18519
15052
3345
16951
23104
20077
7226
18794
8764
18055
15800
4283
11875
17640
23126
3470
16035
12011
18029
5690
17096
1788
15849
15823
398
20732
425
4631
9165
9721
26583
9555
7140
1363
3176
4836
9069
1120
3420
9988
7986
26199
12572
2549
2359
26735
19939
19293
14201
25986
24832
939
19798
18757
7435
23548
5316
25665
26953
13757
9159
17005
536
3539
18871
42
15217
8611
5185
14398
27328
6873
18105
7150
9258
19874
3335
2974
415
22538
179
6390
18939
2475
571
20027
24568
7792
27389
8830
18303
27482
25485
8336
18604
2643
25128
22952
25209
430
7597
15121
13037
20991
23722
7465
9204
27454
12089
26313
18965
8540
8641
11462
18044
8344
26927
24892
14795
12681
7180
26991
3911
23980
7945
22427
10285
26570
13502
20922
11697
26882
1560
6749
2719
14480
15778
7215
24922
19262
11389
13984
24681
25356
26387
21554
14066
11707
22001
23346
5441
1845
17419
19169
2424
2879
26281
23032
16035
5249
8285
3377
10999
14039
11175
13873
9806
23302
7734
23871
789
15197
17272
8070
3207
25269
6394
6283
12331
12176
8229
14821
25031
6678
7197
6448
17
3585
20595
16156
1881
25457
27424
21828
25046
7758
10034
22931
1656
18951
21287
10576
2253
17805
24050
19105
9687
26978
5036
24748
954
14985
11190
1695
17209
20536
22517
9714
13667
2477
22602
25018
25575
24332
5355
4826
13451
18955
7666
6903
19316
13794
20236
10864
19967
6621
25406
26635
958
5253
18454
23482
11368
11268
17473
23868
6069
1288
6765
8941
22514
464
16430
20435
15008
22865
7253
9393
7366
15370
5319
2077
12196
15172
23397
10320
1063
18361
5711
9550
21625
8461
24953
6842
557
2575
14826
12516
22502
26613
1317
16018
24212
11723
26599
5507
12484
18937
21325
19556
18274
17460
17641
21613
16027
19507
11689
19109
7966
1788
2473
26753
15965
17792
4669
17974
17215
2704
11097
23551
835
8859
3491
27255
16296
24794
17474
8255
446
20063
627
18557
24737
24312
18065
24126
22271
4684
10868
20660
15416
3822
7247
23903
26441
21548
16717
23186
24620
26803
15989
902
17923
14016
22856
27236
24403
5741
13984
18892
18601
7329
16894
12058
7011
9970
2548
15342
17652
23241
6436
622
17525
23280
10738
25537
6940
7475
18413
12802
22246
25679
1093
5085
6711
11141
12987
18445
9643
5528
9814
25567
16393
10341
25758
26870
26550
6774
10074
14082
7549
7768
15234
4635
22410
6452
6284
7216
22646
22003
20333
24226
25317
24106
9604
12963
8514
4667
2214
6576
17264
10243
22925
24445
22346
18928
23541
14633
21032
15797
26138
21100
21201
7636
11712
24849
8781
11814
12758
19960
383
1856
18909
9076
27281
1797
22049
17270
26126
6419
4705
7603
22483
6634
15751
21489
16341
27401
10719
7679
7954
15241
2774
6766
8814
8297
6484
3276
864
16810
20089
2913
18030
1806
23193
4209
20687
6638
9074
23953
20637
1593
22392
15872
8302
3037
19306
8025
9387
6192
18937
19198
16024
25861
4148
20181
2619
22191
16339
17369
2581
23293
9898
15061
20987
12011
3876
7192
4033
22102
14860
8944
1852
1212
11873
2034
21052
6465
4707
14505
24271
20506
24965
4954
2700
17074
26347
18854
24308
2215
23082
603
19651
7370
26017
16900
12630
17370
24549
9053
432
124
11653
19112
5987
24749
372
4978
19275
20811
5319
25568
10723
4017
19040
16264
5573
9316
24466
17458
27139
16095
20208
25464
27506
13327
11403
21614
23357
27405
7532
2966
21121
19770
12687
2415
10579
575
10722
15098
11432
10699
17073
13950
21224
18149
289
10097
27380
24907
16354
9363
13742
9271
25387
24143
14499
24555
26830
6123
4815
8485
340
21439
9400
15853
20230
4181
6721
23461
4402
23067
20273
11620
11717
24610
16534
14517
1212
15513
20965
12797
24677
17166
12853
894
7222
13092
8340
11282
24788
18491
16551
22127
24698
9055
26852
2862
13841
23112
27468
282
26781
26419
22282
11076
24708
11953
20336
22711
24262
9824
8013
22509
3975
27232
3200
19449
2310
9603
10466
10311
27284
585
20025
8176
5823
16002
17245
21266
1413
24585
5133
24244
8691
6058
11966
3200
17675
282
14986
24183
22128
1675
7409
23119
9586
457
14528
7731
25918
9380
24351
6287
25893
15992
7717
16227
18278
22486
631
2213
18599
13476
26929
26771
19083
2445
202
4546
15952
8228
1696
25076
559
22066
22494
16839
24281
15941
342
20241
21823
5375
15070
23286
21251
895
2799
17799
10586
13370
14378
16259
1579
7936
10197
6050
1155
1614
24043
19988
14535
9750
16773
8342
1936
17163
23930
10517
4345
26038
12866
7469
22856
10904
15623
16521
25094
17578
19245
6477
18307
15254
18517
11842
18265
11696
8144
19559
9639
22364
24435
20094
597
11384
9674
23818
14613
18643
11743
6941
19875
5303
6288
8496
2405
17738
15000
18434
6300
25712
18997
11280
235
22022
9142
3749
16787
5721
11679
26134
15648
23397
13680
11759
4401
16331
1970
19816
2830
12966
10514
22460
15172
5369
10884
1668
21395
8346
19057
25087
19094
16922
8732
25644
5230
6460
9379
13689
24237
2475
27432
25683
7351
21987
20627
8629
10402
7470
6976
20488
11578
13919
7538
10637
3182
2954
18388
8603
12267
12220
18509
21871
5946
6309
740
12562
8130
25846
21977
9908
2986
6426
20903
20224
13887
11345
19608
5734
5482
18585
26828
11695
22497
14126
17466
15228
12441
5072
21177
17388
22189
9746
8237
18732
13106
19816
3757
7524
1617
16615
5577
3683
6001
5026
20682
26518
5219
14248
477
11574
16551
5727
23926
24323
11159
21853
7571
26072
3617
8762
7085
16884
21340
3393
27158
16932
15798
2512
6979
13226
13558
10491
23127
9814
13619
18391
8111
23782
15084
20956
16969
16962
173
342
16603
1507
6372
2821
663
5845
8823
8677
19882
7901
27384
10426
20732
23663
15998
8061
9798
9245
735
22112
6370
9370
524
14573
2204
26276
16098
14507
10046
12719
18849
3731
15814
26241
23226
25543
9026
12960
3759
5558
13175
22009
12663
10417
7536
26552
1522
18301
27312
4432
27509
9635
14126
2458
19706
19547
16509
10641
4159
13535
9159
24881
13900
22746
5154
26793
17642
18508
24140
4178
13388
23497
4008
5091
6383
12766
23263
23054
10579
11716
4450
10935
16968
26664
17276
23831
3517
17395
5713
15964
18097
24526
335
11021
4168
25754
23173
12034
22333
9798
13365
13707
24140
12444
19135
20231
1867
4860
19683
23199
14570
1464
18847
11104
2962
27439
11398
19954
19162
5596
24620
11960
22431
5681
9700
2473
17621
22845
20114
4083
13113
23532
6946
25346
1942
23917
8254
16569
16330
16857
24612
24872
13804
13850
18152
21114
718
20361
24696
24393
10070
24473
23168
16736
22823
23389
4279
3844
9045
9867
22384
13947
10831
657
12843
10829
13782
11938
1355
11307
3566
1555
10422
1558
11500
17606
9711
16291
2456
6424
10915
6940
3222
2835
20963
10424
21516
4244
24392
21302
892
16034
1925
13661
17406
14616
10271
3492
11388
809
18301
25211
10486
14220
11696
6750
74
22766
11657
8968
4935
8814
5783
6895
25392
23348
19057
21706
6758
23301
14933
13227
15074
27170
355
23755
17870
22367
20967
14179
10454
20815
4775
20394
5069
17927
26859
11281
26054
12710
4196
25537
11693
8245
20133
19298
12164
11198
512
21936
16969
12516
13775
17734
24058
23311
5510
19762
25412
15344
20450
3218
26053
10011
15810
23115
276
24778
24614
18371
25561
4193
2882
19694
8980
3022
14204
4769
17508
11481
4695
10726
18003
19756
25297
11158
2089
24960
25090
1116
6265
17734
18432
360
15622
13696
12376
18570
17153
20798
15114
21384
6875
4138
25386
22200
11856
12720
1419
10762
27179
7716
11191
26071
17934
21935
15218
17618
22436
17363
24216
6442
10847
27028
1018
24255
13079
1408
6160
3507
7796
11628
20993
25936
11115
2975
17563
22733
20292
20978
24879
2143
11876
14756
20266
10451
1087
1176
17965
25324
8228
24412
27333
3960
15045
23283
27047
2903
4411
7392
10660
1659
26230
3752
24856
7378
14256
21292
1463
22742
13773
9357
25908
13068
6049
6670
25705
20483
18811
22328
18797
18624
14874
23627
8941
25876
14756
26390
3863
21331
1128
7863
24534
903
26045
4395
13282
7670
24623
549
8849
12289
20674
4749
23406
25018
3271
12671
5310
13287
26791
3194
13329
7763
17326
23320
9623
9651
15957
5796
19574
9678
10512
16069
6251
8505
11246
27399
4831
2728
3231
24652
24212
20799
11530
14118
21237
10754
11757
26400
7578
20650
24905
7744
17069
1704
720
20313
14968
20284
7072
7509
10839
13267
1010
17090
18247
19155
5222
12930
16277
19497
7587
24948
24132
17433
8399
12459
16234
17490
24448
21072
27444
3897
8227
1424
19112
2028
27089
22544
21545
10403
11201
13072
4193
20604
13971
10457
23915
25184
23273
7706
23444
8467
11384
22825
15810
27543
3833
26275
5150
6091
24421
18832
11969
26224
24298
20841
4198
26487
26070
7173
1285
13300
25464
17866
6112
1014
24602
7509
17371
27167
4206
25256
6541
24547
20164
26707
6217
6245
21723
9635
7808
19770
20278
15275
11345
16605
20290
21562
2285
24574
7836
21453
21056
1361
21849
7137
20732
17872
20276
545
16172
11240
22199
16654
25123
7643
6459
15945
12787
11404
26464
10427
22586
6154
25065
14380
26678
4092
17713
16350
16291
16638
10542
10418
15422
16795
2307
27174
18717
3252
11259
19004
9796
21237
25288
18253
1528
17120
5429
1593
6420
18545
2651
603
8742
23745
119
18812
24466
26821
12133
15398
25334
22138
23460
8733
16711
24925
23790
24452
11119
9317
4945
17155
13562
15468
11051
14737
13841
12272
23232
22922
12438
10113
25743
17663
10302
24325
739
9613
6233
12349
26902
19089
22272
22117
7677
4250
9987
4293
24323
2799
16799
9781
945
2077
7295
25722
16471
9783
18575
1358
25065
16004
7066
19791
22320
17038
10726
25785
2652
16279
14093
11395
13831
23669
13421
13441
27516
12342
2328
9580
3102
2314
6135
7730
5160
10642
15493
18737
22600
11827
17003
23147
10722
19716
9398
26672
13853
20158
15719
3157
8319
12369
18894
7046
762
22055
13278
7296
10847
27245
9485
20565
26000
4389
11615
17447
1950
6462
23811
15041
22426
1497
9746
9506
2706
3861
9245
20293
17436
686
25675
3349
24979
6459
24168
21943
12704
14668
100
24664
22823
11259
21221
18512
22354
2239
4196
11587
10661
15120
811
14287
22198
15270
23689
12852
23273
9572
24331
23947
9570
8216
17594
16778
9072
27072
3951
4181
6799
1674
3843
16214
4196
24275
8015
13500
20150
4626
11046
684
6071
10180
21517
12894
14000
6325
20400
17986
10034
14343
22496
11728
20220
12140
8238
22993
20209
26786
26820
13649
18320
7799
2305
11678
2808
14627
23624
21777
19407
27504
11127
9955
5296
24646
9542
3695
25888
24415
14890
1706
18151
14092
17
9921
20126
9477
756
24985
1335
9830
3217
26668
17175
11586
3817
317
2523
17104
10767
4700
25910
49
6384
6461
14115
26679
17385
14904
2757
18802
24496
7190
14115
10352
15720
5666
17303
13347
19577
9021
15105
21883
6958
12796
24335
25505
25913
11136
3539
15811
11610
7321
1361
20730
6582
9429
13779
17859
2876
15881
18498
1185
20255
2474
281
15221
2318
26108
6708
16745
27515
14669
7644
1957
9947
3647
3295
25765
11846
19024
7420
22695
24166
23376
16412
1973
145
6347
22644
23349
6158
13668
20089
2068
12169
19833
7833
6410
7750
887
8258
5866
27307
3431
21765
18469
8542
25149
11098
25608
1945
10521
13106
12056
13045
16374
22016
1102
5632
13179
9091
15151
3989
9467
12455
9619
11732
18172
2883
1753
18842
24492
17214
10025
12919
14361
14685
25608
1178
20688
12947
8679
9790
19639
27424
24199
16744
13582
2314
21674
12386
10623
18495
15061
20032
25052
13867
22835
25182
12210
9181
12075
5349
13211
23971
11375
7773
7035
4365
11226
14805
6981
9066
10487
1210
8837
1814
26167
1602
12821
5656
1881
13661
12990
11894
27069
20857
17837
9636
15641
12913
3917
11885
19578
89
22573
5721
25186
2170
10221
10722
2814
19995
3707
5316
21873
21545
6783
24181
7615
16769
25674
18143
12353
15154
8960
12125
19331
9416
1307
8831
199
11199
674
18685
2658
14692
22859
11333
24117
6001
1212
874
16899
16279
20555
16109
13918
25549
6559
24002
16702
22411
9909
8170
22108
16484
3853
1335
14422
5051
8800
19859
25380
21469
24256
720
4436
22313
5304
25806
7750
3888
4420
4404
3919
2141
23864
19723
21113
4428
26703
9431
23843
11099
25065
22953
21495
299
10751
611
2119
1888
24039
2473
2835
23207
19604
22210
552
21623
5920
6224
24575
19681
22997
24748
15524
19821
19140
17508
21529
16027
4130
20680
18047
6484
4088
7100
10273
20377
5180
26692
3694
4382
6138
22901
24986
691
7322
9068
810
13295
10791
21698
23383
7853
20371
26538
3269
24104
9661
17118
9245
25274
9298
11950
19663
11395
17832
11775
15153
16054
8875
54
12999
5719
6770
24950
23134
25882
25781
17118
12490
10559
10152
8836
5601
15756
20335
23972
19757
25681
11907
19352
12371
605
24513
6603
17372
3947
17987
17007
5630
20273
19361
388
110
23090
11885
15285
8760
10938
26813
2081
21104
20096
1157
26054
21958
18924
10966
11771
163
23599
4861
6579
24227
8426
8991
17315
2262
22116
4359
25252
24146
11923
25730
16530
13325
22656
25662
19805
25996
3098
8524
22683
23674
18070
2481
22746
27547
8382
21563
10609
8738
16270
10052
2010
8742
24855
16505
26104
6316
23032
7566
21079
3262
15661
14469
15656
19688
17072
15138
7336
10919
6283
9945
1482
3112
5869
3774
6001
27249
22898
6354
18738
24823
19464
7425
25293
16389
2294
13277
26601
24264
26914
11363
23468
12076
524
8870
5558
23626
11735
15094
13762
18165
6786
15321
18825
16542
25430
2733
4225
14720
4360
10175
1372
24344
18847
136
20224
13643
17190
15477
1304
17321
11549
10143
908
11494
3251
5830
6993
1165
1809
1250
17105
2808
307
26139
106
5051
1159
21740
10833
2270
50
5227
11507
16607
18858
16906
11719
14821
15345
3794
5355
18079
10745
11775
23432
22917
12630
6337
2084
10655
26625
25551
3450
6233
6403
15172
15904
8517
3124
6079
23099
7455
3885
15601
1888
26788
10282
18499
25079
24310
18085
16686
4290
10459
11364
26351
23483
3727
11059
6745
675
25989
3029
11054
27532
14519
19737
6773
16483
20104
1712
106
10951
11403
12928
6788
15984
6890
19620
11856
10188
10976
4383
13449
19474
5640
1780
1820
2416
20545
21969
16644
2131
4249
13448
15960
22885
14482
13277
345
13894
6951
4402
10426
1768
18513
15364
9039
7675
14811
20602
2279
18261
928
25927
1069
22782
14421
9043
16603
23868
1212
5788
27400
10933
6608
3504
8743
3976
5331
23768
20978
13255
715
12436
12234
26483
4060
2816
10353
10741
25044
11553
13604
15351
4357
3104
11376
12696
10562
22787
17314
10804
15382
26992
6349
17425
26157
23478
7558
5829
6337
23273
3275
105
10841
26245
7093
11925
1157
26771
8103
15121
1941
15376
4174
6123
21143
21835
11067
20667
23876
21757
12371
1249
14507
23926
23585
14645
14405
19756
15994
15953
2991
2934
16679
23893
19405
26579
23023
9435
7957
12589
9554
6232
26945
3760
1962
10036
14900
23029
4233
16936
8221
8598
15870
18097
23570
16819
6246
14763
2486
15605
14633
11980
8715
23599
2921
1318
16478
16968
23126
6256
5705
18258
14947
25840
27337
17982
21349
17107
19715
14281
26602
19393
20671
15811
6138
1377
23547
5572
23873
24212
24213
22049
6699
20329
26671
18438
25217
5135
6406
9914
16825
12633
25708
2967
17033
2013
15700
24209
10960
7040
177
1996
27071
21483
11280
9404
8741
5256
6203
39
12898
376
9244
19937
2910
25930
15388
3262
19275
5677
5945
11367
11028
7031
10953
15807
6552
5172
14146
15354
16382
12882
321
6174
16124
4363
16446
22137
3252
23439
23700
14821
22249
646
21567
15529
12311
3534
7163
13463
14637
11745
78
21236
11549
17991
23538
6555
6288
4198
18384
8527
2104
364
20486
12330
4648
8024
23432
12322
27406
14103
7074
26020
19479
4442
7209
7375
12489
445
17829
27544
7193
26865
8598
7112
19797
23475
12655
14400
4984
7640
21745
15441
12422
341
24410
2329
11062
25531
27357
19481
26616
24856
18622
2599
19360
5856
26875
8241
16226
17584
23419
16454
20442
24555
15467
23320
4113
3531
1216
9211
7713
25677
27407
23284
12259
24776
8042
21495
26596
6292
22788
17763
2187
21634
25828
18259
24680
25441
24507
16551
3565
23541
20960
21342
7584
13689
6788
1729
11899
10069
18104
5164
14814
20004
2100
18185
22838
19889
23319
393
281
17280
5467
8221
26203
5529
14382
11509
12758
10392
7623
15803
16797
4723
21704
4015
7735
18707
8397
14905
24066
26247
27189
19623
1717
2211
15463
15625
8710
176
2700
20638
10524
17403
25729
5038
17283
7007
5402
17386
21934
19212
1904
22599
6313
8810
37
1063
12601
11370
18658
26013
14999
23264
19432
20773
21046
74
230
17108
6107
12302
10775
23184
3018
23409
21326
11309
5313
5084
18344
19624
20568
4958
4164
22649
14978
9580
18488
14543
27479
2806
16829
7144
20310
17646
6365
2905
5892
23498
1876
12307
23724
4758
6432
2889
659
5794
17128
13608
1725
2894
22773
23379
21902
591
27023
11562
22904
905
11328
25683
4374
16007
1847
13373
23889
1264
7649
22801
20781
9351
1955
8114
8258
23000
14022
20271
99
6014
7634
24662
26775
10964
577
7255
1979
8383
18359
6162
19001
21668
24970
24864
19366
549
24048
22823
9238
22062
7287
23511
15399
5120
654
11221
14321
51
22530
19816
16751
27283
18085
14247
22849
13621
25026
26921
2712
2892
13251
26481
16431
8864
6800
26192
6760
11925
12192
435
10705
18397
12481
3390
3935
22617
25633
10360
15991
4875
10328
4681
26734
7482
8485
15474
11506
978
2059
20008
12678
12061
3081
25474
27004
5383
2002
43
17963
26332
17854
20166
16027
1594
4098
7578
25404
17024
26569
22172
13761
23094
15818
11750
11579
3789
23819
14948
26787
16947
27187
14940
2583
18589
26396
21302
1212
15687
15954
14305
23874
13735
14523
14627
1433
10111
13887
26928
13278
14758
5802
22500
19190
23017
18695
18339
23881
17343
11430
14756
13867
8520
25318
4882
385
15538
22410
27037
22658
14914
13041
895
17986
25484
23884
11734
21974
22757
13411
19897
717
25487
4127
23005
26727
14162
118
4341
17738
1274
10013
20269
335
19971
543
24555
14868
4799
12608
15519
6054
21781
13031
335
2749
18201
13949
2343
6793
174
355
24734
27531
10582
5527
16933
17490
20782
2982
12640
10790
7457
22151
1671
4842
22521
6905
198
9592
22869
26522
25929
12987
263
17876
22273
14061
607
4371
3877
6269
19983
23695
11780
14599
8575
4641
16230
4614
20652
664
9474
2058
13014
6741
10011
4314
579
10459
3785
9257
10824
667
23738
9875
7834
357
25748
9077
4353
2930
12371
452
14926
19944
15663
6598
7601
25153
26433
2578
24030
10475
17656
10619
27160
4615
6792
21691
6696
12235
6120
25123
2313
1709
2934
16855
21442
16972
14548
25369
19366
18702
26671
25457
12807
12731
7665
8218
23792
4633
18309
20911
6117
10350
688
7367
7870
8928
12561
577
9891
19127
9310
27036
7284
22823
19051
2031
4709
19894
5287
8581
11731
11938
20028
10688
2144
19535
6863
11854
20882
7812
24853
21918
7218
11293
14741
2303
17835
22260
23878
3756
23755
2852
14251
16931
6543
1777
22347
2031
1187
8791
5796
9250
9768
9721
27555
25713
26680
8788
2189
26956
14799
17413
3219
7891
26688
4988
1478
2080
14389
11701
14872
22161
13554
24888
6215
15501
26769
17571
18349
11808
327
18291
15728
24856
15755
26372
469
13634
5940
9639
19296
6457
5360
27145
17440
10763
24928
5375
17500
10762
15607
22239
11305
5227
22217
13448
5285
13422
3006
8960
6689
25081
15763
16515
20580
11057
705
1975
20105
23486
10741
24264
11064
6369
15519
18488
4806
1999
5562
1493
4078
15233
2507
8924
8031
3887
4166
7716
3770
2568
16966
23866
18682
2051
19206
3889
2380
11447
1640
2707
605
17952
26276
22077
11446
13800
26619
14601
26141
14414
20609
15988
21078
27539
10919
25773
27175
7065
26344
13812
7428
97
23513
14810
27031
20494
11514
6921
17266
18702
20724
15595
16513
4837
4642
15001
14366
1334
21873
3151
12702
3342
12674
4402
11979
14030
3507
27441
27493
16116
11940
25539
553
11217
11091
8948
27248
22778
12384
5043
19103
2100
12437
12044
18555
25576
4611
435
11259
146
20793
17929
2482
25327
12018
25544
12904
22112
18837
22591
16819
12587
18049
10119
26984
8084
969
16156
153
20269
8405
26294
1362
5621
22642
2866
1685
4721
4657
5945
10646
24544
16373
26437
13034
23714
4130
23129
16052
10383
19292
3712
6062
3313
22194
11289
21245
25379
21399
15147
11533
17734
12437
23310
1943
3384
21180
24647
20178
1212
9540
12260
1054
15376
4681
25637
16065
7379
19995
4751
7080
11833
24594
18068
2674
5580
10252
18228
14685
6391
6018
26919
3941
7849
12776
1701
9947
24477
5834
9680
2349
17944
17035
24463
9484
7992
1816
10799
7535
8760
11185
11980
404
15
13464
6186
934
27424
20267
5713
8238
22582
2424
8442
6335
18320
24180
8325
25436
15499
12360
15226
9000
12299
24216
16090
13053
934
13716
18215
27212
20086
2926
3233
12677
23266
2139
25001
2228
20159
24199
11637
18430
25570
10308
11136
18763
21020
5869
17996
9131
22414
24541
2113
1781
12561
20432
603
9005
21936
23712
21124
6963
9218
5380
25894
13645
17089
16300
25365
2629
18871
4565
17031
2645
21623
7050
11043
3593
13760
1143
17530
5136
8115
10190
20988
10338
705
18375
3368
22672
11238
10725
12540
20884
20270
16422
2787
9490
1268
730
17073
8870
3416
13044
15841
21248
18723
15776
10031
6956
53
27021
11036
6265
1806
14360
1667
4413
23581
25242
12289
7547
14979
21225
16464
12339
426
15431
13352
8968
26531
1566
17632
15036
10923
16521
8797
7027
1036
3670
22171
23337
7904
14155
12438
13740
10679
22495
1346
11783
7805
7597
22726
25992
27318
13789
9824
22009
25484
21664
21236
21860
22053
5586
5573
25128
14223
5413
20242
18532
7454
9168
6156
3672
2825
10911
941
164
584
23179
20132
4880
129
15405
5408
23346
16358
24300
8217
6278
17617
11090
1212
6340
3683
9353
5967
24238
4824
615
26359
8065
19738
16882
14490
384
8892
6654
46
5776
6638
4413
17090
27461
2499
6325
14821
2882
24577
8453
1712
9159
11316
5517
10023
5048
21909
48
5934
10682
13458
7276
25268
25503
1419
4408
10076
5603
17578
8903
18726
25844
19924
19765
1222
7499
23142
10016
14907
4585
21562
17711
14372
11133
9930
1078
26699
8353
8141
3582
18609
23979
18954
4875
25663
21742
9085
187
24807
1989
25834
2234
345
24409
12635
15799
20839
13179
11528
27532
3917
4208
7997
931
22978
18024
24928
12683
26808
9423
23748
6367
26544
3780
23635
25097
15377
25476
4369
2558
26346
9648
18588
27333
26486
13395
27349
19935
12906
18139
15233
6475
11411
16615
22670
16518
434
17076
24660
21383
2767
6164
8991
17843
24215
16520
18569
13817
21286
9572
19121
7782
19366
27389
26718
24028
24411
8627
26687
23719
27538
21598
473
14870
4579
1242
8258
22871
18217
15322
2077
17012
23769
10832
8803
200
24575
4561
24591
75
23147
21756
2270
18381
21753
10709
3077
2670
27047
16548
7264
11304
7648
8732
6000
17414
6612
1119
24369
18529
12978
8846
17773
10161
18798
22178
13088
9001
3546
18267
10927
13583
6135
12021
24001
6854
10187
22021
26864
14891
14474
1129
12539
24405
21521
23063
23265
11226
3104
23994
15502
21470
11403
13085
23510
54
2314
25373
22212
8656
24507
20530
19284
21413
20079
12509
17963
22291
10159
21442
24660
8013
9207
8495
9097
2126
12410
15958
6356
25326
5587
12076
25873
19577
19545
17442
22995
10518
25453
27376
3675
14603
14715
15990
26575
6228
5132
9028
526
5990
10858
71
25867
18727
16678
4479
15297
18666
18757
4195
24979
13531
3203
11283
11319
4513
17949
12710
11136
20438
17507
15872
2723
9621
6911
6292
25982
7552
1838
4522
17073
26111
25433
2563
25939
7003
18606
20423
23301
18267
24013
5447
4207
26738
17218
10155
8497
26902
18236
4372
6212
12968
18325
11626
6338
22733
24601
16820
22693
19997
12727
11856
25522
22681
6355
21334
17334
7877
3621
22918
9920
27071
1633
19127
4326
22074
3560
21995
112
1922
853
21999
14461
5368
22174
6993
13086
6329
22362
2873
25517
25291
19985
23561
10798
19928
24747
576
11863
20076
15253
14037
20145
26064
23091
17601
14723
20530
373
26109
10843
27139
13335
14540
11254
21160
18280
19162
3650
25257
20376
2811
17554
9310
15452
19063
24745
8885
9117
10924
6551
13704
8902
17454
12844
15325
8402
18802
23316
22973
21614
14983
27175
23568
5892
5939
6516
15106
25410
11015
10277
20314
22035
21558
1946
23249
18349
9880
27382
4585
18375
14264
18010
4382
18047
13019
18294
18755
18536
14932
7024
24353
20333
23208
9758
26202
1946
23836
14269
2446
2759
12159
4762
26741
22990
4502
8835
5811
23979
7560
13226
6179
13304
4653
7111
17727
8623
12528
19535
24562
3274
18077
2690
12486
17866
15798
8415
5670
9727
3583
7869
7179
25218
12052
10481
19935
21822
10002
19398
7787
9120
3038
18686
19975
24568
18205
1822
13857
17270
18149
17167
4702
7085
22123
14140
22858
22977
5774
11387
3217
20114
16860
3370
19024
10784
18708
26322
11225
12052
13670
26893
16564
2913
6981
12241
4124
1294
6761
3475
20670
21091
24718
19495
17383
11045
5198
19386
19195
24511
3715
12240
3951
25722
7943
3097
17763
20514
26340
27004
18528
23200
3971
26820
6153
12244
20134
1239
6268
6120
11948
25405
1600
9225
23380
1863
5601
1182
11601
26908
337
13960
5561
4212
12984
3624
14677
16489
15814
1959
13687
15670
20075
21627
18676
23397
15106
253
20874
19408
2575
10842
3380
23473
13424
13197
14487
908
4725
7759
15646
17016
6462
7075
7084
27339
1403
9670
11206
4428
11692
24507
7869
17683
13081
23839
7431
9211
11191
9550
23867
64
13192
12657
8141
22005
10246
22912
3079
22353
24057
15991
13991
26934
847
7063
3191
10220
10506
20974
1672
23021
27060
9452
7100
6479
20590
21055
21610
11563
16368
22094
5043
14993
6244
9663
22780
1260
5429
17194
16223
10063
23320
6499
24335
18868
18521
27353
1376
15564
3508
5981
7854
22853
1310
14816
5250
25134
22585
27506
8710
13985
692
17621
1196
2665
1211
13325
21415
10980
22647
26176
1031
2395
10174
3547
23564
5573
24094
23100
19343
11978
6725
1842
2848
20738
24320
23497
10659
24412
12501
8274
3402
14418
7214
9951
1558
6290
20874
23994
19193
10654
299
741
5518
15517
12055
19721
17810
15539
23320
24835
12889
21042
14678
2258
25970
23032
19517
14237
643
18332
18449
12171
22777
24750
24305
18273
10241
25057
5037
20666
18931
21364
21538
12000
7199
25293
1874
10539
3623
1327
17670
7464
8043
19841
25383
10360
19761
9987
5713
13131
26020
9808
8416
7824
22036
7430
11921
19781
15816
20743
22284
5371
16328
15409
3967
20558
5487
16438
15277
24950
3230
15374
524
22299
8540
9638
3301
27472
24472
21439
12227
22057
10515
5212
1276
12413
2061
6296
1238
22975
11651
20093
19548
21733
12422
8831
19712
24359
4078
5302
4302
17360
3815
2314
18603
13608
24965
27079
7440
4626
13508
26777
4707
2258
2445
16617
8198
789
24061
14343
10455
16642
23790
9785
23843
856
2574
20973
7022
8024
7534
9729
24798
4567
23963
11821
22563
27024
11675
18281
1139
23723
8907
14262
11333
388
9470
9500
19190
11404
13207
23234
4677
22435
23239
15349
26905
19185
10767
10785
14199
5292
15778
18500
18386
11108
11075
18160
20294
9182
20955
172
4480
3287
21040
10772
12865
8978
12806
8896
14929
26585
18652
11428
2585
314
13513
10613
21891
13619
11876
11438
21685
14747
23599
27539
23806
26546
22031
12493
2353
10081
15393
6130
16972
18859
20589
11770
20135
20098
16251
4489
9435
14511
1277
18873
21311
10221
10156
2318
26578
15694
9375
8854
24221
15721
13059
14105
10248
17281
17560
20132
21896
12356
27305
24505
9474
18174
4667
4502
24542
10541
25754
8776
9716
2762
25511
18333
3176
20061
600
10884
8411
15246
13490
3866
18554
14010
15697
8408
23743
13996
6425
19954
5036
27011
13384
26488
3841
15322
13557
2140
342
10646
16398
3228
1341
23297
328
27096
281
23936
6319
9965
16396
15708
9811
25472
4402
25524
23223
9000
6374
3380
23506
13741
9711
15806
12347
14171
3647
16548
14743
21929
13742
9789
7301
16889
15200
21717
25964
8707
5372
24877
17912
22194
25061
24672
5668
4333
11766
18472
25982
19766
12367
15844
6761
25672
11404
27521
4833
14195
15108
4785
16148
7663
5207
24004
22126
7218
3508
2420
2947
4278
5935
5662
26044
21244
13706
2030
13104
14595
23954
7407
3894
24723
12668
24110
4220
560
16074
11421
26120
4390
9161
8740
17146
25920
4663
8225
12671
10636
19148
10384
17541
18874
22110
6267
6283
823
3790
11983
27509
25207
22575
3547
15146
4776
2396
542
11341
8046
23814
14043
12592
18586
23970
1110
12817
22928
18011
25965
18372
20323
17828
19679
9554
9151
8533
11593
26780
18481
19598
7800
18758
18303
3673
8836
17256
16767
23445
17505
5066
19361
2991
4683
8108
5521
19338
6300
5217
6231
3832
19628
6130
19853
8318
2481
12579
3499
12924
20439
5942
3081
12668
22532
18172
19624
7732
15650
11243
8
20079
7026
13056
21387
7598
3957
6151
11989
17905
1212
9940
27330
14444
24680
7926
1977
19847
15550
16029
15378
10043
19097
23666
11596
6999
9357
8262
4328
17837
24811
19745
17784
21225
6807
25111
22606
18640
18878
21741
8155
10331
20039
5036
3989
11371
15868
14403
26298
11431
5069
24455
19505
6948
22955
5849
21161
8009
827
14678
14499
7014
18602
11052
6269
15911
6806
15742
10407
4305
244
17217
14025
19844
17108
12452
18888
22414
18534
27061
12206
24339
7007
11702
20186
13720
25200
4596
23725
9779
2616
1926
2515
19564
20577
4363
11329
23305
10185
27015
26871
2352
14403
22234
25508
6682
10738
11993
19953
6055
22008
18657
21243
17060
4591
16134
1666
9486
27391
21455
8560
20486
22950
1407
17755
2412
6573
22362
10770
20912
23478
1035
27388
20450
13787
5734
2466
21745
19496
16112
13990
19628
10080
25537
8139
15951
16609
10803
11118
10264
19431
24061
662
7801
2211
3152
20495
12700
26360
1359
17024
23791
25570
20663
5169
1127
1622
175
2883
5375
23228
25344
17738
12474
14780
4723
23010
15346
20407
22118
15994
4661
2785
9822
5488
12295
20785
1761
17297
6427
25545
3141
24674
14834
18420
21392
20346
25365
4406
6896
5962
6754
3956
16277
8377
12343
20446
9518
17069
2313
9616
10785
4413
3424
26070
25085
10874
13199
26880
21768
12241
6428
1055
13745
21950
3524
16839
3985
870
99
25674
24729
18080
6520
19493
7828
6440
7566
24604
13625
18222
22886
5749
7521
10326
25790
25201
23122
235
1587
21986
1871
22238
6554
2625
20836
19521
7907
19814
3013
18823
8954
24543
3952
27192
15468
631
4973
17559
6885
18241
7635
19803
20667
6245
22079
18675
12459
1887
16012
12897
17013
11856
347
7564
18415
15969
8920
9414
16294
7209
20027
8079
12152
8236
14112
24781
20694
7297
3952
3600
13265
13445
7971
26453
17415
11399
10867
12912
7392
1869
7304
12349
1092
12383
18141
11204
3540
21
9508
3566
23802
26532
5448
10413
26024
19628
23942
3780
3544
14268
14520
16984
12289
24790
7616
17033
21815
417
26188
666
13200
16485
394
988
14492
19836
27532
19925
16261
10647
10201
18855
19360
24219
4519
11577
7648
4588
8475
10209
14280
20066
15909
17127
7039
717
15320
20544
21206
11799
7730
3582
347
22760
9864
9423
3503
25486
6620
23010
12501
18544
5871
25631
2180
8904
21834
3658
25084
8881
11335
10758
17011
22805
4556
3413
12056
12397
21902
5209
6553
22854
11934
10676
346
617
21206
22494
10437
20696
19779
3153
15308
11675
26226
21259
16093
11551
16745
20769
6511
25087
8810
26769
11844
17434
26596
10389
21633
17742
19365
17167
27096
2980
13191
17964
554
17634
21684
6619
6405
19040
24574
9540
25624
19868
730
3881
13385
842
11791
3967
26097
767
6537
1673
18005
2416
25159
16190
1721
11190
24003
4221
18909
12000
10324
270
3479
6640
3392
2838
7842
3652
12452
10299
4401
9032
6847
17177
19117
17205
21428
17457
10919
9253
11345
5806
21355
19936
5055
9751
9718
25214
27265
19048
6043
1640
12864
16039
5616
22087
23082
11771
26637
9346
9760
27539
17622
13172
10010
25141
17996
4213
18994
1894
16778
23238
25978
11185
3412
22615
4086
16849
25663
4419
26465
23579
6491
7708
16409
21657
6603
10748
11153
7700
1171
18733
21432
16266
20041
7682
1890
23945
17965
6917
24875
3114
9597
8307
14965
15636
17747
8515
15054
21488
14141
14501
195
25984
4283
8382
24608
10282
23635
7504
7081
25827
23315
10515
20521
5442
11481
26599
22279
18882
3959
23740
19688
15770
3152
19102
20062
9943
12327
15194
17156
7394
3314
21259
26722
14212
24600
20340
26262
26315
24372
27347
7837
7836
26075
24170
7670
4703
12902
18169
18320
17061
10800
14064
9209
24686
5616
7240
1327
9092
15567
5468
10367
27306
13951
143
16587
25096
5588
24597
21205
19541
4089
14495
6770
12500
13666
11134
13476
5177
12996
10888
14504
11996
21510
8084
18149
4359
7957
4558
10132
3030
9766
24089
15613
16245
7233
22924
6571
5935
2476
10588
7158
8104
9505
3349
22291
21286
12437
5649
27344
4885
10103
18327
6510
25620
19529
8595
12949
12943
9515
20679
3312
12640
11143
13217
7674
24129
947
26065
6911
473
17176
12165
19268
691
27277
16294
24022
2019
13181
2829
7636
1943
173
8043
9211
19439
18183
25817
6049
7504
10459
16785
11251
4755
11782
26833
5490
17766
12093
15976
25953
21073
13664
3320
22988
21949
4041
1113
25141
16799
4389
12585
17545
672
24508
26858
1873
25820
19386
5087
24572
9088
21782
11686
8024
9731
1376
7781
11517
25982
9047
25673
19931
16597
19826
12292
11570
27058
5130
15578
15669
516
731
13432
225
15109
8012
18673
21071
23416
21990
15111
4879
1181
1391
5574
4625
15115
24314
26307
20218
8626
19875
23434
735
5983
18468
6339
12387
17971
17221
22250
10286
22257
21800
3879
25130
14670
8941
9883
12758
143
9670
20469
23833
6630
9438
8633
1430
15949
22979
24214
176
20652
1669
3766
10500
26418
16978
1896
11257
4555
23451
6803
2662
2911
5470
2921
47
10904
5782
5956
16175
23371
22003
425
27563
26355
10952
3619
16515
8939
6077
20984
27283
13265
19603
9413
21193
4084
1076
545
2060
6406
19951
26761
3952
25591
8708
11424
846
629
16156
6417
14771
329
22514
10488
25636
1316
3974
18220
1788
24663
5489
1493
11847
25573
2501
15433
23117
26789
5102
3240
19746
8043
11875
1894
13278
7507
24487
11563
2262
5212
15407
8471
10818
15981
11240
20513
23970
6465
1397
11731
1113
23261
5602
18802
21372
18830
19995
4020
6024
7665
8391
5126
4746
27229
27176
1369
17496
23582
25490
9013
14676
20214
13370
735
10042
11240
3931
4622
9075
24947
25300
12574
18410
7373
22593
19575
25362
20195
9215
1440
14777
16604
14427
25779
980
4012
18728
10836
7732
20098
2653
19827
19773
4825
1556
14700
16259
18184
16132
12535
18580
11525
15352
19546
22914
27041
22347
826
9332
21687
19212
15818
17434
12790
5999
23814
99
27033
19038
17928
21726
17993
23045
8879
19455
1704
5993
5913
12619
3009
3174
27283
19488
3184
18727
22307
26053
21323
12924
24942
15031
23684
26828
26840
14203
5793
8814
19911
22628
3221
16107
11201
14418
18032
2595
15438
18277
16676
14320
10417
18531
11698
9501
7587
1204
23284
22361
991
26457
25925
20987
22720
21569
13068
5212
160
2077
15046
12106
27134
25772
21908
24539
8492
11865
25993
15929
19481
17949
3744
5020
22895
8378
20897
27367
8373
5747
2332
25097
17719
1909
3398
2424
26047
27013
149
16251
26288
2005
190
18673
4220
20662
5435
15235
20055
1399
22756
18014
23344
5953
14563
22436
23832
23098
11156
15791
10959
16402
22704
1318
10344
19695
14007
2935
10807
15345
8011
6348
24193
9585
11512
3859
21521
10764
26690
10639
23286
5673
23439
9046
1837
1296
21261
17818
398
4341
22655
11681
26745
7531
2909
18418
19782
12677
7138
15287
5561
13326
19963
14121
15063
4984
24228
22314
5036
7563
23879
20070
16569
26927
13714
18611
4036
8360
4309
590
2538
3464
1837
15036
17505
2837
20731
4342
24087
18611
22140
17316
24121
1376
7320
9923
21091
13422
6876
15656
118
10418
4946
8433
26071
11382
17558
22948
19744
12303
3548
12707
2089
17510
5491
2885
19152
1888
11379
26471
1809
16633
11203
2355
3120
17277
18096
26702
22875
11508
24181
3779
17606
12349
389
1442
3236
6757
9958
11350
4826
23844
8345
7427
22884
10000
25727
23614
13134
61
10291
10896
26564
4667
24277
12282
19824
10778
8003
16776
11268
11567
22599
10659
2933
22424
871
19875
24942
24558
6953
3592
16185
4228
16269
17074
25897
4958
26893
3555
16299
5764
14294
26835
1938
26596
2465
9344
13352
20447
14988
25051
25569
10965
2193
14323
14870
20085
10035
8561
24083
24541
17091
3217
25134
7005
25399
6050
11563
18707
27035
7943
8081
2638
13793
16604
19020
25061
26902
25673
9201
6645
22531
16575
17749
25132
16258
14713
23985
25457
25608
23388
23514
20041
15001
14309
12894
1004
25224
14519
12080
6821
22784
24809
18132
24720
23254
5813
4987
16116
26175
14616
12752
2309
19516
16355
25727
6755
13851
17721
53
9509
3559
5970
22179
27421
22736
231
23462
15427
16942
11570
12088
27503
25311
18771
9659
23005
11505
24779
3506
5402
20283
12016
21414
127
10810
3831
11673
9275
10444
23056
24638
5055
6024
531
7668
312
18286
16041
8404
6873
11693
6918
10579
11212
1282
12346
6675
14314
8374
3419
8098
2755
17729
7550
26811
3019
10641
27006
15118
21191
20770
17805
7415
3060
3455
8173
2918
2021
17878
10109
7007
112
328
27334
6665
15129
2300
25201
24396
11777
24101
15839
3794
11367
15830
2204
7584
1152
6314
3732
10837
27549
9780
4073
22018
26657
4268
25878
4596
743
2897
16905
2365
19587
24791
25233
18787
12356
23178
12606
19949
27170
10162
25046
16839
22995
11208
347
607
15328
11108
23463
13631
26602
19577
17468
14745
1558
3054
2316
9955
4978
5426
18965
1653
13237
5092
11795
12016
2904
10679
8224
15262
21710
4436
7006
6043
18167
1219
1007
12928
5050
23450
843
5803
26427
21400
16947
19236
27358
12210
8365
25040
25453
14988
16093
23443
24368
2310
19731
24009
21087
10514
23035
20590
23532
4458
25797
10000
10023
21519
21857
21858
20115
129
4202
16797
479
19854
20956
24311
2561
13157
279
5386
8800
18154
9025
291
11678
26888
12578
11404
11238
19377
2495
24460
9118
20265
24372
10566
10707
16977
2236
1895
26864
15680
24700
23029
7384
983
17890
6169
26309
20207
14592
11515
18772
1665
27458
11689
4624
2405
5985
21427
17170
470
7657
16784
17561
