9049
4390
3104
7169
9780
19680
2580
2344
6429
6157
12741
19893
18046
13155
10333
15913
27249
10055
20847
18704
21311
16956
6367
12760
4554
1850
24416
2835
17520
23415
2121
2287
26620
7396
18152
21029
4998
22419
2634
3928
17261
10405
21629
15987
12721
13370
10101
3650
20304
20865
24146
1354
13421
26821
11562
21573
11136
12271
15778
25395
962
6316
16184
5261
22992
1440
23833
11176
4951
2528
24430
3147
17839
23056
394
12327
10328
25066
11610
10951
21117
23551
8888
18510
16787
10564
16016
6154
22454
7769
10880
22125
12045
25643
15718
21703
2004
13440
5158
22276
24574
528
16299
21515
24334
19360
13251
25973
19914
12525
4154
18592
23135
13449
1551
5477
15532
11616
6445
23284
11685
15553
21469
16245
18051
26898
23948
24006
9893
2082
18691
27359
3238
22848
22204
25969
27048
6486
14863
4174
1503
26530
2475
24568
8355
9874
9689
7042
13102
7692
14275
7378
4376
19231
10418
20745
1622
883
15106
6297
7900
18836
11893
9550
13259
19811
7193
15958
12762
181
23043
1298
9928
10692
26812
12065
23264
17340
16323
13722
17163
2379
554
18655
20928
15499
15059
12020
22357
18484
345
23761
7140
5658
23321
14801
8303
8456
23677
6819
4392
3548
10350
19278
22631
12663
4488
12886
10896
24261
7753
19834
25901
3336
2697
24220
1727
2570
12342
15
19145
24249
20624
23731
3702
22415
27195
10670
6537
25339
2624
9944
23034
145
1955
11550
8578
1989
13046
21843
19746
7443
2742
8080
22908
25855
26681
25199
6740
6248
14485
9183
21541
9823
10710
4335
24442
25743
358
11114
26453
26191
394
17571
18093
3684
4763
1463
23126
9688
25238
13063
13470
22022
14217
8730
8513
12405
22320
15756
12925
3054
7659
22550
3892
16217
11410
6761
10864
20967
16949
9068
17383
1675
15186
22859
15560
24225
13148
16962
17164
9673
20506
21270
12758
9041
7162
4290
8246
15805
24448
5634
14288
12077
25563
22113
15093
22010
10149
17775
13314
22218
970
20537
13653
16437
24306
21012
9352
10822
19710
23425
22943
5356
14030
3341
18885
6611
1549
22825
10238
3857
27331
7688
24429
21932
5884
8702
17514
11348
26355
22894
16099
24947
26194
17691
6435
15099
26911
4305
26803
300
19578
23366
17972
18887
9156
7218
16986
9065
11957
21534
3002
5025
3628
21593
24146
17418
6300
1290
26718
1852
16863
4758
21943
15888
7012
21133
5036
6478
51
4233
3634
25378
2583
21783
13929
1005
22864
21850
3659
21149
2010
23591
12184
25698
15598
27549
22194
20168
2394
6091
11385
21422
25533
4942
17470
8878
5732
20353
11583
9469
353
12777
17652
8725
642
14593
11739
777
8608
6322
24216
19511
20497
13309
3994
88
1589
11951
10287
6229
9170
5741
5738
21767
2675
15090
24164
6318
204
10058
13409
15601
18534
22177
7515
21452
2145
9012
6714
21182
19200
2214
15082
12935
9990
13276
22851
27470
19037
5969
1805
14886
21395
3765
1648
21506
12029
27424
25276
23498
7403
5966
14656
16876
22074
13165
9607
6726
1774
6756
15663
19632
3272
25130
15549
1112
9145
16198
12731
6881
14302
6563
23967
4932
25573
11973
15119
12686
6390
15831
26701
23091
4547
7493
23125
9185
26171
3327
15309
4353
26704
813
19478
575
10188
17201
2144
2265
21035
12695
15720
11057
13163
8230
23948
23768
7045
2271
19189
1021
17801
16284
15704
27148
27531
24109
8022
24516
14445
9213
1943
12516
19502
9646
587
15751
22778
5895
3818
11544
11952
26139
9630
9181
16522
15813
25090
5710
20189
23320
24543
2633
22743
776
11405
1975
20896
23912
4441
4996
11567
7258
13166
17574
26457
11640
13799
1922
23223
2027
16017
3304
27205
27031
26715
13601
13205
23354
4667
25709
25811
7440
22799
4887
3683
27235
20996
3411
15684
13341
13335
22398
16744
19093
25630
8521
26412
18559
21916
15676
6602
7408
420
10195
27291
417
2445
20826
16756
9715
10624
8800
2974
18520
13451
2895
9942
1604
7382
3747
6298
12384
7060
25253
8833
12474
462
11768
10603
10783
5354
9500
2918
22302
25112
6179
14870
15837
22412
17358
15229
2602
12604
7046
25468
19774
13613
8739
25082
13391
10529
8007
15648
19441
22683
20193
12443
18675
15852
16358
11955
24022
25890
9413
4250
16928
5439
7540
10873
3754
24770
19594
9312
21992
11595
4653
24920
23860
17840
14299
12567
21191
5734
13511
6541
13392
10565
6017
4768
21225
2514
20367
2719
17629
24487
2296
14542
23287
3540
24364
6918
15119
21737
6147
9238
17267
10440
7949
14096
14276
20507
8782
2646
14598
21688
21004
20845
19534
4684
7849
659
23805
15973
7018
12677
18690
11595
7531
12125
22614
2498
14825
23562
23863
22139
444
2669
4198
2904
19092
4336
15195
9055
2270
14992
24628
16990
10221
4423
4743
18112
6997
10838
19856
7351
26643
24672
8333
25843
6910
17631
7903
15893
16866
842
8382
27210
2265
9426
8138
8725
24976
4336
16840
9450
15827
24331
5100
6704
14695
17768
10786
11617
8530
13554
2928
23728
25114
18402
3634
20664
7025
595
18906
15718
22477
5057
25332
17695
16526
20371
1240
10051
18268
20061
13610
16129
11672
2252
26042
23119
12635
26171
26875
25856
16282
25514
21229
23473
14235
779
13545
14143
11934
9591
11665
6693
18169
26140
9347
594
1775
3615
23693
8900
1407
22623
17622
6532
22070
973
22022
24590
21573
22107
10394
7341
26506
26184
26792
16337
3790
16172
12726
1502
4675
12197
14730
20201
19129
14920
18879
365
23239
27542
1374
20158
23355
25620
11780
20426
2636
435
10227
5375
5639
1653
11969
9493
22115
14358
7510
16071
2871
1939
9947
22073
5600
16863
18301
4165
19787
23947
17404
15575
22489
3032
5415
17228
25915
19292
3837
6650
1315
14824
5645
12684
18856
3133
12095
16096
2978
27399
10372
22644
17034
16331
25552
10292
23617
17851
15105
27495
22718
20349
24604
417
6408
24863
719
9068
294
15633
20020
26862
2262
20598
15849
9138
3039
17288
27130
6749
5751
14741
1678
16201
10954
25490
10224
27192
1274
16854
10989
17208
6171
18907
5745
7900
14600
23044
3879
11747
11590
2624
2294
2510
9418
17463
9751
26168
4484
1532
10265
10333
26566
2584
11679
