1708
3088
5198
20370
24391
20409
12352
18130
19038
4575
18168
4410
2664
19290
14845
19628
18000
25630
23699
18600
22880
18767
13938
3112
6702
12463
10713
21598
24450
6290
25895
20926
2159
16537
16988
27396
1896
6357
8549
11116
17506
26355
13989
1814
19734
18805
8692
21135
6491
24412
22683
5793
21169
4614
9621
1488
25579
17524
24442
19997
12144
6727
24119
1055
26747
21949
2099
21111
24250
22333
15853
20509
11868
11700
17849
15815
7964
4874
10258
26596
9177
18352
15927
6113
353
16245
1847
18400
16227
25837
6735
14895
4093
18020
5
26872
25325
15341
7562
25682
25515
801
13926
3003
23587
9939
11529
26625
21255
4363
13577
11535
7752
2919
1183
11616
4195
23346
10659
7151
5256
21819
18207
24033
13036
19771
17139
14101
23311
20767
22679
21139
19382
24653
2979
22708
13590
4740
3222
5066
22343
10284
25953
158
5856
9248
12513
20704
8879
14302
9625
592
15900
25565
18590
4102
17231
27098
8377
24130
404
1743
22558
7229
22872
5762
3779
27541
25986
32
22674
14244
10053
2522
771
24488
3492
24947
18421
6532
8231
9177
2250
6810
23566
565
5530
22419
7141
27343
17807
3394
23026
19138
13021
22768
6352
25623
13370
7569
10698
19728
7431
4251
27256
26220
2295
12503
23940
18986
25123
25818
9772
4999
5674
1993
1859
19936
14235
1799
11953
17402
19571
21364
10323
4418
27532
21724
17093
20085
15077
1675
8165
14223
15606
23160
4556
18678
14916
24999
1612
23695
9792
24284
3747
15721
16942
12021
17437
17421
11666
19365
16373
13458
16478
24377
21291
16902
6207
21753
9355
15342
7080
24096
206
17346
26324
21421
14996
7761
17613
19489
23925
11596
2091
717
732
13170
18189
25087
12976
25540
13082
20183
3520
5855
27399
15549
20880
14523
15047
25603
7415
503
13152
7496
17674
19275
4266
15981
20397
24989
3442
14868
13312
8933
9238
4241
6405
24317
23491
9184
10471
6754
15845
8188
11949
1014
24170
18830
26096
15192
6573
25119
18256
22216
3702
14743
23647
12520
11259
9226
12319
8195
7264
13341
17860
9814
5145
20726
15816
18015
14993
20081
8950
20270
26618
7310
5727
20155
27188
25579
21000
11531
24643
19052
20356
2292
10654
15166
26612
4654
22819
8552
18410
26192
13611
19092
19878
16041
12770
21592
20807
10606
23724
8904
26596
7247
9719
21913
11747
18342
13021
8607
2787
15233
21951
15840
25893
20049
19639
6169
21734
11334
5675
22646
20290
11254
23926
15293
8833
17650
15713
25828
11651
6910
11243
9970
12242
3961
18933
18152
2658
22144
23369
4490
6172
11170
25410
10294
6138
8257
17738
16316
25563
4093
6548
25358
23474
12524
5245
24842
17866
5490
11956
24646
16811
12569
5485
8721
19783
25851
2424
8952
753
9072
9077
19321
1957
14042
2204
14617
6099
558
17682
21099
21548
11054
3212
18909
11191
13715
23643
3482
5323
26434
18590
1915
16869
14082
2577
26440
16592
21876
26222
18085
6737
18328
19014
24816
11708
17660
12857
2244
865
4925
5337
23431
10753
20299
7735
25518
17926
12795
21143
15988
21396
7193
6744
15938
9409
56
13750
2508
10
10921
22516
21678
20860
19673
17859
3292
11416
15739
2481
14059
14407
25683
14650
1844
17464
23409
8983
5191
1176
25687
14436
17570
7424
11171
12261
3242
12192
3534
23597
26677
8349
14351
9745
10183
15381
8455
14263
20572
9178
25420
2343
22483
21781
14624
2340
19604
26629
21864
5907
1873
22140
19195
1165
24723
26894
1254
26355
19146
23755
10349
14823
14271
8571
11363
4375
25520
7921
4369
13226
9176
5205
7856
20571
14532
16811
5703
24123
3254
21439
7010
12155
11006
501
2064
615
6662
21219
13695
22113
6499
9212
4160
8652
23122
6283
18169
24252
12793
26809
8597
16852
11333
18267
16949
3334
9745
5216
18152
27032
11669
26339
26861
18984
21133
6390
2375
10193
15727
24497
12663
20096
5419
22339
23843
26495
17335
15974
6439
10384
9539
16037
23454
5597
18047
4183
18761
22675
3769
26056
22873
10140
4515
2492
8731
6191
23211
12399
11878
9658
25852
18723
3863
25077
17875
26773
7056
22007
11902
14302
571
12672
20363
25497
21865
24417
12976
21985
3406
27565
11923
14828
21726
9174
10199
25646
16024
14842
24325
8802
7205
27513
1113
26885
7487
14088
3722
8081
27225
14001
27264
21086
1357
22825
503
4482
17467
2079
5073
50
20977
9552
15862
25510
19671
25040
5639
3637
3601
23305
27426
26749
9799
14996
818
17801
16011
4049
606
5771
24234
11138
3399
15739
7318
9334
24704
16334
13826
17348
12653
8595
18913
20982
10030
13789
14985
27010
15776
16512
23937
22829
3146
2670
25177
9438
21563
3763
17815
15350
25560
237
7875
11929
6244
17227
21761
26467
9927
5346
25699
18922
3468
363
23045
2393
7780
15136
24207
2856
24322
3916
23938
571
23782
25045
25352
8786
15453
25385
21992
25552
14779
14850
6228
5532
11345
27532
20987
14959
23460
21806
20344
15729
725
19320
23950
18670
298
18780
19158
11909
11073
17756
10211
5966
24466
27530
434
8167
23165
22472
22717
21940
16871
13684
10727
2911
3837
24586
3802
4324
923
14329
9299
18771
692
8548
26046
1189
19406
19595
477
9641
25843
13089
12382
11139
14595
8451
15258
4435
26784
5867
3450
25303
25465
20502
14579
16014
19358
1186
10446
14763
10867
24709
10862
24116
12418
732
24954
10401
12088
20267
12267
14686
2959
11508
14464
6754
12463
23369
2917
27128
21823
21843
9390
10948
25172
3030
7855
14658
25909
8389
3191
594
9969
15765
7708
23230
19251
3852
24956
17504
21535
7788
15745
19567
22538
16711
24186
17801
25914
13297
9718
12583
19186
18443
2306
11908
23354
25544
22282
7498
18177
13062
6636
14706
23742
13365
19415
9697
22167
5920
12066
33
2620
17358
8681
9400
17296
12379
19042
26532
21186
3627
15
11842
1783
25569
22483
27105
1138
22983
17220
4030
9661
25064
570
2249
22148
10733
1962
18711
11425
22799
21537
19914
477
7540
22115
22709
17298
15131
208
3451
4826
13640
6453
11286
25242
1584
26202
19455
8141
12508
3840
13086
23515
7778
15340
26878
2513
18978
7762
17665
14608
4312
25693
17114
23039
12357
7684
11206
16914
