26853
2133
11418
2142
23379
24250
6009
12737
17321
10907
2336
19031
21423
18574
18970
8874
18254
22522
24258
21386
12400
21549
7228
1773
27140
12386
3918
10054
10869
15098
21753
7011
9778
3081
13865
21765
24756
3678
6018
8208
13444
5845
10073
10295
19987
22215
20417
5313
1314
26752
298
13679
3812
14475
24544
12066
4395
10131
7046
27186
24627
17097
8311
15107
21124
2155
19750
12027
3794
2294
24580
12070
24376
10896
14898
2267
21215
3302
2911
15280
26662
11328
13307
21498
15814
12491
12578
9098
17019
3217
15074
25165
9043
8787
15610
18656
16970
25510
8890
11170
9001
6288
10793
26234
5044
16489
4069
6744
21894
6204
9972
8515
24302
665
17084
6162
19340
1985
26726
10880
22793
7578
381
15594
1479
16385
16740
21388
14708
12605
8900
7422
23319
5574
3519
15210
18622
9761
18622
9252
22753
17922
9566
2144
16280
24585
26202
11498
25281
15138
25678
15
11524
16403
21610
26816
23232
27504
17562
4119
659
26030
2639
15160
20854
14542
12544
19200
7264
12489
23709
15933
27202
25831
26024
15334
332
8360
23945
4364
23705
17917
2780
26830
5364
14639
462
15675
11594
5005
25535
22136
18098
8035
1459
1847
18213
14714
12906
15255
22166
21772
2850
13365
1837
23778
24105
24439
17275
19013
10733
21303
7377
3255
23575
27278
17753
1257
22729
25220
2256
25412
24352
6390
10785
2641
26309
4536
13609
11309
17201
14764
3325
13203
13346
11412
16372
2290
5699
9753
6104
3668
19479
7526
15343
2569
25985
9823
17220
26596
14376
795
8962
2209
21549
10856
3364
19229
17942
7370
13155
20153
12473
24334
9668
20656
1943
298
15854
23497
15706
26212
9068
8495
20057
3904
27453
7173
3957
20298
4353
21864
20805
2274
27093
18249
7592
7095
13521
15481
5005
16052
11540
3265
4196
5738
7824
21321
8691
15453
16928
9045
27491
19374
16426
9541
5057
5836
1576
21407
4516
5296
1768
21510
5645
6042
19787
19332
6075
10775
15907
13202
26331
24454
19637
2341
8465
4689
2653
7418
27347
11666
5326
20131
26899
13463
26363
25354
13772
9476
17228
7246
9099
21878
6289
4958
23959
295
22281
12360
10706
11138
8162
12727
8142
8086
22781
13271
16748
18272
5174
11092
16121
10414
16545
408
13854
14568
25736
25792
11192
7798
168
9434
13375
2236
4577
17428
25499
22935
9107
640
6098
17434
14685
7434
9805
16168
22842
19464
3429
5936
5733
6758
24412
19958
13645
12353
690
11360
6883
9902
4404
19894
8443
17812
17969
14128
15442
21163
25734
26522
359
923
26256
10072
15821
15591
11065
14248
9994
23021
15655
3039
19480
2287
7052
2528
10730
17647
25926
6557
8314
16622
19052
7635
4875
14208
7360
11925
973
25737
3009
14073
21385
8734
16788
1976
967
1949
23320
22205
8523
19615
23268
1600
17986
22584
2644
2401
16199
17484
1868
26322
2881
118
17100
23356
11855
23983
22470
4598
2892
12051
25591
17598
730
27420
15464
22354
8472
2863
1509
24106
2002
13483
4437
2338
2171
6680
16008
7358
6188
5409
8497
25837
9893
895
7778
23299
12588
13722
5664
25343
4336
7586
109
11601
10362
27349
6913
5403
2424
3627
25505
22183
23891
23638
5956
18634
8000
20963
22762
21682
16545
3754
25275
11316
3312
1932
15419
3603
3085
10245
27437
9434
24890
12483
6952
6674
4196
15134
5061
2497
8015
6135
16422
12719
25492
11512
16570
1992
594
3469
3879
12662
11027
21285
15964
5804
24366
25148
17494
10482
25900
16589
23233
4615
25031
4254
3396
7297
9304
2305
5011
8747
21036
24886
9458
10473
4181
23233
5624
15
26468
26898
21688
4807
3911
6793
16716
25945
12059
7466
322
2616
23816
3831
19023
17551
5477
10340
21722
21081
21356
13630
6750
16258
15263
9540
4226
14052
4076
24812
19002
25631
14137
7247
6114
8346
9847
27415
4021
22843
7220
25033
12536
27186
2282
16371
951
7819
12916
4394
16510
13470
21474
3686
9241
3809
13009
12489
23062
14329
22415
20520
965
2644
7709
14698
3111
16416
17898
9698
7017
24382
10113
18287
8692
22179
2313
9139
13360
3413
26594
10962
26753
17278
12248
6602
4616
15955
4196
10830
17309
19008
11902
7263
1764
13923
15029
22164
16493
13553
14618
12060
7146
22754
12571
17463
16176
3544
6523
8818
1398
19547
21647
26964
2513
18957
3540
8465
11077
607
16793
13361
9258
211
18649
9412
27072
22392
11605
15498
26756
25667
14494
25163
20718
26978
11235
4804
24335
26825
23409
1212
5307
22788
8679
24365
3421
26232
6127
1372
16087
24831
22742
25371
11029
15199
17945
4169
23654
10929
21962
4759
27233
23577
22612
10901
1809
16554
27319
11607
4176
24324
4289
47
23704
26838
19577
19549
14854
16320
2694
18669
22659
21548
2539
25097
9740
8715
26320
2332
20497
10129
2308
27001
18362
22742
26505
17113
679
13217
4773
16666
10199
17160
23238
20423
10122
18652
1334
22056
19674
883
13387
25465
6506
25264
3990
6095
22933
21378
18984
23259
3343
4232
5285
14314
24068
15921
8740
18592
1974
7619
16059
4491
5564
24447
24082
4829
8060
9390
4589
4668
21349
18333
14537
16857
6897
8363
23404
1524
9017
25887
3362
20578
1748
26050
17735
2611
10793
15426
17132
7102
20098
10077
21082
20179
25932
2479
8564
15
13277
26668
564
13335
11157
22698
19496
1045
20832
4755
16157
16249
23242
23560
4026
19968
23682
26095
10330
2395
5208
9706
25356
11666
10163
12627
2229
12710
21031
3932
8114
27154
10702
17990
21051
16648
4616
473
5173
14838
8314
5289
13324
16516
22139
16692
10901
12518
197
11606
4212
12474
22389
14774
1029
7399
1337
9456
3671
9678
5298
7740
20373
21606
27402
24050
5439
5545
25892
18085
2314
13028
4065
24016
24276
17876
637
26362
17525
2318
7466
20899
5121
588
3411
9381
18684
2440
13318
3418
16992
14675
16373
22042
14021
2561
18391
22453
10135
3
412
6823
25897
10807
3937
8155
4337
10086
18007
19862
3514
6517
26905
19099
11413
3767
12193
16273
20507
4848
22585
6070
24841
26222
13381
8909
5079
2075
4287
17156
20634
12940
7040
16861
23046
5188
21517
14503
13605
15052
8558
11038
24793
23761
25304
15239
