6109
7380
11016
25895
24143
8648
20619
8185
20878
19547
21388
25927
27305
10941
6503
2110
7962
5534
7060
3681
16904
6631
3667
9069
8278
19276
11073
13563
19211
15096
2314
6929
24658
19779
13812
15970
10530
8793
20096
23926
26938
21593
318
12533
15059
4757
14727
13769
3480
13203
16434
5338
21899
10803
7913
10941
18472
12861
24798
2981
21684
18326
10802
26461
21903
1499
13340
5363
13959
14122
12982
12078
4042
8256
26416
7244
7481
22010
25227
27194
17643
23587
5066
20849
19702
23448
3310
15675
18515
594
17852
20935
12983
424
2694
4875
22829
19410
24737
22217
26144
5927
21446
24689
14624
3497
3115
11246
14392
24898
1074
11852
9876
19819
1602
24581
16823
2187
2432
9950
9769
7758
4382
5062
23964
4851
5925
20050
14040
23896
19757
24527
18836
1074
21044
19391
13545
3328
9167
11008
9375
23736
1873
15161
11117
16960
10332
6299
1711
171
24086
23568
21757
8631
10175
16226
9570
5723
10493
13256
22520
7210
24827
2356
10048
21591
5622
434
22860
11005
13635
20768
15752
9971
16421
5813
6717
22153
10919
13633
1765
18172
3304
13295
18522
9
15141
15332
23748
6087
13899
21024
14687
1943
23805
15948
15489
27500
666
4567
24432
10043
6915
10006
16075
21291
11545
16349
11845
21577
4226
8810
10445
9909
4165
6393
5970
26731
7365
20717
1583
18546
1636
11407
13376
13911
1896
18557
2224
18343
16358
11853
10107
10195
15501
21885
22853
9010
12254
3838
20702
9320
8702
10109
22156
188
7050
15287
26675
1408
21624
12458
11708
21642
9043
23780
27407
11531
4637
24893
24574
10792
19360
24545
16834
11515
24617
25894
8092
17517
22105
2512
4612
21328
7220
16874
1967
7039
2394
16709
3622
24988
23978
14350
3270
2561
12030
17483
4633
11364
27162
5261
12763
10653
26128
4509
20076
9034
16756
5667
27274
12952
3122
1281
16517
22518
6568
5353
10532
22911
2561
23611
19272
2376
6557
18678
8094
4929
13657
12475
11376
20618
20550
9555
25823
4639
8325
24818
18132
6858
13951
3416
14153
462
14382
8942
25017
9443
7529
7217
17668
20439
8694
8527
4926
9889
21522
24586
13215
1221
1297
10859
1712
724
5751
7314
21574
4369
23504
5621
10919
14179
8182
14617
1856
6453
23523
9739
16861
14876
19294
2803
16119
13202
25296
13521
24620
10874
7801
19108
9192
9770
1642
5019
12624
14154
12774
16624
1212
22744
26042
4078
11013
950
22123
24703
18122
21153
25868
20943
4954
21953
380
29
16678
10735
5366
18151
12553
19908
1846
13323
5466
11023
13866
25964
10232
21460
6319
4444
25494
18301
16545
19776
23330
25206
3844
12845
8308
6401
16368
5536
9862
26955
11550
21700
1357
8364
11974
8727
2418
18055
5825
14977
904
25072
17527
22319
5491
11628
8127
25310
13664
6428
14911
4761
14109
19412
11820
6790
20548
4579
6108
4121
1737
24335
21302
10470
2931
8803
11388
14385
17206
17943
19549
20249
26320
19107
20295
10130
5206
17175
24916
12493
16616
21383
12818
17407
4546
296
24579
2751
11479
22406
18284
5189
25585
21783
11916
12059
9418
20621
2899
14841
10171
20983
25319
11307
19440
17215
8936
27054
207
23185
7738
4275
12364
27058
20125
3319
20028
23994
8985
24073
7326
24181
310
1014
18547
22859
14969
9424
26614
22742
6604
12070
24345
7927
14844
27458
20246
2573
25214
26818
14199
5700
23989
14790
22591
15562
15302
19147
17720
17576
27542
6716
8543
21607
11996
8599
11780
5374
14304
2911
2333
24471
13909
3201
5113
15386
9434
24140
7933
13403
25218
21400
4914
17247
5379
27531
7343
18465
25746
4914
8370
17452
24363
14832
20087
4305
8232
26224
4452
5622
2202
9966
26928
22353
8972
5143
13026
26991
15406
2988
2395
17501
23205
10367
6580
8241
18624
13713
7450
11751
16224
14265
27158
24943
14153
21909
2694
23489
779
48
6096
25904
18297
25221
10633
6043
2239
14037
24347
3377
2300
8245
10618
11275
17820
6631
20665
22513
8950
24318
12350
10181
23841
15418
887
19224
8389
21678
17577
20284
23799
12660
15762
2538
14352
22863
8329
27471
3468
21300
24180
16312
22000
4250
13067
10958
16914
9185
7080
7021
267
2985
20928
9213
11568
25775
12567
11246
5756
23173
3476
22179
22864
1492
20793
21042
23337
9584
9844
27380
23036
19385
21332
15825
2077
10936
3899
23082
3873
9077
15295
4873
5711
27167
23481
17015
12261
2614
12504
14793
23369
17434
10312
3468
11655
25239
11907
23729
18522
8769
18367
16206
16325
12648
2028
7713
19803
23889
23637
19517
14354
5399
6283
3625
5631
10598
5416
26236
8592
1866
10500
12427
2134
3101
18451
16906
20037
11663
19216
17578
10090
3086
16393
23271
6338
15033
5086
3638
6475
13929
16494
2799
12470
9589
14951
16673
1306
5169
12129
18170
23245
12439
6764
3844
24676
1102
22175
27249
10763
21012
11915
2230
9426
14523
18359
7215
13035
4094
13837
11268
17166
17251
24798
11260
16720
12106
4147
14563
7966
4523
20453
13930
4846
19148
11169
18795
13475
2088
15626
15093
6945
10094
27306
17142
17984
19573
8324
16263
14195
10596
16081
21143
8959
682
8767
1768
22246
5806
15422
15093
16151
24822
129
1748
14186
9057
8827
17932
20377
9219
925
12758
14885
13477
24969
10439
22654
22778
9535
15588
18528
6320
15335
1445
4013
6288
26035
23453
5014
19583
13335
1955
505
15081
1844
8845
15400
22362
17100
17816
18389
26941
9320
6108
16744
20907
19193
16389
3202
22590
13830
16993
21087
17568
13040
547
24228
26595
16850
3459
12470
20162
3715
15320
1904
6719
26863
26476
13589
7776
22261
14334
9291
342
9297
25810
4935
27167
6163
2065
24663
1294
11864
21484
26367
10967
25762
12749
16796
2412
11784
24920
24060
20606
3702
8351
6760
10038
1212
396
12438
10258
27559
14497
27173
9170
15455
5929
17934
8112
26942
14390
8086
26425
7061
1353
13661
21707
15874
17932
1609
2031
15493
22580
26235
10108
20889
21008
15666
15937
18267
25915
25675
20057
20499
8180
6671
8990
19718
16661
10686
10284
1854
10213
9670
20399
27563
19114
25224
17138
14684
15893
6062
21156
11919
14837
21191
11856
17249
20513
17129
5899
18780
13844
22717
15033
