14657
11570
13910
3798
15804
8339
1551
12500
8116
17177
8362
6504
12068
19222
10526
17580
1401
12625
25976
9338
24918
3960
27527
19726
22648
7755
19639
8881
27378
8476
16746
15418
10733
4485
18760
25243
440
14296
13246
21874
10285
11975
7792
14976
18883
16009
11567
65
26587
27299
2683
8214
12881
15128
6144
17324
18482
10179
16472
6380
6590
3598
25295
3387
21640
6489
22938
23539
21614
24895
6079
15524
5832
21553
18747
18761
13876
14567
20359
4546
15168
9538
17916
24249
17812
2942
1496
13585
22997
18938
20713
7993
2881
7867
26393
6929
27206
1113
27395
186
17957
13513
26450
18794
22353
847
19240
26365
25950
25747
15500
14957
13406
23695
27396
18189
9243
19315
25429
1658
13474
5364
18158
6546
26052
18856
24838
22328
21800
2739
22817
3509
16022
25288
27380
5310
1142
8612
6335
11618
6903
1115
2661
14940
19193
11802
22156
12828
25698
7149
18473
22404
1484
17
19413
16870
6108
1387
2276
8420
7526
9517
8061
3782
9210
14068
14033
9588
17765
19469
3784
22517
135
8598
15863
27099
10655
5868
957
14035
21483
25689
6511
23091
4123
6353
16208
19445
7159
6107
1847
365
6181
5191
18666
24166
14632
11064
6073
2914
23829
16067
1294
20336
13028
4987
5660
7442
18682
20137
13826
13062
346
16933
25380
3036
11999
15390
22497
20884
9043
19906
1542
4450
4603
8199
4827
18852
19165
24411
19236
13046
19179
24031
14517
4127
3684
16276
5066
4425
26046
14939
21894
5903
10315
21486
1287
14784
22770
12933
2515
11442
22995
5641
1517
20942
967
25003
13034
22086
13146
13544
20534
6413
20644
24363
3132
22310
4337
16875
11474
7676
4833
4303
24552
2016
9642
16558
23743
5036
22176
27100
236
21641
3121
26214
21863
5629
2053
23138
14142
1672
7906
24956
6160
16225
18690
22164
16296
8540
15173
7334
12678
3453
11447
23966
21455
11212
6597
11718
17630
26997
23264
22457
16935
3768
4436
9736
22130
20875
16473
26941
2968
10040
24653
19676
8104
6464
6619
273
19519
10339
3406
11148
18223
24723
5335
26960
8530
144
13967
11381
3277
21493
24639
24963
8690
7331
15356
2894
5953
23381
25835
16277
22617
9142
6583
15330
10485
7032
10896
14612
22427
4399
22712
20122
14787
19216
22994
26666
24854
25171
8546
8624
14623
6977
8969
2638
16579
1975
16736
26504
21821
1508
9067
11612
12154
18921
23916
25127
7979
23032
6899
9852
291
12650
8188
7537
23100
25881
10077
18230
1076
8528
24102
12873
26611
18644
3343
19493
6190
11641
25590
2080
17304
20219
5707
27352
13084
5294
6957
30
24363
21339
25983
22515
18390
14657
2001
18592
11232
24985
7523
23240
3853
22649
17366
21806
83
1246
13163
6905
5192
14249
23388
18058
14784
17255
17894
27420
15186
2092
6579
6963
12270
16553
16056
8219
6798
17698
14612
5801
8960
15363
3305
18915
20096
22093
1396
291
25277
7863
27381
23920
10139
2826
8641
22534
24981
21668
19520
20209
23184
5720
20268
15793
24012
13154
27013
9870
16823
5023
27290
9850
7605
27331
5899
8710
3464
11363
2256
2075
14483
24508
3263
14756
2175
23694
5259
549
6036
6473
11534
4888
3276
15482
172
4671
17866
12508
2497
10710
2096
17157
21157
26689
2983
7218
26881
266
536
18104
19822
15073
20752
1871
4268
9965
7418
11979
26187
21758
2136
10237
23035
5867
3892
3599
16583
26842
17257
5546
4829
17160
9272
23199
27152
16977
18528
16831
5068
8937
10349
8220
20706
4779
1105
9686
10649
26702
4127
9124
27342
27363
4722
21744
7144
15212
1240
17562
11849
25665
27044
15440
7839
2285
25499
2046
21291
1966
25342
7305
16995
7060
18910
1525
25664
396
24715
20879
3400
26044
4982
5537
13591
8221
20433
24421
8951
73
19788
12970
10885
19607
22079
185
23486
2552
10183
5997
1305
828
22530
10363
15649
8886
13260
2300
24845
4430
2754
8184
8061
25856
23992
7346
27389
16842
3338
1516
24278
26635
9472
125
24869
24193
11276
473
5316
7494
6765
11959
7439
25675
10502
17689
25371
9960
16087
18881
429
19439
16759
24300
17159
17090
12948
3766
2190
1452
4309
14597
5884
6406
24308
6836
15013
20451
2480
23311
17980
14317
7767
549
6413
14382
2715
8453
3605
1252
24653
10569
6798
2094
26897
10347
26900
18267
11451
12201
508
22384
15229
1979
24428
7807
9657
10805
3128
7072
6482
11579
21786
9306
624
386
13279
13706
16698
6482
19911
2347
7605
1442
10052
12652
3250
13358
11274
19250
25069
17163
18343
6158
25233
21752
12002
13170
4461
7492
8121
11359
18311
2844
11675
27013
8181
11143
21046
3653
3618
17510
11923
14254
10381
12306
1276
6980
20033
19681
5911
20489
17676
21690
18713
24697
23209
4723
9860
14104
15856
1958
14480
22807
15690
9424
3616
16588
15684
26364
3491
21540
869
3581
11133
18401
392
27254
26171
21722
412
20928
23702
20285
22963
10592
12641
14991
24595
2417
8783
14099
25879
2230
27385
16850
12579
10065
22894
15514
1219
16522
3555
10999
9829
12365
10832
3901
6319
12201
5719
19714
21957
16395
23852
3343
2676
4834
6112
11669
26881
13151
21135
25009
24042
394
13267
5199
19767
16778
9668
13418
18038
6269
10160
10598
443
8674
442
11449
2707
10859
2722
24448
9618
1177
2877
14404
1462
1760
22293
22838
15473
19345
22542
26174
14532
13568
7257
27275
16763
12997
25029
10700
6146
22494
2661
7427
6289
12315
10836
1498
7063
15075
6290
19321
22987
11669
21898
16258
12680
23373
18936
7322
20298
16552
19819
22192
10592
21460
19283
25976
8681
24447
24252
10221
10214
7210
24551
858
15007
26051
24968
10401
3734
16757
9607
26201
1052
23368
14882
15495
2187
8509
13145
25027
13953
6390
11961
21490
2539
16299
7610
18134
6948
13118
15046
6465
24538
9560
23788
20591
17000
18367
7072
26936
6855
15031
3689
16207
7173
18615
8734
24819
1330
6932
2541
9679
19276
21123
17282
5061
23320
4790
2694
22023
5747
25311
19521
20326
13595
22093
18236
23615
21627
14901
13277
5670
17470
23151
24171
20924
15797
20512
2051
17830
18956
21804
8221
3109
12758
24050
417
5645
26993
25011
14588
24505
6899
18646
