18174
3223
7961
27327
22227
5445
2581
23395
22529
3313
23649
13341
15138
4903
18104
18109
18261
19283
4690
4402
8208
14364
24357
27294
1100
14086
1179
26240
21361
15039
16013
3042
10885
25823
19917
3236
13758
5028
8714
21437
3479
8772
2872
15286
9471
23914
25448
25480
19672
23458
24679
14295
5987
23466
18559
12223
10470
10902
13232
24566
2003
25556
7300
16042
15817
9623
22134
10896
3344
1941
15705
17105
1934
13253
3867
18368
23081
18168
3967
24260
22390
17205
22075
20649
14905
21558
24348
7615
22200
8679
6134
21784
23965
23987
4427
2278
9922
14123
21186
27060
23732
5326
6246
16056
14685
16588
22574
5949
6201
4637
15803
16
24373
16182
25878
11366
14489
5718
2493
917
16298
10538
11098
23293
10942
25778
13413
2638
1441
14004
15594
13751
15065
25983
12782
11604
11557
13067
4775
7440
390
19415
2314
16596
10283
3181
12646
22374
14014
22407
414
22058
21008
14394
4363
26608
9471
11049
4469
8532
10636
1252
22183
3765
23653
15800
3769
15660
9061
11056
27487
1657
8795
26640
6292
27102
11366
26668
8752
20220
24667
1208
9620
22070
17353
22829
25199
14216
12886
26947
18726
15396
19349
12264
11751
14830
15630
15329
7573
26937
27242
18893
23226
10029
11305
24316
16292
7281
18325
16675
13267
17506
3390
10981
11704
12396
10830
21698
14815
1144
1407
6775
8357
550
18456
20020
8716
27351
14052
26836
15546
16848
2084
15026
1407
4030
21271
14879
2878
2503
17290
17146
22235
19194
6149
7382
1134
4951
13467
17915
12854
3941
26079
14948
10514
15756
25087
18368
4568
4137
15919
15847
2476
4781
3376
4550
5627
11289
11218
1089
13515
27377
17501
3376
20911
18902
6746
6926
5920
11313
19683
22856
10309
6146
25815
15937
2225
17567
257
15040
25467
26665
6068
17326
27145
1443
26006
3629
1126
23879
20853
9353
9090
16740
25535
27364
13549
19979
19529
3592
7829
8634
24490
20358
14113
26985
13576
24611
10741
6724
2431
25135
8255
16801
27101
8756
11414
2632
3761
15721
3145
19439
10372
3576
11996
3503
14688
15791
26132
5934
11907
12496
15560
839
18526
27146
6292
14541
10902
8933
24662
20284
24887
10519
4405
22616
4507
15899
26841
21441
2637
1482
17349
12939
22533
6353
8134
6000
1863
23782
19208
21136
632
7665
13334
279
12699
13577
24878
12139
14441
13671
23997
9259
1604
7802
10544
1346
529
15288
6295
4875
19360
412
12045
10524
13253
6760
5071
23657
3513
4259
12230
23980
16467
26608
17048
1193
27442
12769
22514
13137
9974
988
13847
3995
1951
8104
1435
18034
3033
26055
15702
16696
25714
8302
5674
3024
24729
13856
23543
6952
17573
1299
13940
21950
23310
23409
7822
17858
23517
24560
15286
22992
19628
5751
13215
371
1599
26255
19827
24148
15679
11979
3844
6308
4885
17179
13948
9898
11637
10297
6971
19970
14346
15245
20085
16865
13502
24310
17883
25582
4990
15719
23160
2294
4196
9835
5333
24160
20899
17043
15797
12010
4728
25804
13328
24601
16158
9955
9979
17642
26902
22027
6428
7356
10107
22336
10755
5533
25431
26359
19621
10870
11127
6071
24941
3985
3443
12578
27437
2314
15740
4447
19613
23596
11858
27097
23733
9936
16936
22540
6311
27510
17488
1525
6329
4000
8780
16368
20336
17795
4391
12901
27314
10077
15451
12508
23370
15054
25143
22218
11123
16169
3709
4428
19120
24266
10802
25220
12077
9939
3418
25307
24640
6408
25881
10941
7300
219
11499
23916
2905
18628
6065
7578
18109
14795
13771
8910
3314
17110
3548
167
20184
5632
22794
1370
9710
17154
26167
17432
24775
11376
21835
24056
7774
4259
6927
8633
23506
22721
22404
16267
7655
21607
22823
9665
11924
21258
23249
25647
16830
9220
26699
11698
24467
12681
13211
12448
19547
25149
1474
22110
6203
8571
24700
138
15521
7407
20189
25695
2242
15502
13296
1309
22061
2447
15926
18173
19129
17795
10077
12280
16603
5609
4537
20010
8437
7148
222
15991
12755
19756
15299
4249
23768
23761
9611
17076
15482
11737
25016
2641
18643
24563
13357
12772
10157
8962
577
11364
24417
20857
3051
1759
24887
2408
23795
489
5734
743
18137
18293
1950
2287
14824
10582
27147
11447
6863
22194
17783
22836
6888
24586
425
26782
15973
21323
22961
13539
1522
191
1578
17209
11395
14544
8999
23609
9993
4648
2333
518
6645
1083
21959
24620
14385
1760
2746
15260
8345
20146
22387
925
23070
12963
22662
5296
20059
440
13030
5379
17088
15826
18701
16310
9387
24200
19853
18022
12324
17813
10902
20577
13049
4903
151
6252
9435
10077
4399
15779
1798
26323
17072
1932
24756
10443
26487
16243
9648
9733
17303
18911
10484
12349
8886
25081
15245
14920
20899
15054
15763
14909
10866
1059
1277
21751
19057
14461
2224
8187
2520
6356
23355
24502
24183
7987
4382
3844
24584
12700
9513
3540
14439
25534
9706
10699
19862
8278
19591
1181
11545
10869
24387
24838
4269
16986
7857
4236
637
9662
26604
11372
8715
27406
7395
24576
2447
18950
6744
20422
15887
10230
22578
18364
11789
26921
24278
3905
19601
739
22429
8987
18802
1239
26392
13016
14531
1467
4235
8812
21566
1785
10201
16720
8475
6045
12000
21120
2489
10676
17528
11344
20375
13269
11851
21378
20056
15036
12273
786
22395
4581
25912
1141
1702
9965
20973
9032
25946
17273
12388
20562
13909
12474
22619
24930
17440
753
19681
4613
717
15197
13881
23286
23265
10720
139
17683
1518
23890
26799
9385
7808
17734
25065
3470
12470
659
12279
26723
18581
3071
4392
10946
19495
20034
14267
18032
20150
19836
8125
20300
18418
21920
15511
23176
24935
19990
8869
822
2713
1584
18211
116
13932
19824
10113
7664
16549
24225
24245
18095
17008
20855
4622
965
2502
20588
1934
7147
21461
13432
22384
5308
11628
7765
20211
3266
11163
10711
27300
22414
1154
24575
20552
20389
19111
18653
26675
22299
16052
12156
4730
21424
21765
19302
1466
23547
10911
14946
1130
23545
4401
20513
20114
3677
489
13443
26868
534
1785
20521
8150
14271
18840
17599
516
14932
13328
8884
15535
18356
19147
7903
21775
14706
21359
27375
18398
8649
12622
1177
24355
6168
17787
24222
