4229
22576
10812
1120
21442
8740
8886
1976
13549
7071
1723
15453
17612
17533
11787
9262
11854
5854
23979
21083
10573
23396
5072
25103
1879
19127
8541
3576
3315
26396
17768
15173
3578
15224
3852
23344
14137
3779
13424
13249
11262
18065
11391
9055
4382
7360
6443
7989
23319
9972
12282
22415
22949
11043
20696
19488
22662
787
7866
23516
11578
4921
5471
7170
13891
20945
417
24794
24910
5744
5163
20928
17182
21877
13153
289
27261
13603
2923
11290
26402
21396
24909
16424
15183
1700
11899
12693
9159
5108
21439
15484
14622
2783
21011
19149
3698
6232
7077
19600
14335
22162
19423
4402
5288
5821
17738
7465
4668
3124
15863
26564
15172
7828
2438
12438
6524
6951
14716
12213
18551
26642
25885
24504
19241
24791
18341
10863
8345
13375
21369
6618
1773
22946
26931
15540
7610
11364
13019
21679
23223
23664
24316
8357
2125
2837
26596
15802
12275
19068
5215
18218
17971
11057
2930
13420
13957
20102
25635
7332
22600
1226
23138
20967
21985
3861
5707
8937
74
8343
16048
20234
18207
17209
22137
717
14560
15514
24444
5708
22352
10769
20390
22960
23937
9217
7292
23389
25579
8478
7947
1465
10971
22113
11363
15189
27403
22733
7184
14782
4613
27492
14280
8696
20358
10881
1919
20429
17729
6902
11848
16205
21355
1788
17048
24285
7903
26367
14302
24014
16807
7914
9000
6961
24369
19170
25596
14518
17964
15839
15936
9245
12965
17310
23085
1392
25216
12320
15715
24680
22357
6406
791
18608
12519
17345
4481
2451
26046
1675
12396
14217
12996
21735
22899
6064
8726
15250
15535
6537
8311
24412
16048
15763
19100
10149
7075
8409
24742
26065
19866
6314
25233
9580
25065
23129
3135
2127
16477
24322
24238
7757
64
6604
8608
7385
7668
22680
8826
19363
8968
9660
26196
21061
15402
2066
23305
3438
12785
9663
10636
23670
24569
14999
18905
27359
2440
20892
25620
6296
26479
15852
22134
14758
14870
7943
17979
22313
198
8519
6735
5150
16883
8207
5186
13678
1049
14581
6480
16855
17122
7081
17257
20450
4630
4007
12998
6685
12753
17651
19012
13012
12565
17482
10646
20620
7330
8503
12148
16297
22763
25919
8764
20064
16283
1260
1790
21237
14200
3233
2848
16381
25858
10481
8065
27032
5966
11401
16294
2749
13706
24469
21020
18709
25798
5936
4444
4368
383
9933
20627
281
5577
20827
24730
4630
4964
18484
18074
15548
12906
3189
7424
3484
3183
7670
15264
3472
979
26049
22608
1366
26456
26841
3895
2851
23039
13217
9532
17923
5816
7730
30
319
24854
25739
6907
13416
2787
17960
4694
21782
24878
21014
25313
14029
4929
20604
26790
17687
22325
4969
26584
17828
10888
10838
21950
7285
22003
17897
27010
1615
15233
2954
19056
1796
16878
23917
4348
19084
1903
15075
9092
1737
1527
21296
10839
21878
16129
26651
1500
409
11583
448
17232
25114
26619
1553
9000
21736
9349
196
9756
17493
4797
20285
5457
25637
18828
10454
19276
26045
17967
11859
4668
21421
23129
15944
27023
25542
1616
3839
23176
5076
24113
7211
12183
3054
12174
15698
11601
2879
19144
18648
4789
3478
14867
1010
3210
24318
12531
14136
6830
10433
19754
10534
14769
8359
16905
14805
4577
17916
2713
18960
6016
13367
21183
24249
26290
12706
7196
4384
4021
5374
18633
7535
19939
2265
23651
15814
14489
4698
22049
13777
3496
2446
986
26685
17910
13375
6226
23727
17683
26193
26188
22362
18401
25570
13962
23000
20561
6050
5700
25650
10954
26158
23449
6174
25251
4962
23232
20546
23007
9020
18299
5621
7052
3317
18623
13362
5813
26856
525
12273
487
18676
22659
11390
9309
26988
20002
19903
9488
15378
16748
6300
3522
6705
17941
15367
24487
4836
11291
940
17569
5076
27238
26447
23291
8353
16965
8705
27462
12053
12411
9004
3702
6741
165
3551
23926
7058
5740
4975
21234
11160
11321
26475
6686
19879
16399
244
17463
23271
10479
20088
22716
10159
22702
6084
25877
19149
588
18584
15453
11328
10774
4028
11362
8187
12891
3125
3489
9932
8156
4230
11517
17631
24604
4402
19334
20652
3840
10422
17317
12795
4455
17774
632
20735
6772
10137
10181
6165
11503
9321
11561
18013
8845
3566
11723
7959
15073
23546
8123
16719
24774
23847
11834
27530
25204
12833
14312
9690
23906
25009
16290
21215
3304
18609
15381
4226
21885
13835
14941
16395
13695
22534
27056
4360
4462
19499
22791
13809
9884
17500
19769
6595
4987
5004
12386
19291
20309
22789
25688
6191
6531
12479
19881
7945
6079
11196
5452
21714
3586
7332
25065
14058
22889
20220
7753
16277
1636
11602
4402
2933
25159
20622
13031
21819
26883
10755
12621
24289
1491
15067
12429
7407
20681
16898
4000
9573
23024
11165
18205
15602
8813
25121
10482
12945
26479
789
934
2086
12234
10828
12520
14364
17567
14218
17113
13381
12409
17341
15900
7233
23586
17460
16230
17155
20591
10548
24109
17495
19730
13827
26854
3046
12822
375
17326
21041
10237
4030
19549
1268
13795
25634
22470
22582
17796
13950
12532
20026
7042
14494
22311
24847
22625
15420
4402
5590
25211
16324
3266
2876
16764
20227
23565
9965
10470
17180
9705
26395
23091
25203
21605
11306
16374
3800
16131
10496
1569
3874
26641
1102
15626
10061
17305
10478
7963
27333
11780
19250
18689
9397
10495
9405
15381
14726
20242
3809
14706
5867
12752
7126
20212
24256
4095
19349
639
5344
1905
17405
20102
3828
9920
9661
23768
23376
9367
8833
7009
24161
26456
15295
10198
24043
24766
20590
22933
23937
20261
9662
3266
24249
20012
8549
16862
9623
5727
13267
16112
6787
21577
14133
1190
18937
4548
10330
19402
4261
6207
2767
15058
12281
11884
2243
11163
22923
11264
18419
9170
25404
4949
20620
18068
7866
14529
15189
15852
9540
18757
3061
26333
1212
23572
19035
4461
7560
21393
3423
6186
17751
17703
11537
1138
793
27160
22490
26656
12463
2904
19841
13716
2086
4642
10977
18575
16863
26299
3037
11679
24407
2869
13373
15480
23226
26919
8346
10042
23898
10558
22067
18682
26317
1981
15631
9829
5510
15475
2048
20263
24691
22320
19565
1496
4666
25240
25108
23657
11028
17160
17516
4402
11421
13240
6329
24629
4570
