14908
17520
2809
18050
19
8729
7274
3069
13470
15006
4672
20360
15888
9204
9205
4894
9952
1461
8822
3841
16394
20738
7080
8707
4500
21071
1323
5733
25183
27487
9790
3977
20215
14998
14270
11903
14409
14915
4146
1909
2580
735
10510
22927
26114
18151
25220
18519
3949
9660
1503
1418
26482
8743
15393
21173
24568
25393
8671
15499
26318
21927
8491
16181
5633
18167
16177
24460
5617
8
3317
2995
18970
15604
9638
12115
4228
6481
19564
19931
13059
23865
9531
25774
20656
13944
10062
10111
13215
8503
9838
12931
19243
801
17746
27145
12147
5204
21567
19367
13550
577
18240
26619
5913
7794
23974
2423
11392
14324
17134
11378
11335
10201
4391
14342
2345
160
11713
957
2460
7403
4128
218
7227
13370
25818
11801
27233
1297
10179
11334
11832
15426
1864
11292
26569
24317
4349
11561
21895
18031
3064
6038
11000
21389
17769
3689
4484
4133
20470
21147
19391
10762
26781
5835
13521
18086
26150
19610
21994
5202
6185
5591
21856
2248
16939
21249
27164
23423
15898
20357
3863
7853
4037
3668
24775
15810
1113
26566
1652
14065
7467
22972
11375
739
2407
14320
13381
18443
6644
1665
2980
17745
16672
27029
21817
14237
3737
10247
16998
1730
27275
24935
27012
11679
21041
5314
18674
27499
4098
13700
25150
21219
17184
8933
551
1393
8904
3588
4751
18576
20978
11700
9626
8960
3557
13789
19995
13456
24083
20253
1181
91
20183
675
20290
12525
10847
14909
9877
2897
12081
23794
7988
6127
5748
15933
18855
318
23238
25269
4339
25325
25744
20652
19268
8165
9501
20695
1211
21312
2077
2542
18652
11593
6437
8117
1955
23392
24429
11529
13138
9527
19843
26902
3582
6869
22256
23442
6459
24111
17658
3655
10426
21487
1274
10138
3680
335
23410
8021
10888
5129
17282
8933
13097
12381
5212
16153
24938
8212
18098
11512
2113
26061
16469
11458
17398
11699
12126
27086
6345
9796
1451
12383
17994
16910
5429
23119
2867
21216
9790
13334
21146
2744
17562
2661
15022
3017
21528
17486
4594
9671
3543
21090
18377
14217
2337
8095
16704
8635
18265
27472
20203
2413
22360
14551
26781
1771
1928
315
19770
14370
7103
692
19051
11152
10751
18243
3161
15092
23323
603
21737
15181
10888
3804
12380
6311
13964
26246
19368
14764
821
16665
10381
2310
15988
17059
11248
10393
19770
9556
1086
17222
11401
16898
2787
10011
6740
306
8753
9452
9865
25255
16010
23782
25240
15241
25590
24921
10898
2551
411
15728
17248
17172
27241
17619
2380
24028
21633
9427
2136
9967
17128
13941
7636
5241
12735
20021
25338
4684
10188
1691
19033
24305
17817
2938
9281
12465
14751
23691
2586
14556
21769
25751
9340
4402
16761
21688
16659
16495
25444
22224
10957
26460
12658
1785
2077
17642
17276
11070
27504
26378
14252
24668
13906
25094
7320
19499
15123
6560
16162
14589
4775
13909
12054
12201
25101
17412
26268
3431
8151
8704
14364
7298
12701
4244
22320
9995
17221
11084
23719
27115
5866
573
13852
10399
10117
18999
16732
6452
22464
17580
19663
13460
15780
7182
10061
5235
17677
17220
1017
22369
15759
24624
16536
9119
12137
3170
24712
12822
16897
21873
5813
4990
6964
9470
24388
22755
16208
15356
13885
2742
10478
8900
11512
11634
15184
1604
22460
18500
12801
1211
23552
16199
25893
7266
18199
17175
10023
23866
12793
8008
4200
15052
17288
4810
5994
1212
21986
25603
9265
11528
5036
23554
15569
18048
14047
25828
14844
4681
18262
6606
3455
25901
22122
16908
17620
16580
5811
8794
359
8924
15232
9582
279
3224
1636
21852
8415
10971
27284
1884
25615
13005
21802
22913
24801
3686
5342
23223
4639
27564
5182
17099
9675
24408
21210
22609
14797
16527
5081
23175
716
6910
777
11143
1590
18152
11191
1212
14849
27540
21988
8948
3218
3642
428
19691
10502
17213
4954
16829
24051
22780
12058
20836
10009
13802
20235
18362
3934
6378
26926
18623
6085
17787
5131
8260
22677
13440
17666
26594
26375
18554
4297
19510
27275
6114
20885
6251
13970
23862
26162
15955
14523
13179
12556
17248
19099
6938
20809
6157
21654
15213
7509
21572
19360
24081
1211
13638
15929
8487
157
16738
24346
2062
850
22731
24110
21820
18237
25146
18140
10841
21500
16900
9852
24152
18858
3179
7255
10647
14050
2736
26776
4004
2735
27460
15394
23007
18930
21401
24543
13630
20026
24639
7665
6724
425
1734
4284
17734
21841
1621
11453
337
11111
17815
14805
7824
7764
10885
16409
12553
11333
27134
22347
18984
12280
9123
16114
11596
1422
3180
15698
6662
8235
291
9548
27148
14487
2406
20706
22289
19974
13604
5137
20388
22367
8747
12730
26708
25397
18946
15642
23346
19169
24267
25452
10781
17321
26018
25003
14238
4485
2104
25173
20072
8400
3002
11886
14757
17804
15473
7313
18574
9376
14031
4402
1706
10185
4563
17976
12509
11596
2415
18290
18
18147
20874
24991
19603
23843
6612
16026
21636
7987
12586
13437
17276
13608
26785
2445
22214
20631
936
4146
13204
10203
21869
12456
6192
117
4849
24604
11711
20237
15787
26799
6427
25406
1441
23284
27368
15433
16851
12353
6432
8927
21657
9731
1963
27352
5124
22932
2313
18545
16489
13629
20309
13510
14671
27040
23231
26586
1987
12560
8302
22185
8960
11416
21215
4630
7734
2157
11852
17063
12533
864
15252
21462
7506
23152
7343
19247
4707
24173
12651
450
2366
9307
10803
11561
9440
25879
1658
2217
2974
7781
26340
11513
821
24755
17782
6029
2811
15019
13555
3170
16568
6050
23333
27367
22697
23732
11948
1683
10291
22124
17256
19259
22742
24400
15606
15286
25112
21122
13746
8498
9315
1960
16978
27521
5404
1190
22087
13067
24612
20953
9149
6424
11812
11637
16208
1356
15431
18786
896
10818
26322
2552
18804
21652
2762
8956
25829
25929
3347
7246
15105
16557
1107
10021
18826
20292
21451
17253
12315
2799
19908
2419
18996
17010
11807
19508
5972
10730
16809
22811
27298
24607
2635
27118
17587
10364
9305
15546
27498
8590
14441
27046
13508
5812
128
16739
23449
13422
19822
19403
4565
18819
11664
8083
13277
6645
11122
3066
15404
20215
10284
14092
25614
17029
19293
14156
25443
