5020
11237
5244
6524
25950
2414
24695
12346
1820
7538
13052
20097
21949
342
10608
11793
7086
6901
8416
23209
10411
19420
9320
23311
24262
8656
11064
12106
13243
20034
23394
7728
2714
13682
23938
7595
11103
17593
3663
11063
6751
24535
2604
3518
2561
18398
7820
19015
17363
4860
5471
5314
2998
16436
20012
8976
4390
21236
23883
4195
9117
5395
12013
1225
18690
2638
22643
10266
13202
21944
11623
5607
20288
8978
21307
15908
19085
21203
12348
15900
345
784
9535
19331
8480
16721
19
4242
8374
20987
16307
12475
8067
15185
22325
6750
22422
13157
24344
22707
16467
3527
24656
11407
23868
14639
16805
1509
959
6252
2723
18490
7734
25676
26640
14
22981
2063
4517
24075
24241
15848
22936
19711
27500
15154
15041
23121
4084
25728
8998
679
6426
16400
21920
6288
11384
5622
17340
889
10229
8335
13515
21565
13332
4938
24530
19734
18937
21021
6301
22455
25046
11169
9310
15502
10744
17318
8880
12437
19277
20420
24595
15872
4542
5448
20238
11587
27
14589
19203
1913
19395
21669
18439
5532
20684
18367
13251
17457
23209
9522
11867
15894
24998
21908
6830
27468
4491
16904
16504
9852
4194
8654
18585
10411
5627
5853
6005
25659
26
2927
24558
16823
4800
16461
2717
27452
1319
22160
8965
27311
23805
7215
22158
21365
7089
4661
7319
4158
25679
11447
15904
8691
22234
27285
13293
19858
13560
548
8433
18307
6399
12001
2699
20496
22370
10298
3790
23926
20147
10635
17905
26229
8559
10696
11835
13728
21609
18187
2448
2304
20600
7196
15030
10290
24337
14264
233
15265
5506
24242
4783
14057
14571
24286
14415
18805
9478
4196
7798
15802
17625
19260
13981
22772
5234
21347
22771
12391
24507
9526
1683
16739
10534
9323
24527
15769
10418
21508
7124
1952
8632
27271
5007
22925
4348
6633
21721
26048
8722
12716
4658
8845
13490
5704
26133
5427
14713
24860
17577
7765
6911
11211
8775
13550
19094
7422
13866
6119
10091
4971
2300
18733
4481
23530
10789
20776
27303
14189
19458
20465
25213
10847
26842
20458
25065
3697
4626
2002
15734
23237
25717
8723
13417
16996
13461
17362
12433
13866
15666
25530
11385
4164
5106
16548
17701
7431
26685
23292
26406
6889
23443
22635
26078
7623
922
7815
19837
14273
5497
3270
24649
17432
11459
1469
9357
20472
15433
19403
23474
2523
349
17499
12606
14276
20104
2314
16515
19585
424
14435
10746
18352
18035
8912
2632
17863
22460
1042
15324
8121
20782
1605
1262
2501
10862
2077
4208
9304
26643
8971
7346
19749
14599
19003
3349
5702
866
25893
22157
14842
1329
7081
8500
18848
23674
12747
14783
9101
24469
8485
10352
14884
15388
26497
24072
18256
8026
15897
1302
6196
11858
17059
13698
4684
25124
10377
3486
10871
24690
17868
1777
22239
2108
4025
9586
1293
21615
16728
3064
15953
17186
470
10078
3235
3892
4312
16767
10385
6378
15843
10085
17344
1950
21463
14808
11048
217
8576
11246
23981
7729
11563
372
18950
519
19044
14661
2055
21324
17786
205
21456
25135
22244
25132
7814
3642
2971
9281
7371
19410
15623
6214
12213
11191
14115
5372
2560
18642
2662
8102
9396
3825
15419
24350
2130
3126
12164
18155
20674
13945
5320
4943
18782
1683
17205
10518
18331
26920
1086
11987
25302
13671
618
25566
10308
16814
12675
4051
1926
12350
15758
24653
1339
11436
16659
16208
10852
23823
26190
507
27530
10035
11822
24997
12704
8536
14346
15296
19037
7584
3611
2264
4472
2761
2380
25617
19465
12341
23209
4510
4216
15742
4416
22386
22793
5814
1054
26741
25813
27240
1036
26215
25435
8561
1455
18298
13351
6113
24558
18730
4534
13664
160
4
17580
22115
4155
8222
2323
14493
3197
9787
21810
24933
27375
16056
19283
18099
20775
24133
9500
25224
4814
3118
16202
8131
19828
26613
20632
14744
22656
9561
13743
23350
7588
10353
10756
19191
9734
23514
21703
4245
14273
3315
15
12813
3025
11130
12409
17729
13403
4637
5229
10068
354
2001
21264
27134
8984
22430
21061
26526
5837
15791
22041
14573
16245
1000
17913
20194
3026
13896
24097
22387
26137
24702
8800
26977
17799
9241
21344
22986
16649
21681
27081
14731
22556
12727
11488
11158
18990
2757
3456
1941
23606
5988
3005
10176
15096
25056
22042
9673
15535
17271
17336
11860
16566
10692
4895
26131
22224
11920
16145
9891
5220
13550
3778
6735
8743
730
287
24811
26702
21582
18782
22467
26842
16602
11141
2904
21875
13967
23597
16154
13465
23991
5327
7276
6629
13478
18263
6322
16503
27060
12066
8642
13441
19790
1716
24993
12802
13049
18878
15511
3587
14946
24041
13303
2080
24325
22585
25314
9140
2645
5450
25510
22030
16188
19604
25334
7270
3080
13947
14536
23848
6620
5635
4954
10400
19707
26979
23570
22252
23795
9916
17970
5368
19270
25927
12937
9136
25695
8367
12432
23091
4107
20832
15437
8272
22317
17853
26740
13539
23798
24363
26162
23163
19899
12808
26340
3689
12063
26859
12915
19206
14385
11001
8886
12828
1803
146
22922
17808
6379
1132
24611
6840
6709
4148
7633
14315
16533
19273
22856
22948
6882
23611
14732
24289
17114
3734
3929
7548
8608
22159
24538
4143
26745
1730
7859
20263
3432
18278
9950
22175
9637
7354
19834
6303
14456
9259
26502
18380
6139
2893
26733
478
11985
12442
8509
10229
18870
15128
13025
25378
5282
17379
10682
12512
14081
11345
23733
1050
7917
6832
1042
17119
7076
9
14809
13273
7446
1306
18238
21914
14189
17813
19467
23755
27312
4954
19240
6292
21652
11881
7143
16781
294
18819
3829
21229
5566
3693
26888
18271
14689
3043
3046
5436
12509
13182
24162
3351
22035
15974
20108
9561
14041
24337
9563
25325
25334
20864
20906
12232
5563
11237
17036
19779
3673
25233
12090
15001
6729
3212
25608
21731
6000
25334
23848
10599
13129
18481
11161
14821
10131
23551
3547
21068
11158
8145
15584
19083
15023
5160
10011
1022
21824
15168
549
12176
3531
4536
20342
17141
17550
13582
9450
22333
24815
364
10139
6642
23073
22107
26523
16179
16351
24450
14955
12012
17347
17261
12248
23325
23531
9432
20187
14616
24900
3456
10919
17136
11664
15324
19313
14291
