10132
12480
20491
15678
2816
14004
4616
26242
946
17777
26317
11495
20345
10596
1188
26446
4304
20392
4821
9344
13409
5481
1728
3264
15711
10311
23608
6946
18366
536
23938
17523
757
852
18263
7096
20067
14264
23926
15558
999
22637
4461
7965
5346
19736
2341
11601
21154
11667
21162
3797
7896
13138
5046
6788
21849
10360
26755
27531
224
14172
18367
14362
6609
17590
13988
19402
22161
10935
11240
2257
23495
20422
3017
5871
8852
16397
24412
24476
25513
3929
24568
5290
19680
23868
27442
10903
5351
2655
12563
20019
1226
25529
14312
10345
25167
17349
14129
14110
23950
24949
21465
14001
9534
3791
10247
936
13822
7022
1831
4483
6762
13619
619
8140
25165
23570
7843
3339
10904
16557
7711
15986
23677
18624
11889
23078
17052
4769
14275
9687
17818
14315
10820
18673
12785
1942
5621
15842
23250
24612
22956
9912
21843
11720
10913
17276
23769
11956
3551
4779
15250
6400
4514
456
17126
12236
17458
4682
18278
21581
5092
3195
6854
4385
5657
25162
574
12170
15657
15786
24666
27531
19701
3473
9218
18525
7708
3307
11055
9803
15467
11021
19805
17499
24702
23877
5935
5340
11624
26410
12181
26307
18545
11198
2777
27102
20983
15779
11376
18675
18587
14366
2245
8031
11012
22781
16507
793
7226
15235
17014
4250
11333
6442
14299
1232
18326
26661
10389
12037
17230
13116
8629
8195
23094
3164
5977
19891
4987
1981
21811
13694
10855
21217
675
3161
16575
12565
22985
25586
27034
6845
8764
15737
20461
25055
7910
24071
21531
26781
12583
5987
19877
17689
8406
12750
19331
20007
9845
7085
27362
4317
6761
6726
1960
21342
8132
11741
2177
8161
18670
4357
5014
9992
8621
10629
760
11481
4620
17490
27043
17117
14264
16309
2788
11029
7741
25595
7027
15531
1126
7141
235
25918
19451
25673
11280
213
11198
16791
25070
21654
23237
4396
12766
6195
5323
22941
6413
23075
21845
17290
26765
5157
24512
953
11716
10511
4875
7630
24739
15725
24073
1239
6911
1641
4297
2487
18827
18816
25788
2396
741
25430
21835
12394
13973
24868
10885
25167
1116
18554
25683
6924
5958
20389
25958
27418
11360
26185
11495
10893
5330
23489
24405
2329
12136
7506
18815
537
4431
19976
20732
21
22671
16061
3301
20086
6514
9946
15541
13651
24552
115
577
10484
21315
15553
23389
2840
1837
24317
3167
14797
15413
3760
8279
12981
17846
6238
10655
18707
21586
12125
11240
7088
20807
2763
18728
1831
4213
27317
6651
13337
11708
6353
8312
15829
5473
16142
27273
18462
1978
6232
14095
18135
5020
26690
7491
4064
15331
7102
5836
22004
9799
3449
6494
17071
10655
9778
2323
12972
18443
17630
27300
16264
26949
6565
12318
18813
24374
14793
10989
8548
17097
23935
15926
4539
8257
20542
6976
7679
25309
27142
12684
17423
16116
12592
4512
10219
2103
12765
4998
21774
2588
17555
6550
23633
21042
10079
16255
19890
13109
723
12487
7249
6301
8135
20625
7092
5499
27123
10638
23553
6552
25313
26024
23488
23687
26462
21903
18721
5357
13968
11416
9601
24921
25154
23541
4680
16952
22971
24734
11123
12384
27157
14807
12347
1386
5752
14004
9733
16524
18682
10903
16089
4152
26596
7979
8033
23506
17694
3383
5424
12387
6471
2720
2055
6574
3032
3837
14089
7993
11289
9593
9835
9410
16088
7945
7387
9816
4675
7243
11254
7249
25785
18696
5610
300
11422
339
18476
10587
10904
16003
14805
231
2474
8875
8459
4234
14436
13826
27502
4992
12922
24504
10159
12864
3131
20699
26491
5195
23341
23348
6217
19131
19586
157
2152
11553
9910
8508
374
2415
3383
7021
24238
14553
19171
4924
913
15450
24513
14653
5236
25559
21529
22485
8519
21
24211
17255
27317
13101
26321
8352
12881
24007
2278
1317
16294
18049
6754
149
1004
27337
4623
17019
24564
16501
7559
19207
4079
5702
16014
25027
21187
15295
27534
20093
14060
21568
11114
19469
11458
9316
19072
19545
25948
9369
9105
24707
6476
10619
13861
6944
24684
25134
19174
27477
10962
20245
6298
16596
16422
13261
10864
23506
11219
9441
15551
25832
15381
7335
18036
26226
14376
19571
6872
10890
4259
4189
6233
26353
3891
19812
13523
7957
9278
2578
21796
19576
11684
7471
7157
12540
8464
10232
21662
23112
5431
16568
4668
26838
24943
3783
20987
6230
8550
14029
20896
8420
7440
23756
6227
15871
8129
19917
17609
67
12809
4028
7824
2787
21869
20788
16434
21202
1002
22258
20492
24378
4719
19496
9620
680
9951
4845
14186
11396
16967
20695
6334
4382
5193
17518
26129
2153
26616
20674
16820
26684
17508
21511
8647
10759
18226
21811
14650
2637
4402
9128
8875
13243
12557
21286
10243
10624
20230
12710
15109
13087
16778
12108
24991
20211
10223
19831
6833
16075
7090
18954
17057
2405
22015
10320
20089
8549
8112
23695
17296
6563
6318
10333
14963
13399
3951
13897
12569
15309
7561
9205
3485
8036
24390
13803
26542
26284
11475
4435
15139
8565
5817
11358
26408
105
10935
11576
10502
17927
23545
13988
11179
15499
7150
9546
11268
13327
9438
3188
22144
2600
12295
8627
12953
23334
16740
1069
26456
17791
26439
13356
17592
10311
17344
27525
1861
2818
9363
26229
5296
16347
12133
8559
19302
10038
5010
5244
10486
14807
12982
19992
25027
424
19049
24603
9109
1714
17806
8554
7857
18165
19238
10414
2440
27460
9409
19011
17100
9825
8895
653
12697
9246
5376
895
13220
16283
11839
1516
1879
16915
644
20192
2120
14213
15035
8984
27070
11589
11267
4900
9179
17187
3923
20128
25052
26878
16771
11123
12731
17569
2736
3736
17613
16680
26209
21423
4996
26263
2310
15041
2732
7805
20543
10907
3197
17715
25073
12382
11884
5919
25715
5992
20790
10759
22750
25792
25507
2853
14450
25874
14909
24509
16463
13056
16603
23878
13141
2263
16373
24572
8560
17785
17651
12571
18283
5365
10628
11244
10989
24379
9347
27238
10453
3597
16149
19776
9843
5278
1911
12744
27269
12652
16241
18906
1780
1133
2305
22783
21318
27096
5942
24082
12081
20264
19535
10980
7096
25505
14218
2735
12984
22607
22185
24566
2317
20787
11024
370
24827
14695
25964
11259
8666
12754
7256
