16460
21577
3992
13276
7052
25352
6778
3415
2564
26327
26452
5760
14512
15902
10359
12259
4989
166
10886
16742
27556
2972
4216
6559
14195
21
2422
17118
24210
24113
5839
19788
22938
9353
11274
26795
17509
24520
10968
6539
20770
11488
7722
18712
2738
10836
26778
22803
24633
6550
9715
7811
27493
14433
11207
25852
12136
14412
6380
10522
2962
6716
4780
2503
24281
16063
17886
10813
21076
19753
11191
25630
2559
27174
22944
14172
12545
21642
25111
13164
17430
14606
24909
10338
8718
5947
9300
26542
11076
9814
2320
23375
2590
16417
3333
12049
7785
8299
14550
2842
2164
6966
18595
27203
3982
27401
12566
273
16629
24648
21916
13839
10289
7882
15061
8628
6370
7242
3138
25981
20264
3860
9902
10195
26697
4599
6830
11994
1878
1854
7328
4932
2576
26579
19827
13229
25463
16126
11795
6268
13484
12687
7317
2032
27215
16854
10122
697
27297
15331
22875
8909
11506
19865
14628
11997
13050
12190
20885
6655
21916
16049
20400
26311
20960
2795
4322
13189
15020
23744
10004
25592
4070
1189
4597
27071
21950
4812
266
12074
13853
12725
11117
7537
19601
20308
11553
15446
20270
2799
13666
18955
5710
22353
26138
7807
18317
3837
16969
1249
4594
8704
9075
7209
9307
13919
2247
1487
18523
17071
19533
9980
24611
9170
26189
11550
16422
20207
9942
394
20897
26379
12936
13986
24652
24458
24467
21586
2582
16968
10683
14906
22947
20526
24130
11185
19916
7780
4363
16357
1017
8149
6661
27062
4981
8346
10590
19069
13095
13670
21391
4723
17322
19658
17604
11947
15348
5029
6312
14056
26558
26837
9514
16409
1690
8631
157
8532
4361
2662
11919
2736
26530
17307
18257
17655
2145
24249
256
3421
18881
25801
98
4729
2461
25652
11789
1383
24773
13788
13820
26443
3664
4345
4836
15621
11956
15247
22728
19078
19462
19585
10664
15223
25910
2232
2445
12198
11967
14240
22079
27374
27126
7024
23775
19210
6075
12294
22155
9849
22773
12961
5865
15735
10100
22399
19260
24932
3205
5920
25747
18163
1857
19373
997
21524
8715
2558
12480
8251
15939
7168
14716
25871
12578
19116
20363
15951
14807
27028
8427
661
19093
10937
6649
17131
16170
26868
9870
5448
10277
9105
20189
2911
5639
11305
10399
8611
26330
2101
25507
10025
11574
12672
3873
5013
6944
11757
10357
6384
2165
9196
4884
10079
11132
1515
25919
1699
8920
396
24541
3400
26962
8704
9658
11767
27322
25936
337
21600
20403
1157
15308
6814
4055
19466
21264
23858
8
10580
22475
24749
22837
26548
14679
14628
14304
25982
18344
6817
18441
22953
20311
5210
5932
20257
8881
11919
5251
6102
4753
10733
19923
21866
10904
3442
10978
3977
24086
10659
21561
13245
24736
312
167
26323
24200
4581
19331
17662
18842
25897
7216
14388
15747
8149
12994
23320
8885
3910
9557
8321
8892
18592
13505
8846
22746
1838
2719
13915
26098
23148
1624
11879
23047
17400
16781
6119
23127
15610
16582
12136
16932
12962
25910
20721
13362
13035
11285
5541
7979
13459
26898
12122
23227
6412
25065
2433
22319
12048
16133
18109
25678
22720
4285
13002
3706
10789
4939
989
447
26181
24111
5599
26250
4721
16526
8004
10566
16711
12278
16217
22970
13231
5178
6391
25016
19366
10500
21822
23183
26429
23334
4327
10989
7620
5951
14587
19835
17784
14344
13191
9449
27555
7239
2571
24853
6002
5993
19456
2053
8948
8656
26169
24556
23174
25910
2839
6283
19240
24553
17300
24062
22696
14080
6886
9967
9143
19343
16996
5496
22702
18389
21577
24854
19292
18098
6873
18554
10749
23749
9006
8974
14419
14322
21731
8321
16848
4750
19069
8152
4674
7373
26096
15112
12084
25551
3077
10689
12754
22714
22828
14761
7325
3967
4300
9755
6729
18536
2974
14895
24846
21419
22676
4989
1358
5778
3829
6488
11401
18187
4401
17325
7298
22103
22431
21281
11858
8971
25959
25014
14111
22061
5856
1212
14575
2383
11038
19749
600
5078
20925
17885
20835
6916
19468
16256
19295
16101
26441
21658
14900
21204
3276
17973
19398
25636
2493
5256
16621
10343
23301
24440
19655
17503
3342
2314
17767
291
22257
4294
17966
788
8911
10883
554
15834
5233
1257
21877
1130
25728
1332
4950
3652
20702
8955
9249
10193
8998
16182
19756
25916
20648
5079
1785
10745
21175
12091
3032
17627
2274
27257
16132
7143
7595
8988
25589
22580
18155
5413
4888
13303
3147
21657
10550
27550
16753
16491
9806
6568
1951
8998
1825
11825
21499
12054
7849
16515
19
20220
16793
4287
22789
19816
9617
22185
11077
16741
1079
4774
4510
23082
13555
2166
23383
9795
1796
27163
8486
20805
27216
18679
16673
21124
24778
10427
5602
15768
27418
143
2810
12031
24708
21048
20296
23003
15012
2870
11363
3929
25685
11571
3754
14584
2049
12434
14835
15601
11302
364
10493
24720
3996
26453
27483
5675
10839
6615
4299
23738
25386
3940
7869
4872
2513
26869
5742
21512
20042
23323
2447
18687
11889
11360
22183
16729
7498
4964
2313
7289
342
24979
16087
17321
18908
2305
6389
8855
25683
1493
21417
17594
10216
4053
15741
10914
25735
27429
12374
5528
16720
14726
24417
4423
15252
22632
16910
18933
23309
22692
16774
18188
24971
6424
3041
4836
17676
16663
24769
8480
9465
25095
20978
16407
6349
8068
19886
19766
7113
1375
26384
20750
448
13730
1959
23571
14579
26530
20357
16797
914
3258
6202
20516
21580
26538
23268
25632
16560
18660
756
14289
19756
8314
5826
8431
11518
16762
20362
5214
23455
16546
3160
9991
23765
16485
23609
24365
3950
27540
13965
10365
182
18079
8247
12170
18755
5417
27283
7562
8299
17746
19490
25132
4807
20259
1881
404
25632
10632
22629
2602
18270
1938
10892
443
21797
12021
1374
23262
2479
1639
28
3104
27369
20712
541
19877
21710
7302
13582
13836
27531
7979
512
4652
24119
6837
6676
14218
15374
5485
7804
8525
14918
19639
16797
16489
26692
20401
1063
16095
3040
16099
8309
549
23712
4480
4325
16450
18619
19571
5532
2625
2006
6821
24688
19964
15770
459
3380
9429
6351
13347
16040
22162
6787
4907
10694
2501
1305
8507
26594
5187
10150
14232
6544
6013
8192
