21802
22777
18646
26287
9281
19301
6523
15341
19263
21320
5158
14804
6453
6266
12279
12149
13609
12080
27314
2313
18186
4767
22544
18601
14723
24928
14316
9462
4336
1119
620
27227
2633
15987
21293
4696
9553
26038
1294
16830
9655
1669
8372
5285
12684
24996
5853
11774
4101
7705
14909
8268
6965
25574
25697
11617
4434
18581
6039
7140
22069
25542
7861
22938
901
7519
14812
12126
27220
2323
10002
24461
9945
6780
11486
21567
17497
4731
21704
1061
9862
2705
5177
3971
21910
25119
18344
25378
14099
960
12202
2126
11938
25424
646
16955
27294
7050
13893
4427
7345
24037
22657
122
1105
6711
12686
11055
20057
17044
23631
26181
8536
7539
17337
6489
2535
7757
5681
3223
4283
11135
6199
20652
120
24673
7013
873
26938
24069
1551
16874
15714
167
9790
2278
10953
23926
3642
6353
7964
3338
20889
17399
12141
3846
24806
10989
4240
19168
14545
5307
21847
25630
15496
11430
438
19877
22660
1917
4025
23325
23129
10384
9388
7607
3292
19438
22857
7868
5802
1180
9085
7084
22885
19878
4063
11424
5938
8217
10763
2899
3112
10527
8597
21084
23651
19044
24109
13486
20233
11270
26640
17113
2034
10968
4343
282
13843
7823
6499
6746
12037
11977
14510
23016
21692
11870
17729
19083
2345
2317
25767
25008
4864
2302
7819
12269
11202
21645
4718
11771
11920
6419
17222
22174
24750
1197
7423
8838
6154
8295
24249
9407
20292
24168
1147
11155
27452
8111
25847
16752
11538
24862
6245
11224
10014
20898
4169
9686
3998
2845
17817
19088
16830
4481
24429
1928
1508
17799
11676
20301
17852
1508
7137
21398
21961
8422
26595
24169
26327
12991
13765
549
21308
6069
8891
16240
13053
27110
10076
9505
7232
17700
18244
625
22101
27069
12448
21907
24531
9523
27183
25065
2387
18202
8785
2654
21011
13024
12994
1902
2304
22695
2010
18921
10512
26197
25489
14274
8258
18919
24367
16222
2644
19629
18314
17394
1489
11056
15168
6461
19303
27184
5403
12153
4332
1880
17061
19403
5468
13186
6115
22101
2473
23936
17259
12606
18178
6432
24462
2097
20056
19878
10345
15216
24058
12051
24317
7113
3741
12126
4351
17763
8164
13945
24428
25183
25961
22178
5585
8910
18215
8306
13021
22921
17560
10223
16157
19089
16720
424
27018
14274
3190
25472
25592
21185
18508
7392
412
25007
17042
17994
12
18502
13243
22890
14489
11076
27047
15114
9883
26783
6319
16296
23290
23519
4056
13911
4488
27416
19246
27100
25928
4316
9646
3805
18938
24521
23762
11674
25948
17185
9694
11990
7979
14923
4209
19877
22806
25272
2477
5713
11397
1696
12710
14941
22975
3391
26988
13937
19035
24215
14593
13411
13917
4964
20664
22400
22230
17883
20176
8048
5035
5789
17273
14332
23685
24508
17071
21733
27291
25836
2965
8101
13968
9809
18623
20993
18177
1515
11276
23143
4096
621
2314
5489
19879
14319
5754
18444
15101
22972
2397
19759
11413
5453
21961
2005
26609
15479
5809
18344
19748
3670
637
20208
5527
10654
23211
9656
12783
6711
19274
1921
9445
12756
9355
7519
102
24331
7554
2787
4278
3362
15270
14854
26073
14580
26634
3242
16226
11209
18105
5583
24837
2164
25601
11587
10168
18152
8999
20863
11299
3179
19361
25550
3723
22775
5349
13610
7305
18687
2286
13462
20287
23291
7621
248
22252
4371
12018
18643
2186
19585
23873
15416
17167
22242
2511
24532
2882
9375
1097
538
6211
2919
15369
23126
20450
2323
13817
12689
19893
17423
1447
14334
25754
15892
4876
11279
10762
4587
18153
21920
15968
18267
5964
20975
25581
1889
19028
8742
6058
4620
14279
12377
6332
23659
4531
21399
23120
9497
1705
13222
3145
16335
10721
13901
345
16765
17236
190
9861
21305
24934
25644
26585
1159
74
18868
23092
7258
10347
23022
11662
13831
24174
773
23379
4694
6908
12568
25210
5149
25899
25926
20433
12783
22431
1538
3222
10017
6901
26452
24673
16751
23685
25560
25174
2298
24387
8272
839
21493
15230
637
21398
7754
3092
8858
23523
847
11964
8962
15524
26238
7672
27421
3946
491
20345
11709
24607
23225
18190
25708
21512
11208
20936
7495
7249
2764
5744
1647
11834
5158
21416
8924
552
15651
4631
4416
18081
6462
25691
12514
17561
22310
19072
24141
6160
3686
13772
20487
27504
6206
16937
7740
8230
8268
12563
17884
9399
13586
7791
4669
14680
12365
7356
6941
1866
18352
1436
8253
19109
6229
18144
22930
10062
13089
17373
18673
26267
12406
21788
17525
13485
6043
547
2473
26365
7448
406
3949
1502
5349
16236
26644
22143
12443
1182
14974
11279
17126
7005
12384
4780
7360
14571
24417
11265
21975
10414
21584
2055
9147
5515
25570
18088
23623
10347
1667
18570
774
2602
1260
2077
13947
10158
11545
26794
12734
20542
10024
8575
18057
23052
11981
9607
23071
15489
22134
20975
16092
6216
22749
2553
20945
3843
9129
19521
19302
11601
23546
10035
20085
22530
21175
23135
5644
5558
15670
18294
19881
18349
19782
12944
25537
22678
17073
14894
18706
21641
6975
13523
18718
13458
13878
15576
11506
6438
2106
13836
14673
2956
9841
10440
18049
16709
14292
24057
2561
17023
9957
19347
256
3987
21206
12121
16525
16277
2248
16827
6957
23529
15481
24461
7521
9460
2376
6696
4512
18856
13126
14968
10916
18600
18636
18574
3691
12077
9028
6430
10668
16178
3279
11123
1707
20396
25815
5659
23348
5305
10584
18317
15332
5343
16303
27383
10903
20178
21964
14029
24199
17134
18134
10423
5946
19541
3027
13889
2396
3718
15657
10368
21517
18012
25897
3752
14624
8562
4126
24950
17769
18906
281
25749
5919
15454
7305
9799
26662
14729
7363
8310
22677
897
16077
19150
10877
2207
12944
4490
19639
23814
27105
15706
21581
26010
2845
971
7150
11396
21705
19145
8223
2753
8030
7986
23205
14829
14131
17234
2142
18219
8961
7592
11604
10194
4739
3787
2445
11665
5250
17807
9778
22146
11323
19107
8735
6996
13652
18637
2513
20949
16956
5206
19504
24688
19785
2294
21647
5801
10491
8225
7579
8506
18347
1626
23309
9778
22614
12516
14905
334
2993
2953
11333
25520
25066
6088
10350
18394
353
19211
16994
15351
27265
