16548
15695
11508
27053
4505
16786
22072
16693
606
15397
2035
2946
10791
25491
7760
23665
6879
11940
1569
10019
21943
131
23983
18014
10141
7524
26504
13883
26017
2228
1749
24635
14205
17794
820
6543
6010
4177
18281
23445
21708
3341
1132
6246
19395
16236
24876
6382
12232
3673
22548
10452
13314
2267
12489
13263
5495
12682
21963
15726
23254
19105
22553
18668
3016
6478
1524
11554
13124
15760
12196
6070
6426
26756
26996
7850
11919
20896
4058
2355
17729
6423
14823
22289
6863
24368
9212
20523
19380
10903
13353
6881
27141
21824
13574
20182
22899
7867
973
12613
13377
10409
24472
8328
23501
4195
19952
22833
924
1370
20519
10237
11064
8953
21755
10821
18915
23404
12243
2493
6748
16917
2829
3921
26090
23018
23915
10885
13622
16550
22990
16442
19148
6928
8753
24061
11855
1560
26550
7686
16216
9075
8116
13972
23204
31
22061
22151
5071
4963
9095
21034
24018
21845
6974
25061
13429
11883
21867
9228
12817
9076
21122
23184
745
21435
9902
6896
6635
11849
19415
18373
17719
22296
12102
525
3178
15290
14147
17329
3132
11644
10347
26024
13004
17736
24653
20590
2233
20113
19750
1925
15419
25808
3158
19363
20447
26248
27191
1808
16955
22113
12582
7080
13593
20507
435
439
2989
7874
494
23248
6698
15337
16835
4565
5811
27501
19870
27110
25362
23529
9025
1445
13977
7826
20060
11826
24826
13444
23678
23511
13454
1723
24074
8970
27357
22831
12832
8241
11578
13024
14394
25239
25839
4828
7472
22515
2603
13954
11722
2361
8921
24466
26450
181
27555
25586
884
18713
818
26771
15186
6631
26205
17275
14403
16265
17820
3038
16157
24476
25065
17193
14071
4138
21112
8504
18582
20848
18384
4402
11804
16143
20444
2435
5102
16067
11631
5904
17568
7635
15415
18791
2905
14481
10201
2434
27536
9184
22322
14023
22827
27457
20436
21180
26569
11177
19529
16526
6300
19877
16989
24538
5145
22722
8097
23498
15413
17318
12800
3527
20295
250
2498
8923
2219
14900
6300
14369
11345
9752
4390
13755
24753
15256
24002
17482
20238
12812
25875
23948
13166
2251
27081
18561
22679
15279
16339
25078
16873
27024
1676
1644
12814
8862
6347
6798
2265
2839
21690
8483
24517
8781
21557
24239
8278
16412
11823
10326
20301
24412
2586
13246
14323
14896
14559
9948
11630
25679
13491
27426
4762
14779
16850
1531
10927
13313
17199
9160
26666
9642
27498
12861
23950
915
20100
3382
9216
5562
4608
21707
11345
6763
17693
24347
39
7493
1082
13529
24534
78
2023
11250
9917
4429
4174
15279
21024
22272
10308
27035
11161
18920
5514
12564
187
24639
27081
22244
7139
9405
5968
12555
25911
15980
12452
13617
19963
4047
23148
19565
11280
14305
13091
7856
200
20958
16221
9481
27120
9265
27423
1189
11672
24128
20946
18743
4694
3565
23388
17534
14306
20639
11564
17434
5775
23600
4723
2345
9348
12556
1406
19515
21082
13688
21146
1564
2799
23654
2190
6676
22977
8400
2637
13686
15068
9284
26818
1559
1574
21383
8310
24113
10585
10781
9265
22700
5978
16912
26810
18267
9031
18025
978
11898
4193
27554
4034
2810
2136
14198
10957
8599
19791
18597
25091
12899
6990
2177
6784
3709
4167
1089
11212
24119
8648
3051
22983
6589
27317
23308
15157
5153
22198
5456
20828
4437
466
10140
23973
11218
5285
7410
18253
13330
12822
17216
17306
18804
3701
23591
25404
24412
7011
7739
17334
13672
16265
23553
1459
16685
25211
21170
3544
26536
1519
8724
17006
1614
18097
5693
14882
18856
19439
16333
8180
9584
21123
11794
19533
16043
202
22732
16296
21557
21502
1423
15848
742
26311
18855
2153
9306
2276
25065
25353
25860
15746
20423
5460
5333
17834
1044
2308
19211
963
8020
2785
11295
19102
9068
13062
15525
3235
15039
13438
18526
10285
9073
11324
12215
22590
13201
4188
19078
4414
11618
15445
21993
6404
14744
21621
13726
20193
11366
24413
15718
26966
11238
26389
20285
19354
12515
16599
22258
19089
7755
26200
23363
20689
12912
11859
4233
14505
10927
15286
26414
19329
18805
12727
765
14231
23884
7779
1043
20355
17199
3916
15263
22677
17201
1863
26551
1401
6293
16433
19672
10382
25617
12806
23606
12721
26876
19973
23931
17453
1682
6683
11996
14594
8097
12083
5173
9057
954
24985
9019
20071
17082
10901
6006
21245
6974
1185
7509
11792
14784
4221
8376
17067
4619
9957
3807
19491
2215
21422
11381
24796
2965
21841
25821
25152
8738
400
775
12747
1744
18060
20143
14504
13959
5831
12919
5063
11931
15431
26028
26472
26113
20192
4833
483
7356
13937
25132
3609
9804
24762
10515
26432
3895
2015
72
745
11032
20652
7399
25196
18682
18858
24412
5041
21081
8702
26653
2262
15327
13520
1179
16574
16774
3848
4226
14878
9435
26791
26387
24305
17935
21444
12957
27043
1055
18577
13290
25001
18408
13493
25478
21946
18965
1435
2500
508
2506
11710
5757
10982
12210
9195
2976
1354
130
8189
18207
23992
21628
2421
2723
20916
12509
25876
16296
16214
1617
27423
17618
25505
20162
24085
8606
26662
11825
13678
13441
21877
21294
941
173
15506
16192
24268
12486
2140
2835
12000
16767
2886
14897
8481
12579
12338
1837
5942
11245
2650
17074
25061
15
13328
26223
26007
4234
24680
26016
8020
27496
20949
26270
22627
27460
23417
7907
19545
12845
11164
10762
7993
8105
3750
22513
16302
19010
13607
17127
18875
18428
13937
1370
10668
4727
17035
610
10117
8207
12212
15330
14391
17064
14532
8366
23134
24601
19847
4435
19283
13725
14652
3761
14295
20014
351
1271
12418
6159
3451
15425
24637
20292
14576
21249
23839
26177
12147
21296
16022
8222
4694
6654
15759
24139
11728
7860
27121
2810
21114
15076
15877
25752
16597
1834
435
15116
24417
15210
23678
4214
18
18395
17530
15855
9693
23020
27254
5637
17988
2782
19179
18508
2094
24906
17642
21271
7559
6983
2531
14282
21175
24417
22171
26081
15914
23105
13305
7536
13277
17591
8665
13532
7231
6328
13821
11420
8414
21041
204
4648
19338
20820
18785
18548
18015
16101
12624
5633
8
24036
10756
18512
26796
24083
852
20688
23574
18554
16018
18377
2652
6609
