10426
1768
18513
15364
9039
7675
14811
20602
2279
18261
928
25927
1069
22782
14421
9043
16603
23868
1212
5788
27400
10933
6608
3504
8743
3976
5331
23768
20978
13255
715
12436
12234
26483
4060
2816
10353
10741
25044
11553
13604
15351
4357
3104
11376
12696
10562
22787
17314
10804
15382
26992
6349
17425
26157
23478
7558
5829
6337
23273
3275
105
10841
26245
7093
11925
1157
26771
8103
15121
1941
15376
4174
6123
21143
21835
11067
20667
23876
21757
12371
1249
14507
23926
23585
14645
14405
19756
15994
15953
2991
2934
16679
23893
19405
26579
23023
9435
7957
12589
9554
6232
26945
3760
1962
10036
14900
23029
4233
16936
8221
8598
15870
18097
23570
16819
6246
14763
2486
15605
14633
11980
8715
23599
2921
1318
16478
16968
23126
6256
5705
18258
14947
25840
27337
17982
21349
17107
19715
14281
26602
19393
20671
15811
6138
1377
23547
5572
23873
24212
24213
22049
6699
20329
26671
18438
25217
5135
6406
9914
16825
12633
25708
2967
17033
2013
15700
24209
10960
7040
177
1996
27071
21483
11280
9404
8741
5256
6203
39
12898
376
9244
19937
2910
25930
15388
3262
19275
5677
5945
11367
11028
7031
10953
15807
6552
5172
14146
15354
16382
12882
321
6174
16124
4363
16446
22137
3252
23439
23700
14821
22249
646
21567
15529
12311
3534
7163
13463
14637
11745
78
21236
11549
17991
23538
6555
6288
4198
18384
8527
2104
364
20486
12330
4648
8024
23432
12322
27406
14103
7074
26020
19479
4442
7209
7375
12489
445
17829
27544
7193
26865
8598
7112
19797
23475
12655
14400
4984
7640
21745
15441
12422
341
24410
2329
11062
25531
27357
19481
26616
24856
18622
2599
19360
5856
26875
8241
16226
17584
23419
16454
20442
24555
15467
23320
4113
3531
1216
9211
7713
25677
27407
23284
12259
24776
8042
21495
26596
6292
22788
17763
2187
21634
25828
18259
24680
25441
24507
16551
3565
23541
20960
21342
7584
13689
6788
1729
11899
10069
18104
5164
14814
20004
2100
18185
22838
19889
23319
393
281
17280
5467
8221
26203
5529
14382
11509
12758
10392
7623
15803
16797
4723
21704
4015
7735
18707
8397
14905
24066
26247
27189
19623
1717
2211
15463
15625
8710
176
2700
20638
10524
17403
25729
5038
17283
7007
5402
17386
21934
19212
1904
22599
6313
8810
37
1063
12601
11370
18658
26013
14999
23264
19432
20773
21046
74
230
17108
6107
12302
10775
23184
3018
23409
21326
11309
5313
5084
18344
19624
20568
4958
4164
22649
14978
9580
18488
14543
27479
2806
16829
7144
20310
17646
6365
2905
5892
23498
1876
12307
23724
4758
6432
2889
659
5794
17128
13608
1725
2894
22773
23379
21902
591
27023
11562
22904
905
11328
25683
4374
16007
1847
13373
23889
1264
7649
22801
20781
9351
1955
8114
8258
23000
14022
20271
99
6014
7634
24662
26775
10964
577
7255
1979
8383
18359
6162
19001
21668
24970
24864
19366
549
24048
22823
9238
22062
7287
23511
15399
5120
654
11221
14321
51
22530
19816
16751
27283
18085
14247
22849
13621
25026
26921
2712
2892
13251
26481
16431
8864
6800
26192
6760
11925
12192
435
10705
18397
12481
3390
3935
22617
25633
10360
15991
4875
10328
4681
26734
7482
8485
15474
11506
978
2059
20008
12678
12061
3081
25474
27004
5383
2002
43
17963
26332
17854
20166
16027
1594
4098
7578
25404
17024
26569
22172
13761
23094
15818
11750
11579
3789
23819
14948
26787
16947
27187
14940
2583
18589
26396
21302
1212
15687
15954
14305
23874
13735
14523
14627
1433
10111
13887
26928
13278
14758
5802
22500
19190
23017
18695
18339
23881
17343
11430
14756
13867
8520
25318
4882
385
15538
22410
27037
22658
14914
13041
895
17986
25484
23884
11734
21974
22757
13411
19897
717
25487
4127
23005
26727
14162
118
4341
17738
1274
10013
20269
335
19971
543
24555
14868
4799
12608
15519
6054
21781
13031
335
2749
18201
13949
2343
6793
174
355
24734
27531
10582
5527
16933
17490
20782
2982
12640
10790
7457
22151
1671
4842
22521
6905
198
9592
22869
26522
25929
12987
263
17876
22273
14061
607
4371
3877
6269
19983
23695
11780
14599
8575
4641
16230
4614
20652
664
9474
2058
13014
6741
10011
4314
579
10459
3785
9257
10824
667
23738
9875
7834
357
25748
9077
4353
2930
12371
452
14926
19944
15663
6598
7601
25153
26433
2578
24030
10475
17656
10619
27160
4615
6792
21691
6696
12235
6120
25123
2313
1709
2934
16855
21442
16972
14548
25369
19366
18702
26671
25457
12807
12731
7665
8218
23792
4633
18309
20911
6117
10350
688
7367
7870
8928
12561
577
9891
19127
9310
27036
7284
22823
19051
2031
4709
19894
5287
8581
11731
11938
20028
10688
2144
19535
6863
11854
20882
7812
24853
21918
7218
11293
14741
2303
17835
22260
23878
3756
23755
2852
14251
16931
6543
1777
22347
2031
1187
8791
5796
9250
9768
9721
27555
25713
26680
8788
2189
26956
14799
17413
3219
7891
26688
4988
1478
2080
14389
11701
14872
22161
13554
24888
6215
15501
26769
17571
18349
11808
327
18291
15728
24856
15755
26372
469
13634
5940
9639
19296
6457
5360
27145
17440
10763
24928
5375
17500
10762
15607
22239
11305
5227
22217
13448
5285
13422
3006
8960
6689
25081
15763
16515
20580
11057
705
1975
20105
23486
10741
24264
11064
6369
15519
18488
4806
1999
5562
1493
4078
15233
2507
8924
8031
3887
4166
7716
3770
2568
16966
23866
18682
2051
19206
3889
2380
11447
1640
2707
605
17952
26276
22077
11446
13800
26619
14601
26141
14414
20609
15988
21078
27539
10919
25773
27175
7065
26344
13812
7428
97
23513
14810
27031
20494
11514
6921
17266
18702
20724
15595
16513
4837
4642
15001
14366
1334
21873
3151
12702
3342
12674
4402
11979
14030
3507
27441
27493
16116
11940
25539
553
11217
11091
8948
27248
22778
12384
5043
19103
2100
12437
12044
18555
25576
4611
435
11259
146
20793
17929
2482
25327
12018
25544
12904
22112
18837
22591
16819
12587
18049
10119
26984
8084
969
16156
153
20269
8405
26294
1362
5621
22642
2866
1685
4721
4657
5945
10646
24544
16373
26437
13034
