27293
19756
3377
2881
11501
13687
7023
467
4801
9828
26907
6425
5973
15754
2314
10525
10490
19832
23897
27204
387
9881
23938
24928
16174
18034
9939
16425
25535
17113
21983
5324
11689
13448
23250
26680
9658
2491
14434
6319
16267
15194
4081
22882
14655
6333
17093
24067
6632
17113
20601
27495
8301
3584
15399
21960
25016
20232
24023
4513
10189
16501
17490
9569
16984
8725
8958
27258
19912
12919
6739
21022
7012
1814
5891
24617
19424
20566
11289
736
23232
14173
16548
26872
9261
17261
1239
12803
5463
2367
19739
25930
22492
6300
18215
15108
5796
9161
7113
23475
26960
21107
5401
26868
3599
7448
6774
11601
10132
7585
23406
24774
16219
7071
6233
1239
10639
3992
2422
20537
5784
12433
12576
17558
26732
26508
22769
22997
4389
27196
17118
14321
18684
20051
8225
16777
23625
5742
3683
3363
20577
18054
25448
425
23282
6269
16382
24021
2409
13618
20290
4042
342
18950
21506
1712
9897
5528
23966
4244
2685
10806
8625
3566
743
7919
19290
20404
759
1822
11774
11333
5616
25026
16884
12855
17618
5499
10444
8399
5732
10267
21330
18002
15891
15141
16562
10375
10142
8348
12065
670
4359
4255
2176
22270
24989
20454
20840
20629
2580
24129
20583
2235
6584
23001
5357
26475
19487
4878
883
13488
5262
3949
19413
27490
3225
6367
6755
4537
17566
18416
2628
12066
7780
9614
2137
23869
22711
6894
15270
798
10870
15350
22469
18419
15331
26193
12322
189
3214
20631
26617
8735
13016
5304
16826
7135
22345
2918
20047
16948
10189
3491
2474
16373
18200
541
18497
9208
3989
11295
18597
23098
2696
3367
11051
14715
3266
219
13594
17739
16722
4150
5226
3068
24588
12745
21777
16029
7572
25205
11987
10266
22083
6269
18041
10784
23017
26335
19290
9727
12386
2323
8178
18979
14877
17061
22113
26136
22091
26253
7661
20832
16010
27145
24169
26591
24706
2600
7675
435
25038
19441
23841
5706
26289
18053
9711
17868
464
7193
20885
27007
18675
12281
25849
16439
15733
20184
24264
14485
3348
12925
15673
2448
9301
27031
13506
12057
10418
2169
10636
26596
20214
5235
18582
5014
852
12473
12672
23375
11574
15855
12546
13137
8046
9586
12608
4815
26733
10231
4365
6543
5444
22921
25971
18159
22960
17345
20168
21213
14396
27258
527
10607
22726
2718
5685
11993
23357
17654
3815
9415
16962
16520
4577
10841
16316
24163
20050
15083
16166
24706
15828
10726
1630
7706
130
23710
19760
4729
13302
10590
10972
3897
22886
24811
14792
24435
15385
1566
25551
3913
16956
23514
21962
750
23846
3661
16033
9614
20704
23948
2093
7959
17074
9689
13772
7987
24504
26754
23924
8992
15026
8736
16438
8756
8898
11991
19293
26164
25386
6113
15644
524
20656
7584
14048
5212
22637
10794
17594
15356
19050
22161
6619
17724
5029
12157
6668
23121
19132
16670
7337
4031
15185
3416
14404
27003
25570
17525
24372
17108
13200
1204
16720
2962
21491
8639
12835
26246
17205
3030
5620
10762
8583
27362
4363
6047
21428
16053
5492
20837
865
26584
1920
1110
7293
17231
12759
18568
21268
27095
3489
9427
12022
9172
19932
25112
19012
21049
26136
8162
17050
14241
9509
2422
17765
21488
6954
3625
20802
15202
25975
13464
26632
16137
13885
11834
6061
8527
25491
14073
1271
123
26445
23470
25992
8731
12415
21063
26054
25924
14506
3223
27509
19262
16323
22095
14885
2239
6654
13295
1378
6035
4340
11251
17906
27486
12443
6371
491
9868
2918
9445
26997
24467
9353
11977
7102
7709
7747
1052
785
21294
21534
6380
11984
1279
15591
20779
12223
9947
20601
27544
2765
4111
2253
18205
27218
3071
26468
24708
20937
18168
8686
5351
1732
19936
25456
7699
24207
6614
22282
15160
10605
817
2921
19832
9295
10862
19277
5141
5507
3088
21415
6712
995
11407
16982
18903
15912
25306
5572
7512
12872
236
4863
13134
12738
7085
26228
13733
10877
23011
26357
27222
12035
8788
24798
25202
12548
10180
25060
12825
3572
491
19900
9560
11614
1377
11328
5382
14664
16631
3780
9281
15773
9944
10344
16774
13332
17128
3287
24525
8634
16355
6936
16237
2032
19188
25055
26039
19965
8111
323
7626
25929
6085
3384
12871
675
6433
4485
21632
12373
12490
6359
4269
22178
8379
13261
25025
2549
4745
4118
12538
21024
26996
22599
12840
1791
21282
8826
24388
14361
367
1771
21714
2864
20968
20096
16801
4402
8784
26789
24599
19418
20588
13226
25323
22471
4390
13629
11936
13267
11625
8730
15053
9520
27305
10979
1813
4409
2473
16947
10525
15919
17048
20895
13194
6327
7367
24345
6901
11790
2944
8095
13365
8242
12094
24555
14585
4584
17295
14561
10068
7632
19352
21155
474
8824
5673
26172
22495
5765
21650
3821
16358
2392
19891
1712
12299
18566
5339
14012
18501
17267
23134
8447
20697
19877
1580
10443
13721
12903
24496
18326
6532
15944
17111
19651
17615
7561
18751
494
1260
4081
21293
15816
22712
14217
12285
5072
23256
25706
18301
839
18597
18287
12751
25960
11805
9647
20861
14662
5421
26801
19745
15038
9382
18045
11366
3223
27410
13736
11333
27209
12829
9460
11574
18675
20801
3958
8409
3836
1337
19708
15770
13710
18319
2020
3198
6113
19928
12072
13589
14294
14025
12036
1208
2311
3064
12381
27412
8921
21704
15697
654
1417
14388
16549
11143
23256
20894
22962
11433
11648
15871
1735
27251
6932
26847
19053
976
16491
7643
21461
15746
14662
9075
25091
13648
7838
9277
3124
15891
25208
18378
20575
6653
26416
26608
12116
22840
22748
7290
5813
4275
9118
11755
2313
7539
14774
7349
1655
562
3702
26118
7036
23851
4800
8219
9011
27456
21183
6854
25317
18040
14332
27057
11764
14620
702
8500
5749
14567
22667
5894
4152
26048
11069
8195
11296
13261
10898
11824
24749
25573
4581
1035
26863
3794
13166
25703
7830
17005
10465
7301
17209
7102
21958
16673
15030
10739
9621
5310
16860
4781
26596
20068
4195
1769
5730
4063
2736
11406
23795
5567
1305
21653
3334
4021
589
23953
2298
11207
5665
10785
24152
18730
10166
26848
24349
15473
23908
1071
835
25985
2204
21517
2211
25406
13283
7060
3069
17656
20641
9150
