6321
15299
1879
4499
25497
3329
12102
5460
26386
15490
22471
6345
9130
516
9082
3062
10847
5596
17872
12182
24074
17219
27367
23859
5127
26579
7119
19450
15702
9435
19395
25691
7973
14415
3217
21115
2323
855
2245
23559
2151
22340
23279
3077
21508
11143
22758
15730
184
12309
14859
23463
25120
20971
12180
17297
25280
18126
18151
9908
14039
22797
17100
7521
13249
14974
22918
14984
6651
913
25937
6167
22096
15121
7735
6269
19588
25459
25179
21770
6199
14881
24204
14938
4209
1009
895
21600
3276
23603
18712
25505
22417
4487
12928
20390
26059
12484
23061
12874
13124
8796
4707
13082
22513
1931
24604
19357
1133
3136
19450
26692
12143
9254
18937
24762
13536
1642
21349
9332
5310
16994
25071
4546
20849
5777
14145
24111
9222
24746
20742
11888
11306
6352
6334
6216
26459
20183
14988
20130
520
10572
3570
9000
2659
4484
6572
13789
11033
12444
13816
19666
6023
19471
2580
2248
13521
10849
19807
27044
26734
8371
18039
11077
8005
14288
2568
1690
26416
311
24921
6611
362
12693
5836
17137
21269
7119
17153
5582
17837
9031
4974
24873
4240
12343
20147
6573
26345
3574
2989
17623
21799
18878
5552
16643
27162
21929
11500
16460
17640
8634
22113
7081
5896
15444
22561
91
4450
27164
510
25294
14538
11717
9310
25067
9118
22814
11333
13114
17149
15689
3494
456
27326
18200
13324
5879
7572
14799
24322
15393
1264
358
8563
20422
2719
10709
4840
4432
19642
12561
8037
5160
16452
16569
19156
7139
7717
7385
25725
18714
17866
10003
24560
16401
11489
18058
2026
14498
3214
16172
5484
287
1407
23674
8939
16139
27174
16721
9660
2265
23775
26027
18720
16278
3255
9968
26834
17346
10364
6107
16800
6671
23629
16728
20499
10615
20074
8402
9000
17073
23482
1328
17791
14232
7650
20748
4554
27453
16205
20868
16182
7946
25227
16941
7370
15016
13969
17034
16592
9471
4309
20937
4846
25568
3231
14680
25454
7617
11712
25609
6722
11544
7451
20263
23408
22716
2933
23193
17350
26017
8088
24223
12183
24325
5017
26281
25718
3660
15997
22945
8212
25268
16384
15617
18626
22535
2551
5431
13812
8922
6169
10226
23105
9244
23814
16887
13466
22807
25629
20867
13947
2689
12631
26467
6352
8535
7534
9347
27237
26675
26431
22303
15142
15519
6566
24761
4577
9687
19951
6910
16962
13867
12819
6103
16955
3262
1810
4050
20822
15534
518
6776
5705
15023
22188
18183
14791
3995
20202
14831
5529
18301
2037
16873
24674
21568
22726
22679
8917
342
7423
1327
17397
18088
23741
17980
22749
13568
24543
13095
5658
4041
14558
17191
5969
549
17802
19816
9676
1935
18888
11951
5352
27375
11223
712
2826
17415
3043
24316
384
11977
119
4052
375
13376
26652
1181
15001
3155
13933
21498
8651
20666
13698
4129
21471
20348
18949
6390
2689
18294
456
12243
15121
5009
15293
8491
15297
26470
24087
9594
9661
18812
8392
500
12453
15883
11706
23311
20757
4073
23926
19639
5799
16045
22286
18272
13177
16747
6677
24346
20103
3009
14359
202
5400
25052
16514
15033
23725
11759
8320
15056
25587
9165
21382
19224
417
6154
2792
16556
15079
4164
9355
1676
21704
26613
25403
22776
3499
3940
3643
17470
16477
13345
17011
20658
27018
2314
16863
17804
5487
25714
11127
5077
23314
6601
21248
27370
21518
2875
21122
17929
7873
8072
26921
5998
27446
107
18269
2473
27414
2192
1204
5123
26133
4729
3927
17786
26596
26799
3093
25150
4399
12283
23495
22272
13337
6342
10891
5837
10717
8534
18191
12491
482
2318
9390
13904
22113
355
9441
25861
7924
24615
13948
1018
15419
2847
9992
17295
4491
16158
11100
25890
3636
6766
5808
7110
18128
17988
13269
23946
959
22781
6766
12816
2191
2799
16653
9524
1949
26405
19898
12073
11424
6433
15152
15375
16098
6066
26680
11902
5964
5811
24544
25970
8988
19236
18534
23741
1026
11635
8000
20107
17011
24627
21440
12437
4140
26599
1199
21431
22365
22142
9669
27251
1759
3426
1309
7627
901
16841
22367
18858
6510
6118
24408
18754
10696
25678
6051
1803
21374
5708
18115
5248
25335
19661
18649
3975
19177
24258
11081
9859
20376
8897
23284
47
16764
19703
7545
14271
25379
8021
5362
1219
12895
17607
6192
22960
7918
24225
9946
20003
27065
1854
15060
14521
982
3944
15131
14660
13305
17434
27297
17203
14707
10670
227
13868
13544
20071
18860
20335
18499
5362
14733
3907
9346
5495
18708
16968
11259
20179
20082
14663
17583
658
7022
19349
12075
13842
18709
2972
12277
1107
16160
2485
21271
2176
25065
20830
11747
11754
18859
17222
7533
1820
16565
20777
13441
26187
13556
25855
17516
27335
6590
19285
20335
10429
2099
19094
7359
3840
12670
13773
5510
25940
4909
20573
2990
24677
4909
2300
6935
24507
10702
18673
21528
16689
3967
22202
12128
6602
27401
8236
25147
8249
1335
2962
12967
18188
27252
27404
27100
17121
16270
4966
19509
2986
2177
22567
6036
23171
2736
27519
24362
17412
17550
24479
23589
24796
22372
886
5433
10920
18560
16085
6118
9396
4244
7503
2111
13201
615
2936
3260
26599
18557
2819
5031
25319
26596
21526
20990
27319
10413
27250
1108
1839
17688
9254
23066
27448
1105
15802
1517
13403
10048
1640
27516
4345
15663
8099
6047
137
4803
8602
9951
5442
17555
10124
18182
19822
11580
1408
20545
1966
14176
13060
19472
10617
13535
7181
23403
1642
2989
13223
21789
16573
2014
14077
15737
17899
17751
8033
19310
13330
6417
25609
2392
8034
11291
9063
21481
4568
19573
9609
4934
10845
9613
18122
10988
253
5414
16210
9690
12901
8699
27040
11475
11781
24879
16910
17610
20606
1924
23814
2806
8039
18347
7246
24012
10337
3190
2354
8811
162
27249
4593
24173
7104
22822
25690
12871
9700
27079
7711
24819
25712
18976
21506
12510
22185
26778
11101
19822
26837
16157
11395
7085
23164
23659
4172
25062
12187
20470
17723
11678
5368
24987
12783
3148
14994
16533
8712
25091
7520
17893
7575
7639
16275
11849
24373
5979
27447
5274
22934
1252
20508
24896
13167
17997
9633
13822
18224
15966
22707
6217
12095
11540
5131
2940
4377
9774
25302
