20355
16321
11666
24838
19275
2323
22965
27344
19167
26509
25065
25654
3275
10070
24916
12979
6897
9275
12701
16238
24197
13267
1269
10468
5392
11601
9716
14194
27159
11006
9258
7489
4881
13766
3745
20848
19783
10793
15109
4292
12206
10476
9560
27164
26883
17503
15256
17997
26564
24361
17587
3063
10336
23179
20914
13715
21226
23030
8766
27345
26139
18666
828
9624
13515
27298
10648
20751
27161
27425
27061
7546
24770
10758
5000
12389
14254
8580
26068
14733
7378
8169
10823
6373
25060
8864
26118
12078
24143
26249
14178
23559
14874
2596
6902
19348
2654
14873
22364
5664
21444
10926
24050
19206
4405
18316
17287
9187
2254
11356
16102
6602
4723
8525
20315
26798
19240
3007
2327
4033
9336
44
14591
25945
20162
26786
14466
23979
25967
3867
4026
22725
3585
4089
24512
3949
9364
6129
19435
17126
286
27491
7900
11473
27404
21266
14294
6238
5568
21940
22604
12185
22711
4064
16007
24188
24274
22560
14129
13511
3592
25505
3345
859
1034
18595
23228
22104
2424
17512
9719
25881
7083
1562
22190
20152
477
16153
7052
6742
1022
20874
10483
20071
10801
22270
6731
4522
8442
15432
17770
20043
25670
25827
10877
16787
16575
8932
6306
21593
22353
23775
8948
9463
3437
18136
24947
12091
13971
21444
9757
26653
4238
5916
10849
11662
8342
25680
22923
20258
9439
8886
3495
24135
9472
7500
15493
24803
10508
2184
20551
11547
19856
20317
23996
26596
5405
4339
19076
25314
945
6299
27367
16812
8454
12885
268
2114
27441
131
25267
23546
11545
18253
17425
18044
19995
13467
6574
801
13981
5491
16530
125
4088
13230
23273
5390
11188
16916
24691
7700
24774
4159
188
11044
4259
15652
8085
4453
12085
23891
17578
16098
15006
8933
188
22831
26172
1177
11123
21367
15210
2244
26369
11335
3109
4336
14145
15231
17665
18058
3225
2140
15753
2583
9468
19628
13478
4035
12792
16875
23432
13769
19206
16120
1257
13407
8463
20412
19177
21548
13049
1039
8413
8161
2151
15035
5012
7020
26993
6940
21571
23311
23609
11376
21021
1999
7395
4279
4017
20235
9918
4743
3200
4287
23279
19421
4538
7173
20568
21861
24255
14911
26586
12964
8291
21210
9651
17085
7655
18301
22553
274
6577
22996
9065
8335
25823
17636
7020
23372
16863
11129
2416
12712
2913
3533
8674
17625
11323
15806
6291
3156
15300
8166
3400
6827
9801
12772
7906
27387
12845
12533
4554
7394
4721
12884
16717
2356
22801
21861
17555
1510
6352
10180
12398
4505
13950
15495
11553
23369
25855
21537
8615
10918
16048
2177
17473
13481
3859
6750
1334
25101
13536
2543
3071
22585
8093
14677
11950
477
26112
26446
22499
23986
9831
25962
24515
25586
8356
980
23965
2305
22218
9125
9299
23595
11596
8382
25264
1215
11380
22750
1177
23059
25439
16181
2782
25004
6469
6571
13381
9743
21849
5314
7552
20874
24660
2002
16373
14412
27086
15238
16373
18702
15972
14290
5643
23587
8656
11101
26743
20435
14154
9184
6530
23521
15903
18674
23546
25086
9248
21329
8181
4657
17527
19920
14667
10199
20074
16516
19603
8886
12674
4134
5459
14167
18792
14767
25030
20886
5648
23612
1654
15025
2329
3552
17033
22358
24911
24411
23974
14954
7671
1226
11472
4436
22723
19556
22177
19413
12312
18682
18307
18788
14950
23170
2617
1260
16223
26596
9640
11455
5760
10577
2644
24782
15265
6499
17491
19195
3970
20733
12691
23483
7146
12576
7938
879
6305
2553
23483
10447
17999
5183
20113
8478
12344
19362
6430
5054
27045
22371
6375
15101
20805
3891
21785
7215
19106
665
6737
25086
27156
22878
17775
3535
11638
20937
19100
17664
26018
21496
11587
21790
7194
1185
9205
17526
18372
14400
4989
14044
1419
16486
15506
27002
15293
1698
20293
12565
5451
12554
12824
21501
17321
997
25505
1368
5660
12461
14763
2310
23115
2438
2588
8862
9059
14991
1538
9451
24280
5145
24412
15219
2607
8793
16539
25256
24924
6498
21028
440
10385
7209
6313
18494
16562
10714
9082
22290
14911
4157
25196
5228
3990
798
14072
10955
2754
12084
23241
27402
26989
17520
7365
8310
20620
10637
18259
1483
3685
13036
262
20437
11800
2719
19467
1105
22166
4008
4769
1614
6055
26138
18529
14329
18597
11577
21280
14676
16127
17830
18782
24821
27508
1844
11558
6076
12712
18846
11504
9412
993
24654
19049
22483
3510
7347
9607
19226
11156
19123
11506
6021
7119
9378
4208
631
24807
5086
20331
26427
11663
19910
9807
12271
10096
20616
23359
14730
17943
21681
9573
11021
5297
15096
14041
17115
9271
444
14041
5295
8199
17948
8577
14208
13010
13226
19403
18820
14504
6180
13534
15088
16211
6563
8000
21279
13326
16082
501
11631
6234
15774
5170
4520
7390
26883
11507
7673
3239
8898
25056
23627
17963
10821
10311
3368
18301
6677
16454
10788
10956
19911
22170
7977
23301
26526
8537
16905
675
15465
20246
14426
15413
22580
26360
19556
25077
8369
26202
9033
3240
22032
1369
3468
7036
19226
9071
3825
8093
11515
6014
11413
18157
17068
17335
10641
2989
27472
4594
13668
9232
21358
18831
675
15491
27055
7517
19365
2323
13681
9537
8499
614
11466
26405
16424
2673
21020
7198
15086
11375
11174
16908
948
16994
324
18938
12596
19295
564
18954
13816
21540
1204
4927
16101
5016
23587
10051
10956
19404
4279
2314
23292
22686
15842
705
8769
5546
10537
4036
27051
12397
14864
549
10185
18167
27053
24643
16846
14221
8908
17670
27467
15798
14167
23321
5479
2033
14441
24282
27253
1065
18146
10743
7651
21906
18301
18948
2476
252
15937
13294
17866
664
6249
10366
2217
15336
22837
7706
17119
17354
6352
20511
8227
26509
19347
10702
10768
17647
26847
5355
23584
11815
20865
9768
17833
6442
20097
4909
24197
13821
21053
654
11958
5421
2872
4128
17882
9917
10091
2505
10188
23694
12932
17170
10596
11396
3311
4040
21683
20610
27058
22162
2155
16647
5342
24376
12616
2323
22923
21382
10320
27417
2158
24466
25454
15627
21824
17156
3978
23671
19596
14915
13664
26923
12080
15748
1745
1712
18915
16167
16606
6729
1485
8248
17216
26131
13078
19386
20335
2392
26318
7081
17697
