17893
23143
5861
4414
5514
1143
4676
18204
13191
26014
11262
23614
25882
18415
1837
16516
6705
10458
5593
25493
15874
17662
24018
9970
14126
2254
1684
4547
18041
10906
4104
21129
19451
21324
18527
27447
15055
16910
18554
5155
455
21304
2445
17100
20156
22653
21217
27044
5978
14765
17362
24590
6485
18101
23348
18806
22847
8037
11066
16810
4300
2382
18279
15798
22754
19374
23485
15037
8887
22086
19146
17355
23571
4946
20312
11003
3982
14060
2084
4803
24686
6645
7979
854
25595
19690
11649
10919
10227
27126
14076
18611
24331
3220
7951
10739
22272
23926
4399
8140
1027
16587
25627
26903
9980
290
27187
15848
2863
17383
20693
24746
25580
1962
17128
19397
1144
1096
7120
16820
3138
23964
4842
23706
5286
17617
9099
25443
23992
26566
4025
13480
10127
23403
15818
2362
6200
6653
15950
10687
3737
6862
15745
12877
19515
26434
12427
943
101
19766
630
5216
26126
14116
12405
539
16840
12855
16020
25233
4437
22101
1506
2704
26865
6055
1909
26902
24152
9389
5198
5808
8720
25840
1854
8300
11245
3286
17394
3152
124
9034
2388
14620
16860
20405
4273
1101
19927
23118
21977
11025
18240
16831
5329
8046
14499
12023
26682
22698
23031
7705
18410
19388
2948
18597
26564
9418
3103
4666
21316
11531
9720
1858
20897
7080
11057
8997
17176
13916
23228
13344
6702
26242
3398
6219
21272
12139
14558
3239
3481
19532
10442
16205
19488
15387
5500
7118
11503
27452
12694
8710
23308
9528
17689
15481
14518
11037
13816
8608
5849
26955
6719
20043
14644
15039
3316
18336
6956
10167
17377
17422
19062
26161
23558
21530
21663
16403
10443
24787
19709
24113
14085
2708
26480
22170
1605
324
21752
18244
3647
19365
22436
27204
4439
25445
8632
5779
2622
23949
6005
16993
25852
4942
23273
21321
18066
26290
19935
16888
7028
14379
2916
7616
21282
10709
10604
24782
27124
20819
3063
11442
466
8147
10870
11333
12481
26648
7062
17327
12708
19614
10628
10901
15331
24798
174
24377
4313
7026
14240
15075
618
9397
26724
4856
8854
11700
25542
14911
17562
801
7003
12517
11701
13447
9433
2035
25306
16207
10493
22106
24574
10686
15848
4369
22912
2980
13008
2233
1138
27159
22039
17572
19365
18161
6139
2024
18969
15086
13698
16811
11374
10955
27360
19546
4947
23677
23865
26434
11240
10644
25689
15375
20858
13764
15754
11957
18454
481
1558
13411
23965
14879
8886
14730
24953
20039
16380
9290
27218
24542
7183
4594
4053
24322
25583
14325
3829
23054
8897
8239
15671
10865
4567
17077
762
18796
19352
2476
18955
3158
6092
21980
24705
10641
26793
8162
19007
11790
17435
23512
26937
10294
13030
16787
14207
24106
13969
12977
25558
6516
16197
7400
1803
19830
2361
18293
10198
12769
25953
7448
342
15904
9917
1999
6031
26075
8637
25085
13705
25951
6737
9965
4226
10678
8754
17389
12496
18580
13263
27258
7924
26151
250
6280
22879
1230
18529
13495
18451
1287
4975
2482
4884
21828
17656
21568
3892
3394
918
23823
16677
346
2851
27130
10800
23784
4975
15785
10309
22749
19295
1269
21485
10854
25379
1458
5374
6189
17963
18107
19559
25799
17490
19408
23259
22487
11960
16905
27349
17452
9175
847
12498
17298
10668
16459
5386
2450
26480
9884
6742
18667
21977
8769
23733
19711
14741
27536
11050
20650
26770
7008
20589
27074
7056
19386
8638
412
13110
11011
21825
22649
10885
22812
13764
16783
3448
13056
7217
24932
375
2903
9795
14272
1411
23385
12807
10572
6499
4303
1514
5535
4413
15977
22699
11156
1796
27010
24960
20283
1013
9135
24594
18052
11079
8341
20276
14690
5661
17252
16081
26471
22831
5171
25283
17179
5003
16420
20256
9654
7255
17937
5133
6491
5708
11304
5464
19688
6162
13007
615
1938
5265
24475
1212
12233
26732
21299
11223
21531
4730
12411
8017
17386
9378
12108
24815
26955
10520
26001
13315
21196
3214
14545
25689
11289
16025
16900
3502
3198
22007
5760
11877
13382
24795
8981
23663
24114
9001
26283
21387
8758
17642
6590
13703
18973
7314
7098
21057
26662
25355
5522
23820
9494
16132
17500
3148
825
22298
10541
12628
16412
5584
16065
747
24612
1440
13187
19895
7479
19799
23211
21939
25982
8352
13382
19106
14793
24666
1039
18565
20609
19316
16673
2065
687
24445
7494
24211
3126
4078
13616
3831
13977
18156
6047
14943
11198
25446
25154
9165
4942
4175
22068
27414
6444
6047
20483
10061
24419
18600
26468
1212
21209
20590
7238
7069
24002
6020
26908
17041
18874
27204
6424
4564
11491
19236
14845
21765
21086
8097
12484
4248
12445
11686
8280
7175
20715
13409
11247
11192
27326
5576
15881
5150
25942
1926
7359
19053
8562
25505
5232
8355
11101
24684
23060
318
14550
7511
12838
10776
9195
21118
25928
19710
14228
2096
4481
12766
17639
11599
18697
15440
16146
20231
23889
15213
13226
23431
5374
20168
18557
11753
7473
20145
20326
12082
7552
1943
17684
18018
1352
10762
17360
18534
14678
26536
11638
13204
19453
3582
13559
13872
2241
6245
26153
4239
15382
8414
24748
22167
10636
26251
22423
9210
6123
20588
266
12774
27308
24079
16124
15903
9669
17280
13211
27513
6918
3150
20840
11451
10574
1401
19464
13535
11577
9613
5558
10857
18578
17611
15682
3112
26578
13911
13068
6773
14046
2305
2303
23021
21232
4037
22302
1584
1260
10480
2029
764
16941
7454
24325
10607
25594
5590
3395
7114
13843
7319
10130
7133
14445
5750
9004
4410
19851
8876
4353
11487
4555
13319
25998
10438
6946
19358
23868
20206
10905
2192
4192
10843
23274
8160
20522
11207
14328
23597
5615
26117
26113
22979
10705
12921
15044
19081
9596
10857
4382
5732
2988
6776
25226
16980
13933
23039
547
6751
14706
1183
16538
17034
18584
20132
13503
11159
5751
14473
7973
23031
21118
10618
10739
13879
26564
24539
17898
8145
9795
20699
2906
9063
19089
22948
595
15984
25986
9277
11554
8474
23832
24574
19103
17847
5124
10785
11322
17974
5824
24002
8054
15120
26871
10068
17894
16766
22842
18143
18869
15030
7402
107
14970
20304
10749
19036
1636
9876
2685
5158
12626
15754
21575
2860
15675
307
26312
4754
26959
