10852
4641
2251
18980
22784
12133
8986
2773
6293
13869
25264
5956
23465
24798
15802
8808
12616
5435
13528
10482
15529
18201
18372
11790
7491
22542
15129
3702
1407
26956
8076
4205
20194
9813
22936
18040
6436
3259
24934
2999
1774
16829
10926
26273
13334
15447
7123
4498
19529
5254
17248
17591
4828
24930
10833
25660
23830
23449
19461
22838
7828
12213
24602
11067
12327
12783
7487
20561
13291
17660
11301
23590
5753
25447
13016
22687
14134
21796
5480
14595
11348
17197
20649
6511
4264
4108
18381
20899
8380
15270
27076
9825
26038
8889
9388
5554
11405
16665
21313
17933
18381
9096
5543
10198
20947
17568
21949
3498
774
4069
26210
11064
14512
16361
691
21501
25587
9556
1784
20572
13538
23443
23485
3841
23904
23160
12050
8890
7785
22006
26935
24223
14591
11623
20539
20683
3396
18360
14042
13612
16701
11648
4513
6683
18312
7106
24316
8294
27247
14518
19413
5511
11766
18853
19141
7701
19358
12397
15691
7390
7556
20198
4402
3140
20401
23736
10500
11307
18462
2584
15421
8111
17988
886
8308
3644
7031
9959
10692
3988
22256
10718
388
7525
1003
7755
3397
5480
7725
9837
296
8308
4420
10527
2524
23611
27175
4208
17274
25393
681
23369
15218
18113
9864
7962
15654
17974
4670
10477
18708
524
27134
20845
11888
9217
15428
26851
24399
7642
24357
6882
20051
5205
18143
12309
15109
954
6736
7983
16447
19730
15245
577
16180
24197
3788
19773
22398
22852
20413
6118
8375
18679
25349
1425
2617
5981
16520
23304
11345
16113
15437
11488
13533
21191
20764
25726
10198
21747
4807
13273
24395
4522
19475
6890
3108
25537
15120
27126
3051
6261
14691
4447
16549
4216
16193
15865
25473
18535
8938
11141
9894
16022
16905
19926
20204
16193
7179
14456
19149
26613
19756
22904
3502
19887
12652
14912
10666
9356
15351
14769
891
1713
14030
6347
10739
2318
13800
16355
15987
14126
21949
905
4576
14428
5958
17018
8444
11214
7681
26943
15900
20701
18612
21467
17741
10798
9785
3571
1934
1604
17729
18158
19705
18597
11370
17329
6275
7825
14885
11660
13985
3905
20350
19553
10882
3885
1322
26598
25126
3844
3608
18011
16847
6575
450
17334
27143
23097
21246
11781
21177
5501
23938
11637
21431
3611
241
18197
16147
27492
26477
373
18504
23687
15150
606
19811
20162
10073
20087
25630
17250
12806
15351
21599
13617
14603
16060
14722
10954
11742
1010
17389
10781
16451
4077
6999
18624
21632
24085
23311
6062
18735
26652
410
213
4460
25674
18348
5540
15574
18127
26842
7227
16524
13217
12506
22355
14510
7418
2881
22163
6089
24802
18247
27235
17388
25516
1507
25237
22368
16538
12151
15551
4208
11711
21291
8750
934
24591
5931
24969
5158
8243
9199
13781
17163
10522
1421
5471
23366
5308
7770
2580
20331
1128
1084
16075
637
21605
14100
24620
3233
23469
21406
1025
872
19672
12711
9025
9104
27142
24316
27050
21313
4345
17656
26721
8560
19302
19156
9285
15009
15810
17090
19478
3429
10805
10843
4206
22550
11610
25800
20284
1266
21810
2635
10437
8067
6609
3473
14229
10642
8646
17866
5461
8861
23973
20839
1109
7138
25334
1673
5888
27266
4613
3454
21326
275
15145
11298
23852
19254
4376
1728
18704
23863
23000
7057
3825
10371
5530
18893
13290
25924
15198
16763
26927
13903
394
7237
13978
10691
14534
13628
8116
24855
19530
1315
18327
8356
19812
26010
11127
8752
7121
9892
27412
12280
22923
25730
18597
26978
10591
21211
10311
8835
19885
15767
12702
3274
8169
5846
17084
4886
25357
7675
20998
25430
3701
26944
6344
19321
4228
23630
2455
14865
27071
26376
12778
13326
16247
2211
11352
9304
8292
19851
24121
12883
17944
4797
1376
18152
11105
15392
1539
2803
19100
10449
7737
2289
1838
12118
1588
16376
15937
9910
8150
12819
21207
6614
2854
8347
9851
14821
25269
11567
21564
24382
6078
24121
23375
21427
3438
13018
6039
19313
6337
8314
8364
25365
23996
21630
1697
5411
18157
16791
22983
26731
12021
21770
5798
21969
4592
953
7272
25674
4339
12388
24590
21942
2189
6107
5751
22039
14078
1308
7890
9784
17903
6799
23103
6373
16868
10414
22074
8011
13845
8793
5556
5011
898
5800
750
16426
7445
19167
17424
25940
4230
19331
20204
1772
25371
18162
1007
12221
22867
21552
5241
12185
16825
20884
26278
21558
16046
7385
11558
24361
4113
11254
23669
4425
16213
8656
21191
18701
6481
315
22379
1783
15519
2283
27273
8450
4118
1970
26569
4854
7281
271
24365
17344
7347
24991
21881
13129
19127
27555
3024
12364
22964
11960
250
10636
11739
24239
895
11913
20233
5477
23101
3497
23449
5888
11893
23366
13207
24316
16962
26074
3341
21878
24765
6394
12353
26647
25525
3558
11919
25084
26514
26187
27530
27091
12730
3130
8699
1277
27493
13126
16883
4488
15216
10773
2016
21179
24446
13552
8719
4480
500
2529
21577
22834
14811
13191
26207
5790
27145
23614
17707
4439
15261
22243
24487
23513
6920
15342
25878
8539
2613
6505
9650
26472
4535
9757
3874
2469
12908
17163
22981
5433
26243
18682
17650
16666
10387
8364
15280
20422
25367
17916
22457
302
20593
3490
15294
20546
1855
7395
3724
25985
1328
24455
23345
14291
24776
6746
7014
15138
2196
19813
10967
10661
27127
1243
3317
5670
19165
18400
14892
4640
914
26671
600
9162
3519
930
15573
11380
19876
18591
2982
8343
18863
15385
20712
358
5446
8434
17903
960
24466
13975
7250
22983
8004
13983
5752
21791
22384
15268
27237
24882
4231
11227
7574
18401
26008
22327
2849
14023
4869
21234
25683
23506
3812
19945
8410
1212
10091
24820
8247
5020
10000
23135
23549
17335
21926
11541
27266
23174
9819
20900
15754
14146
24056
23134
20906
25362
25818
25248
6465
4832
21617
19847
24490
10504
10188
7625
10615
6448
11567
8362
20688
2263
17108
17261
17263
14314
2481
25118
12427
26951
27183
18476
26617
9501
10863
11319
18829
3083
10579
6123
26808
22946
11442
2515
2314
24713
12136
7218
25288
21467
26424
6892
24059
10137
6867
3743
17965
477
5252
24507
8528
12335
8527
21191
13319
9641
16086
23719
1658
16083
23338
2581
23978
