3221
4148
21277
8995
27046
13927
5990
24120
26858
11696
8441
22113
20040
993
23538
11324
19807
14629
16781
16483
1734
9509
26900
19496
9148
27251
12895
12136
6966
8729
14178
26758
10023
16677
17690
205
11036
22091
10300
12814
10033
18443
27556
27531
17782
15234
5712
8818
21286
25904
1027
19925
8927
7007
14447
11370
27134
27016
27333
21192
8406
3331
20298
18553
21670
7311
26009
2028
10195
18372
12410
11625
6076
21863
26857
7640
25665
25754
15069
9205
4170
25646
12733
2265
15650
11901
23465
736
7078
12807
25455
10574
538
2445
11606
14521
22777
21139
10942
10181
10156
2479
19361
21915
10301
1023
23844
20525
22184
22956
15096
14878
20596
24876
12122
6655
23922
6593
19213
26432
24465
5610
24581
15896
12814
14047
11978
8852
22847
25474
20239
6413
21669
17940
6269
22519
1663
11666
21416
17528
18027
16638
19499
3915
15925
21047
21135
19594
5468
4426
3888
20040
582
9134
13660
24412
23477
23109
11083
20306
5590
10378
13591
22603
25213
6293
351
8551
4668
23389
11368
27532
131
9307
2317
4876
15378
27150
5131
24025
22988
10038
1784
27375
8812
704
3121
21357
24648
786
4637
18623
1853
2904
6456
19302
20325
4697
6559
19550
26579
22236
11577
21735
22886
16736
26892
26403
25656
7042
19290
5361
8596
15910
9945
16659
17673
17650
27415
24175
1616
11554
23067
5374
7900
14027
11644
23675
17608
18673
17394
9623
5661
17527
10751
27286
4014
6266
27118
18886
6950
21066
6074
14424
27180
23348
1449
17287
10720
9323
32
16568
4166
18937
11349
3088
12101
8423
14343
3106
18684
18561
22269
2136
2482
8506
17867
13395
11577
22687
12645
23951
3077
18907
14490
4958
7144
19661
23848
23514
5816
23352
15676
11563
5156
23135
6649
26551
27134
24054
13665
196
13534
1859
11044
13234
10412
22792
6175
15808
26323
13467
8506
15324
608
19383
13310
1356
1602
6222
1078
19693
27456
17281
20061
5740
26797
12503
10856
20145
11188
3808
16395
21932
9602
11601
4461
20338
21289
1321
7416
14918
12795
4248
13766
293
21152
26202
16358
6480
16420
14878
23657
5850
14802
18895
1526
6922
20786
8949
6795
424
4764
11120
3668
19816
16435
6566
22662
18123
22663
15941
25610
24926
24515
10280
18691
643
16223
8205
19298
8968
5852
4369
16321
20431
20877
3822
6761
17535
8499
23030
17510
4587
24873
11478
17382
19054
13013
14094
22547
6645
6547
14237
10763
8383
10576
27296
8974
1747
18154
9343
1320
556
12174
4328
810
21550
3659
13980
15650
14230
5269
5523
22197
25602
11488
1840
4730
13754
9648
12841
2101
5467
24655
16458
23226
9072
14281
11524
17281
20991
8175
22258
1520
21219
22432
2116
13414
17000
7952
9599
4096
22267
7537
16331
22013
14027
8410
18877
4961
25343
24430
10930
21328
12906
10056
19290
18256
20198
12220
23399
5942
18271
15026
8956
21427
11587
15139
25111
21518
6283
16819
16954
8417
18440
11641
23335
1042
16916
19604
6288
10013
3468
4554
7990
2029
4222
22047
22239
12757
14967
10942
17004
15303
16917
23512
12336
18143
5179
6545
2683
12347
1669
17989
12421
22530
20416
12005
27009
14232
17113
17647
15221
22468
23123
8876
21341
13240
997
7476
21536
4721
17944
11170
19219
3781
10199
186
10337
14777
6403
17878
21316
8479
4183
14203
14688
24211
15860
17799
10415
2561
20825
204
13274
4315
16666
24225
20972
1674
12903
17536
18858
8512
11255
16375
19703
10638
25941
12657
4727
24943
7986
25733
27523
20150
1837
16992
1548
513
20297
3054
9074
25266
14273
22300
16116
1148
6484
11103
22073
6897
20981
3834
27016
875
16003
10059
18490
4166
1372
14743
1214
13066
10779
11240
19506
27061
22040
1257
1771
15333
786
11401
4367
2157
6040
5623
6119
13292
18085
6587
25219
9105
19893
5570
20873
439
18453
19857
19538
9454
10017
12876
22923
8234
11024
5584
22788
4095
17366
12820
12515
24367
3974
8372
495
21194
27190
15363
10759
22199
14892
23453
21963
15032
26828
21270
12736
22609
8885
11282
16223
1519
15875
11852
26964
3104
1453
11033
17260
16817
4946
18525
8362
26529
1963
13189
27375
9321
1296
13362
24595
16296
25850
17327
20727
25348
14990
12394
17696
12629
13393
2019
13004
4007
17272
9081
6433
18702
4922
23372
17482
23454
10138
938
11984
13396
6731
13327
25615
13539
27381
20164
26216
13557
10764
22795
8708
2234
16155
8770
3651
12741
11665
9115
1507
1996
17882
12358
18478
9963
23030
24968
17584
3217
3627
17290
12388
5677
1285
5506
23010
26154
24615
18354
4666
12024
10077
26905
11188
25319
4032
7407
26290
11783
16463
20493
24032
19502
5565
27124
1621
25711
2998
23132
7686
17812
7442
8381
14988
4246
26794
6086
2146
1567
26623
11422
6341
21929
4965
3535
3686
16101
6636
23188
588
18817
24888
6526
26936
24442
6468
20792
26812
6854
20393
15591
27431
10045
7235
9495
13689
24377
1501
3265
1560
15214
13154
3774
15886
7047
27298
730
15277
5029
23047
7423
27229
24921
6122
8458
21478
23964
14849
8309
26445
15578
27007
1518
25735
11057
24524
22073
8234
27322
11057
7445
600
2993
20824
25887
11389
8746
19069
26199
25360
13589
8460
24716
22628
5981
5409
6491
18495
13580
17700
11585
21412
2642
1906
5232
20234
26660
13639
1157
8879
14152
8726
12352
3904
18781
22276
25884
19882
10566
16298
20320
18395
10134
1311
9959
17265
4787
9331
8490
16817
6667
17636
25781
14566
22163
10167
11526
11122
10751
11728
10873
17415
13893
7083
7521
20577
18389
25300
12554
27356
24761
3969
20353
5326
22327
10869
19706
13991
15412
19707
12175
23364
11564
26352
3358
14061
3213
11943
9415
14430
19048
15459
12762
14559
5620
25007
12137
9353
16734
22800
10509
8721
24601
993
12604
7240
3972
7341
7764
3134
362
27071
22829
18015
20088
21651
19297
7763
2485
6854
18842
8940
18810
9948
4077
8901
18976
2104
2638
19964
25502
26624
20563
17199
12601
22532
3483
10575
2133
2633
5283
23132
4725
4567
3640
5855
4741
27068
2396
1364
17932
22625
10733
20009
7440
330
10260
2586
4689
1761
7414
2037
24215
9735
4353
20610
17912
16368
23202
6145
18869
26479
