17319
16838
21044
13739
1267
26684
18547
18391
27264
1612
13753
25320
18343
11844
25208
12783
10752
1073
2733
6495
2140
14241
20506
25325
11212
10391
2757
12136
1457
11986
7023
13011
27128
503
17403
19711
8974
3273
6791
11500
7148
6095
24399
2750
26403
23923
19341
16514
10626
358
21095
25183
3471
524
15627
11550
21732
11811
19091
23541
22062
254
3221
26539
6895
13459
15176
24264
9872
25411
25992
27557
25749
15484
24311
2251
25472
16801
5797
17036
22540
20557
903
7114
22136
8883
18826
27243
11296
5213
9923
8295
8369
21177
18142
25951
18625
21965
19629
2903
307
22692
2267
7547
4940
11065
8336
14683
20029
17969
21106
14387
21813
797
3140
12419
10127
15529
2434
19363
3254
3098
18776
18377
11965
15139
8499
2954
9602
25860
25313
26793
9607
11590
8119
10033
1877
13089
11007
22819
21500
6607
18557
2021
2479
22518
17729
22857
6948
4901
22271
24463
4409
19175
1270
7084
5384
13433
15119
18781
24144
13319
15741
809
17561
13675
22527
6937
17874
16370
117
7768
672
19635
18352
12954
10816
23159
470
14396
26496
6217
26099
18684
335
6079
10695
10275
11118
17683
11811
7794
17075
13658
23442
5425
20706
929
637
12769
15577
1960
17396
9656
17158
17561
12725
26366
5501
27251
707
3002
25716
12453
12636
6319
4943
14902
12667
13473
18
2781
3601
5756
11315
14317
1783
11473
19267
8582
23237
25697
9458
19236
19419
14346
11938
21689
22862
5591
24503
20383
5040
23805
5471
3008
14821
25240
5405
15849
22443
3047
17350
8078
1673
9703
17268
25754
5499
18045
16675
21435
18223
13045
1963
11331
9081
14733
18826
4195
18615
2167
9740
21811
4494
2812
12298
2428
19453
15
16863
5755
4775
8127
3170
12328
9995
1567
92
23382
10417
26579
13018
16078
20955
7058
11579
11375
15408
14940
6028
4309
15933
13521
25065
26296
23645
24200
14100
24186
23110
6076
4497
25260
18464
26289
15459
25108
4860
20229
16966
10478
5669
17274
2208
236
8961
17462
17504
27402
21033
12717
16315
22308
7044
6472
7858
19401
18508
17786
16863
27440
25525
13485
5100
791
27037
3860
25868
26693
23749
4630
11773
1905
17909
22767
9766
13686
16902
12253
1505
1240
9440
17197
22707
20043
23919
17674
13053
6535
1754
5467
22635
20738
5624
9517
3997
552
21003
15655
8051
6646
17676
19019
11315
24822
138
22683
9885
6369
17571
20129
25400
19429
15185
637
9839
13934
9768
25426
6138
11421
25505
20953
12533
8302
19002
15038
10875
8476
23610
11823
2046
8892
9676
11399
24158
10675
9613
7642
18697
4994
11557
18415
1049
1597
11307
3858
22793
2701
11658
16890
3685
370
14972
8887
8666
8679
23743
13254
20537
21291
22220
25614
17803
21075
10261
8676
399
5894
7183
51
4013
5931
5023
15060
24355
952
2869
9675
27388
1849
3694
8517
27401
4504
24111
24658
4148
5779
5798
7972
18873
16818
9635
13120
5525
16297
8446
16018
18289
21211
24030
13698
3820
17713
3619
682
5490
3409
27280
5107
7100
3826
21638
11035
16510
6259
8311
1419
12630
6973
7491
3759
20824
15159
16005
3159
12255
18180
9673
12691
4469
23176
1392
11941
16505
13147
11500
17255
12446
831
19121
1308
21664
4293
17275
20798
7768
23176
2670
23868
6217
1934
19664
33
22257
4713
15459
13907
21563
2838
6600
15407
17964
5469
12522
18447
4045
6945
9780
10156
20209
26509
25299
22887
23059
16402
26904
2136
1957
25990
2299
15001
7819
16935
16344
1955
26215
21407
24216
16712
6535
10480
444
18449
25718
9386
17942
26108
7959
3566
26438
4421
19258
17905
10934
26033
25826
14874
26226
12717
15667
2077
6046
23426
22775
2140
6719
15098
18397
22914
20959
18557
26231
12932
303
9947
20712
25883
13361
26285
22611
25261
7360
10193
12241
15464
9846
2639
3600
3928
4241
24324
19627
8794
18345
4467
13809
2987
2841
14433
17855
11561
14026
4719
194
17532
10377
12241
544
13572
9366
5279
11858
10178
10457
12972
6658
6532
8494
23608
19323
1322
17590
21807
14145
2477
8394
7092
24266
13841
22149
4631
11231
11298
6550
11486
2705
689
6217
154
14230
18704
21163
17361
18502
6688
5209
1574
1171
17084
4452
22558
17666
434
10166
16504
27524
8015
7975
27147
18282
7446
19092
23838
18966
21940
1014
18244
16009
282
20430
21786
23267
18342
2920
18855
2519
25951
21098
19983
15798
26090
22266
433
14970
11732
11270
13729
6283
6789
25387
7494
12385
17555
10440
3822
15662
14695
22820
15717
1392
26365
25084
2294
23883
13148
14697
17354
11708
9007
6095
12254
16589
1881
9249
13831
12837
24758
5027
3106
17958
20090
26635
251
21796
27260
23856
13183
20227
19969
27506
15445
16434
13053
18412
3828
11955
6686
23271
11601
1000
26066
21465
11174
27325
12018
13652
614
11205
6782
18705
25596
11668
19461
10203
6425
10084
17010
19387
6443
3187
17424
4310
419
8624
11556
18839
3023
24980
25696
5828
8960
22216
6129
13656
20007
7981
20221
14014
5335
16956
8601
13923
5893
21822
12897
26489
10489
13496
26326
7190
9772
19931
12726
13505
895
18311
12669
2523
18153
9480
10769
8611
18546
11327
11580
884
2908
14810
15232
7053
3899
7099
1482
3807
26554
16987
3250
23243
2780
25154
14922
5028
1513
17254
11211
25770
22353
344
6341
24530
5898
5888
16188
24432
24263
26198
6122
188
22631
21343
18760
19247
26140
9251
13542
17644
24646
15039
25622
21532
11752
27468
1809
2507
15186
18574
11400
16237
6428
23960
14146
24123
9806
3896
3741
17664
9159
24412
8933
12436
15036
11805
22899
21641
6537
10126
7279
24865
2700
10959
11322
16257
15724
18890
25129
14564
25613
10941
3823
13207
18577
6548
6179
11156
15580
17826
19365
25244
27085
12071
18390
14535
16705
19301
9011
21767
12395
15042
12153
15192
7218
7435
22409
123
27084
24096
22502
21166
8677
11192
23480
12797
20348
7150
21262
10926
3385
8768
3062
14460
12885
14881
9275
6283
23061
18652
18957
8286
25453
11115
25142
24676
20951
12851
6353
6050
12175
19377
485
3818
20949
15922
4386
15860
12710
227
3227
3837
1214
20427
15898
26900
2304
26540
8546
20156
2622
