6275
26596
634
7306
2138
24963
26385
20953
16659
17337
14689
2111
6334
15751
7501
6817
24995
5324
2080
9852
22215
27284
9667
19066
4621
25390
12415
4691
19564
13686
8114
21523
24984
314
17079
4727
26123
21536
7468
19264
15023
26277
7301
17482
16910
27290
24806
8200
1511
12241
8703
11151
8812
20777
491
8239
10644
14519
6640
3576
13181
17544
14103
19901
5811
22759
2061
18097
21566
6265
25577
26693
4412
14840
17451
12309
1941
11935
13862
16747
11769
6282
8530
13059
6769
25847
804
18307
4784
10911
14187
99
1422
20396
19842
21410
138
17402
19378
25624
25039
9609
3817
6078
7621
20438
14846
18498
9001
14115
23305
27291
26362
13804
23447
24557
17039
20178
24723
6660
16900
22090
16067
692
17565
14955
20412
530
7290
17304
14422
27
7475
10219
27367
20993
7838
2720
20685
10807
10585
4752
23033
26225
7563
2608
2294
22999
11506
24486
10726
25188
24589
2737
886
20821
16463
18294
11903
11968
4566
21322
10011
2896
25028
10229
27077
27264
21374
10891
3956
1611
21472
13652
23973
12611
22020
5431
23720
10157
26531
14364
21677
3276
14543
15869
1476
13975
9524
262
9245
12886
25623
16378
7836
22517
3511
87
16249
25061
25519
317
15900
3983
1960
2013
15502
21607
5777
8340
23565
23030
17867
8322
19822
8565
22611
19524
20961
14786
18428
16797
21510
5205
18286
7265
16319
7656
19011
16154
21976
8831
10151
15063
21775
26415
10971
18866
25849
8509
13847
16949
19731
1409
19789
8441
15753
9778
11003
9901
24889
17274
4164
11115
11990
13928
3572
8458
12194
20735
867
2705
20896
9139
13549
22817
19320
11202
24829
7106
9699
13789
16817
30
4848
6217
19645
21417
15919
20649
18768
5149
2479
11098
17641
17234
10791
25701
87
17181
20142
22584
25249
21076
23446
3634
13318
24909
24191
11395
17927
19398
25163
5144
10762
16268
19281
14629
9149
22108
11268
12408
9889
4290
22443
18086
15111
7931
115
18936
20651
4186
23915
21075
3445
11085
25175
8146
13955
17074
2049
15016
23467
27266
12242
9696
21427
6099
3258
13653
14388
25974
18174
11618
12600
20938
19779
2235
17128
7845
25079
13863
11329
11755
22009
17836
25310
4553
6818
4581
14187
6432
23091
26827
11697
7767
2900
10857
24096
27063
21617
6220
26912
9136
25448
2338
25268
1358
27336
25731
13246
13208
20315
2211
22041
18429
7540
7949
26727
1184
1378
26717
17587
14309
10558
20307
16684
22548
15112
9582
15257
12519
21024
1455
17837
6510
7149
15952
26767
11869
8595
22692
20661
575
13840
2928
21300
10224
21559
10116
5995
24316
18508
22016
27512
21649
4505
7735
17638
5446
19361
25491
12470
10353
15216
14534
3967
21596
1279
17661
20615
2775
23574
21445
3446
23042
24244
22198
9619
11409
23317
3990
26839
23946
2885
19345
2799
15162
20506
12491
3726
15296
14950
14576
4353
21318
12766
20032
27257
12614
2188
9812
23077
4434
7410
11981
10836
17189
4432
9062
6100
21242
14634
720
19104
12545
27027
24653
652
13548
4244
5429
19393
21995
19573
12135
17611
2296
23362
23516
18101
840
16646
5471
19162
25954
5303
17701
18009
164
19756
15961
3687
19296
20103
5903
11418
26347
2591
4643
23733
7633
2027
22110
10122
21286
12299
17376
10999
15407
250
5675
3940
2952
22479
24500
4548
10896
6290
23993
24366
6744
13599
26286
10733
15406
21423
26898
4234
22042
16860
25629
19306
13795
14208
23184
21581
15563
24326
21124
11531
9197
15798
5200
27181
13593
13987
15015
3319
19925
4093
4482
20099
7831
17396
14569
11543
19121
2916
6640
24212
9091
26341
5384
7768
13380
8840
24006
14714
15183
2469
10901
1099
3031
7273
2294
24010
20722
6263
8709
23080
19749
16064
2215
21364
22760
20070
748
1676
20879
12341
14683
704
23321
6651
15753
2586
12072
6156
10143
7314
24146
27401
6371
1161
4393
8769
6854
9224
22077
21949
8309
2170
16494
13356
12801
6415
12818
22091
18989
24129
19046
6484
1788
3776
16052
19542
649
25491
15228
4792
11073
3025
1815
5340
7686
13405
5801
6715
25128
15125
18682
15699
13186
5801
23457
11870
25276
26440
11567
8829
18523
9355
25879
5139
2010
24675
8310
24557
2608
6827
16169
6209
1509
23569
2662
3779
162
1447
4870
16288
6442
20911
21391
9771
24601
13149
15181
26546
27262
19062
7084
17526
17845
24872
16122
12999
16275
5100
3100
12532
21084
23941
25450
17835
26111
21696
18565
4405
22186
25955
10290
26972
20864
22823
5074
8958
1457
144
5192
5093
20096
3349
1957
7655
17439
3883
12325
155
19971
12169
25561
26589
20590
6660
5493
1100
4757
7526
1182
15991
27235
26759
17045
8057
24520
9036
3211
14260
260
14738
14411
18582
21531
25092
11176
12559
15119
4129
1045
12737
24443
8931
6805
14611
9758
24529
27398
4511
7080
22962
18929
4306
15815
19282
14942
15214
1536
20211
25611
17722
26007
2644
11823
23306
15511
17498
20868
24119
2310
4038
3111
8397
16891
14249
21215
25608
18439
22558
16389
11382
24676
5670
22979
968
17589
2395
15698
11070
11426
14138
19624
13220
2296
880
23323
21947
20324
13595
21453
25814
27408
26885
826
24694
25722
12164
25098
1191
25576
21777
6392
4145
11853
16466
5016
4139
15540
18714
25602
11920
16540
10754
22515
17738
11108
2895
24175
2107
11865
2942
2799
19688
24216
19697
9290
22065
22294
11214
14858
1853
24456
7713
21920
26796
19140
7527
26988
18088
25170
25380
17378
25789
20484
11876
11197
20197
17804
6432
12302
2576
26685
12828
27221
20149
26011
25835
16224
23791
20572
3865
10279
17997
9791
26984
17011
19288
9588
18974
8518
17911
2837
5556
24588
11225
8004
5350
1840
24988
10283
25958
7186
11344
11996
25352
23308
17913
7360
8648
7381
13387
24612
17164
25205
1352
23566
26672
4372
8294
24472
4675
6731
19374
51
11570
4027
24262
27307
17949
4849
9547
26317
11251
11681
9854
22916
8670
17191
11314
14054
19259
24599
4148
25738
25970
3246
26772
26559
27162
14419
3823
12657
8555
1524
3975
17658
9830
6461
1331
12130
4593
1625
17870
24541
4113
9835
14647
10677
21529
8070
26875
9061
17282
14044
8322
25065
7845
25120
7309
8613
