11669
18105
17364
7361
12469
7347
11412
2102
20203
24604
10328
21368
6399
24336
11977
15084
2292
16384
26007
1112
4220
5438
26965
9924
13710
12659
2882
18963
2052
906
17062
22250
20842
26628
2681
5024
1983
3366
8835
16426
13117
15695
12415
6436
20902
16111
13887
14154
14461
27405
26628
6685
11110
4128
20403
25838
2368
1482
3887
23369
20120
21748
14872
16382
351
4974
11672
13866
5106
11597
24862
5732
3002
8605
19475
948
22698
11886
13665
2838
17580
20975
12176
17021
8100
16612
5661
25304
4688
1856
15907
25726
433
18151
20377
9835
24732
18876
17213
3615
2357
7661
2732
24332
20267
2849
3695
25129
24312
18577
10495
15481
11373
13270
3298
12853
11685
337
3595
11202
11789
25880
15842
18041
27427
25461
13269
6654
14750
15108
17695
24397
26198
8930
25418
11492
7998
6156
4369
14579
15733
18712
7229
17019
8442
2471
3519
15798
27512
7889
21747
18266
23508
10737
3627
20996
3768
25063
10730
26164
22403
27481
18546
25576
4385
460
5227
9866
8008
4424
18331
9498
22692
19691
12279
10061
1841
6354
5408
10901
22538
20463
4148
2376
18946
17981
22627
21201
5885
13480
15987
1607
16378
11090
9284
3830
19533
9763
20170
18597
26764
7
8652
1493
8786
26596
2877
1860
20880
8109
21876
15570
25366
23259
13576
26639
15336
10008
12863
17965
27531
517
12309
5008
2807
4609
24051
3340
24691
4658
11167
2823
21666
7390
20670
18302
5829
5830
6532
12736
19250
27062
13584
1917
5384
22473
16376
14911
7610
255
21987
1731
24524
931
13553
14512
12473
22367
4636
6638
826
9880
17902
25175
20906
4594
7
1407
5341
8373
6759
26210
6354
25033
19234
7498
24818
11815
6115
7603
11023
24625
21657
11355
11270
10967
16420
16142
10133
21398
21378
10718
26063
10130
10077
14221
11656
507
10108
2045
10307
12853
11346
14339
17372
18647
25033
7009
7545
18098
11376
15537
16337
1971
19587
10763
9471
25759
9854
10885
20279
26882
18634
5209
3933
24389
24144
11092
3900
15923
21415
3282
24794
13513
23786
4232
9562
19770
4363
29
16100
5921
4778
19473
22711
18331
3137
11063
2717
25708
11080
16958
13885
27427
6546
1406
15402
13130
13304
24211
1976
3566
26429
4460
12650
26251
3641
4438
21955
2514
11037
12194
12073
1847
15760
2305
19629
3982
27283
6373
15792
24782
13917
18682
21461
7052
666
13657
15797
6154
13911
18253
9353
6352
23512
13507
13495
15159
8429
1474
18821
24304
14919
22575
22547
25055
10333
12745
15524
17397
13312
2021
7854
16713
12103
17073
23896
26169
16903
24963
3828
607
4097
23236
2658
2724
19125
15677
24991
4464
15542
24543
21690
15539
7675
568
12259
21460
3747
23040
22418
24152
10720
9921
17893
17361
19404
25020
21
489
9415
17141
16763
4336
18946
8830
26317
4780
24839
24657
26614
14274
7275
19473
8426
19730
23132
12613
384
11841
4175
7606
12245
6936
13670
1355
19527
11207
3149
1686
16471
13335
25029
14427
27526
5716
12363
17362
25378
4620
15040
6876
26574
19482
22602
10108
12066
25160
15961
860
4211
24516
1754
19793
9839
16641
21277
4448
24797
18319
18344
23796
17617
2590
26281
2075
10737
15508
17754
6152
9285
21015
25481
10668
13712
16858
9678
15597
25384
7733
22013
2278
21378
11579
21552
16199
10079
16126
2262
1886
15
19706
24403
4955
23606
8345
13773
27486
12817
8686
24235
6545
14518
26004
15164
7283
18878
17145
12326
24303
1119
25730
9662
24350
6966
7467
131
21032
8112
19243
14242
11545
12226
2685
16729
4071
22454
20341
24712
14081
8682
11949
20172
27062
19121
6269
7005
24702
4085
1192
7882
20738
10720
20801
18635
13284
26531
2458
21213
19992
8562
7066
23348
26861
26540
2749
8414
4389
11207
4183
1582
6575
26665
22084
23642
13441
460
5229
18792
8995
26232
15331
1252
20197
18482
5749
27105
19964
7865
14887
19005
18982
17019
8733
8323
20293
12242
27319
9022
2231
13571
4411
15895
26570
25567
12247
7135
25546
25619
13889
2549
3692
13664
22874
20044
3601
21418
17091
7663
7284
16568
17733
16746
2599
9348
19005
300
21192
13031
24782
12603
27471
24545
20860
10833
70
1992
491
5309
13478
12254
13595
8097
12411
26124
9720
20291
4248
971
18679
26738
25945
8706
27551
482
831
20857
26464
15567
4404
7266
12091
16165
18774
16090
25189
19318
9968
833
2179
13311
22482
4989
3776
22111
6246
22177
16000
17874
12137
1185
16080
18036
932
18410
23066
6390
2996
22144
9618
26079
21825
25302
17949
105
10273
14741
724
17459
15131
577
27498
23017
16319
21003
10937
25456
10728
26128
3254
14211
900
5555
18487
21397
6749
648
16176
8976
16732
10969
11513
27352
15235
13191
25859
456
1073
3267
20820
19027
19264
16533
10812
5371
1483
2440
3095
3881
24872
3208
8867
711
21890
9222
9075
20867
20766
9878
26323
8567
20792
21092
20238
26927
21773
22677
21798
17833
9736
15129
12463
27176
21133
22672
1698
25819
1782
10290
14238
1093
159
13470
15112
23154
9332
7982
20748
24601
18136
1024
18300
26396
23129
20465
3373
18509
5630
24289
5178
267
24640
23298
26298
25004
24538
17876
12654
2301
3390
19968
17876
13846
26721
9279
25697
16750
12780
8387
1014
1839
16990
24126
6415
19552
25958
2405
10287
1726
6845
10468
2532
14591
20517
382
13100
17134
21582
13472
19620
8863
38
9436
26541
6266
22356
4835
4667
22691
25927
15491
9140
26644
24892
1967
13215
17810
10790
16955
1182
13565
12091
9502
25618
16133
6323
11656
18402
6287
27047
8466
1563
25062
23843
2407
11418
25291
25181
8770
23897
19661
12241
22554
16543
204
2317
8716
24592
13970
11974
7571
27164
17982
7390
11040
20428
4778
2749
7204
7205
4687
14405
23017
15415
2692
9066
23640
12261
21669
18921
26021
23117
8961
22278
1135
14477
26157
22353
8441
15543
17058
10523
16722
13859
1617
4560
21469
767
10507
2669
4395
15776
25874
5459
11464
21589
21876
2659
10586
12221
3358
26346
12401
27146
24526
19724
19301
561
26210
19655
228
17224
5599
6354
9833
9890
24351
20695
11057
9823
207
23118
1177
7592
22038
51
18642
27499
19367
11861
