24750
24305
18273
10241
25057
5037
20666
18931
21364
21538
12000
7199
25293
1874
10539
3623
1327
17670
7464
8043
19841
25383
10360
19761
9987
5713
13131
26020
9808
8416
7824
22036
7430
11921
19781
15816
20743
22284
5371
16328
15409
3967
20558
5487
16438
15277
24950
3230
15374
524
22299
8540
9638
3301
27472
24472
21439
12227
22057
10515
5212
1276
12413
2061
6296
1238
22975
11651
20093
19548
21733
12422
8831
19712
24359
4078
5302
4302
17360
3815
2314
18603
13608
24965
27079
7440
4626
13508
26777
4707
2258
2445
16617
8198
789
24061
14343
10455
16642
23790
9785
23843
856
2574
20973
7022
8024
7534
9729
24798
4567
23963
11821
22563
27024
11675
18281
1139
23723
8907
14262
11333
388
9470
9500
19190
11404
13207
23234
4677
22435
23239
15349
26905
19185
10767
10785
14199
5292
15778
18500
18386
11108
11075
18160
20294
9182
20955
172
4480
3287
21040
10772
12865
8978
12806
8896
14929
26585
18652
11428
2585
314
13513
10613
21891
13619
11876
11438
21685
14747
23599
27539
23806
26546
22031
12493
2353
10081
15393
6130
16972
18859
20589
11770
20135
20098
16251
4489
9435
14511
1277
18873
21311
10221
10156
2318
26578
15694
9375
8854
24221
15721
13059
14105
10248
17281
17560
20132
21896
12356
27305
24505
9474
18174
4667
4502
24542
10541
25754
8776
9716
2762
25511
18333
3176
20061
600
10884
8411
15246
13490
3866
18554
14010
15697
8408
23743
13996
6425
19954
5036
27011
13384
26488
3841
15322
13557
2140
342
10646
16398
3228
1341
23297
328
27096
281
23936
6319
9965
16396
15708
9811
25472
4402
25524
23223
9000
6374
3380
23506
13741
9711
15806
12347
14171
3647
16548
14743
21929
13742
9789
7301
16889
15200
21717
25964
8707
5372
24877
17912
22194
25061
24672
5668
4333
11766
18472
25982
19766
12367
15844
6761
25672
11404
27521
4833
14195
15108
4785
16148
7663
5207
24004
22126
7218
3508
2420
2947
4278
5935
5662
26044
21244
13706
2030
13104
14595
23954
7407
3894
24723
12668
24110
4220
560
16074
11421
26120
4390
9161
8740
17146
25920
4663
8225
12671
10636
19148
10384
17541
18874
22110
6267
6283
823
3790
11983
27509
25207
22575
3547
15146
4776
2396
542
11341
8046
23814
14043
12592
18586
23970
1110
12817
22928
18011
25965
18372
20323
17828
19679
9554
9151
8533
11593
26780
18481
19598
7800
18758
18303
3673
8836
17256
16767
23445
17505
5066
19361
2991
4683
8108
5521
19338
6300
5217
6231
3832
19628
6130
19853
8318
2481
12579
3499
12924
20439
5942
3081
12668
22532
18172
19624
7732
15650
11243
8
20079
7026
13056
21387
7598
3957
6151
11989
17905
1212
9940
27330
14444
24680
7926
1977
19847
15550
16029
15378
10043
19097
23666
11596
6999
9357
8262
4328
17837
24811
19745
17784
21225
6807
25111
22606
18640
18878
21741
8155
10331
20039
5036
3989
11371
15868
14403
26298
11431
5069
24455
19505
6948
22955
5849
21161
8009
827
14678
14499
7014
18602
11052
6269
15911
6806
15742
10407
4305
244
17217
14025
19844
17108
12452
18888
22414
18534
27061
12206
24339
7007
11702
20186
13720
25200
4596
23725
9779
2616
1926
2515
19564
20577
4363
11329
23305
10185
27015
26871
2352
14403
22234
25508
6682
10738
11993
19953
6055
22008
18657
21243
17060
4591
16134
1666
9486
27391
21455
8560
20486
22950
1407
17755
2412
6573
22362
10770
20912
23478
1035
27388
20450
13787
5734
2466
21745
19496
16112
13990
19628
10080
25537
8139
15951
16609
10803
11118
10264
19431
24061
662
7801
2211
3152
20495
12700
26360
1359
17024
23791
25570
20663
5169
1127
1622
175
2883
5375
23228
25344
17738
12474
14780
4723
23010
15346
20407
22118
15994
4661
2785
9822
5488
12295
20785
1761
17297
6427
25545
3141
24674
14834
18420
21392
20346
25365
4406
6896
5962
6754
3956
16277
8377
12343
20446
9518
17069
2313
9616
10785
4413
3424
26070
25085
10874
13199
26880
21768
12241
6428
1055
13745
21950
3524
16839
3985
870
99
25674
24729
18080
6520
19493
7828
6440
7566
24604
13625
18222
22886
5749
7521
10326
25790
25201
23122
235
1587
21986
1871
22238
6554
2625
20836
19521
7907
19814
3013
18823
8954
24543
3952
27192
15468
631
4973
17559
6885
18241
7635
19803
20667
6245
22079
18675
12459
1887
16012
12897
17013
11856
347
7564
18415
15969
8920
9414
16294
7209
20027
8079
12152
8236
14112
24781
20694
7297
3952
3600
13265
13445
7971
26453
17415
11399
10867
12912
7392
1869
7304
12349
1092
12383
18141
11204
3540
21
9508
3566
23802
26532
5448
10413
26024
19628
23942
3780
3544
14268
14520
16984
12289
24790
7616
17033
21815
417
26188
666
13200
16485
394
988
14492
19836
27532
19925
16261
10647
10201
18855
19360
24219
4519
11577
7648
4588
8475
10209
14280
20066
15909
17127
7039
717
15320
20544
21206
11799
7730
3582
347
22760
9864
9423
3503
25486
6620
23010
12501
18544
5871
25631
2180
8904
21834
3658
25084
8881
11335
10758
17011
22805
4556
3413
12056
12397
21902
5209
6553
22854
11934
10676
346
617
21206
22494
10437
20696
19779
3153
15308
11675
26226
21259
16093
11551
16745
20769
6511
25087
8810
26769
11844
17434
26596
10389
21633
17742
19365
17167
27096
2980
13191
17964
554
17634
21684
6619
6405
19040
24574
9540
25624
19868
730
3881
13385
842
11791
3967
26097
767
6537
1673
18005
2416
25159
16190
1721
11190
24003
4221
18909
12000
10324
270
3479
6640
3392
2838
7842
3652
12452
10299
4401
9032
6847
17177
19117
17205
21428
17457
10919
9253
11345
5806
21355
19936
5055
9751
9718
25214
27265
19048
6043
1640
12864
16039
5616
22087
23082
11771
26637
9346
9760
27539
17622
13172
10010
25141
17996
4213
18994
1894
16778
23238
25978
11185
3412
22615
4086
16849
25663
4419
26465
23579
6491
7708
16409
21657
6603
10748
11153
7700
1171
18733
21432
16266
20041
7682
1890
23945
17965
6917
24875
3114
9597
8307
14965
15636
17747
8515
15054
21488
14141
14501
195
25984
4283
8382
24608
10282
23635
7504
7081
25827
23315
10515
20521
