24925
7576
2528
5133
14854
4736
25540
25657
2177
8886
20158
13243
16866
5907
16062
19258
26937
17971
51
26444
22028
24274
9551
13543
7095
4106
19030
1701
3962
6060
1309
13844
16988
14570
1080
23211
9108
10906
1646
18189
12758
26441
19769
3845
14330
25655
18612
14725
6197
12147
10026
17692
22524
4007
24476
7677
21875
22646
20339
14685
3068
24225
96
24106
1532
24755
22896
2842
17885
1553
13109
149
8978
7493
18069
15647
13191
15700
2128
3716
6000
808
6047
12335
5691
21907
14887
26865
7108
4619
19513
2754
1755
10182
13347
18475
20185
5732
4205
6144
16322
18345
6690
25994
14902
12974
1084
5180
6617
554
2006
13777
8222
21151
1303
16373
20113
9779
9261
10681
6191
10890
18054
17963
22491
7024
11259
7515
8507
631
25288
8335
14056
16805
12820
25407
126
9964
19522
2650
14869
4900
25438
15271
17252
6524
7116
9006
26392
11803
24208
27275
20394
5355
15039
11884
9030
17519
22080
8968
23800
4196
23506
19240
13280
4879
18647
11044
11330
14811
9607
12049
12069
6414
19861
258
13311
13183
14177
22219
4889
51
26210
8660
10720
27446
19443
21064
2866
13368
7132
20928
2001
24588
1205
13244
1049
24517
16592
13340
10077
5279
18782
25209
15973
21348
6638
20830
18544
21680
3497
14
27501
16809
24966
4875
22806
10048
7483
4985
25637
23997
14964
23273
21230
25994
16842
10695
3812
22256
8179
9035
10283
26725
5572
26417
16085
9226
6561
4567
9993
16358
2209
24536
22558
8523
26809
460
17508
7137
3569
20018
8155
23051
1026
19299
7515
10691
6216
24289
11966
11714
6697
17221
12145
13877
27169
17985
5702
18045
19511
19868
4212
15140
17367
11564
14650
3456
25472
16257
15673
18273
6221
16823
1392
14390
11346
6034
15247
3178
3305
17395
4780
19794
17420
10652
17073
19968
16064
12878
281
23070
25005
26164
16781
585
25594
6514
21763
13357
12060
5767
3598
19635
4587
623
9015
7073
15091
14651
148
6115
26749
15822
5278
18444
10899
17633
24169
10535
19025
15931
9677
14397
12373
8056
16048
18640
20614
20597
21849
3311
2312
13113
25968
15085
9068
16541
22194
24541
26762
14473
7096
492
3075
26098
7221
17901
18693
2298
15756
2332
11302
9065
19330
8023
171
5833
2545
11926
16378
8468
11156
9465
18776
15891
15482
5375
8604
9111
4870
17826
16603
9025
1844
20372
8161
22686
15015
1572
25385
1475
12122
4735
20344
17081
6754
15097
17193
19082
7263
26383
11118
20126
20297
13340
22032
17315
24685
2363
5822
4369
11866
4238
18152
24749
3544
2719
1307
24736
14391
27151
20865
24316
11410
26344
8955
21544
20444
25083
8700
23188
16653
11120
206
10183
26484
11239
24568
2732
22587
9205
14533
7637
20273
9095
4647
24977
25203
27098
17035
14164
16371
10740
2074
2575
7208
15336
344
7807
2881
13433
26452
12736
24809
21653
3744
4230
2823
21963
13002
25850
6046
9540
22217
393
13241
16189
19137
17218
7131
7556
14904
8221
8888
25481
26501
30
4
5702
16173
12272
524
3696
726
3750
27367
6689
7696
11050
17221
20830
15880
15733
10009
25504
20267
12814
22115
14372
3667
13040
4637
15083
8799
5946
21415
6018
6432
13364
14810
11432
16130
25780
7104
22708
11557
5795
26853
2714
25110
16622
8840
23684
8874
20805
11966
2300
18796
16383
14604
19872
374
7673
7012
17132
15852
10131
2070
341
20335
12754
1592
11259
9778
17126
4856
10473
11298
2468
16171
16370
1374
14390
7303
26166
4399
22500
13568
6241
24050
24573
710
10070
1027
6740
3123
716
7343
11395
6532
23547
10988
25778
6021
10374
13412
5261
6969
10916
12725
11023
4041
26785
14319
23320
17391
22109
14989
7440
1355
13261
23594
27356
13804
11487
2968
25096
16688
1675
9012
7432
24653
22680
7862
7514
11585
22184
11979
22842
11395
19416
26130
406
3222
18602
12481
27045
558
20783
15699
13743
804
11209
3003
15141
449
20528
22646
20533
308
24242
14472
22986
9813
27018
2095
7289
11391
7978
23851
14274
13155
7140
8389
19526
2
17329
23743
18402
24947
9013
692
24372
9162
16763
19145
16587
7511
14063
9471
11801
10135
9159
21199
832
12763
1834
7731
23268
6795
16950
23362
5006
6785
12692
22890
2371
6302
8950
833
17468
18541
22494
16823
23924
22855
24027
12402
4424
19640
8882
7692
3832
10311
25026
6739
1358
23644
8680
12536
8017
21627
8903
25520
10226
512
14718
17935
17972
25486
3506
19241
4623
18283
23294
21750
9822
14799
1816
13831
25673
2638
16062
26765
23233
19368
23795
2988
5542
8898
27490
12877
12358
17394
18982
18100
19639
21239
26461
11307
1089
3712
16033
25105
1014
2314
26675
630
345
1188
699
20363
5
17403
6429
1589
25875
2605
14777
8068
13216
13578
21344
2738
3169
3554
1955
3724
4792
27224
2997
14751
25983
1587
18510
4000
1837
2376
23982
18210
751
26693
26262
4206
202
9190
10691
19300
3894
11955
10293
11280
22152
24617
12240
14398
16798
15086
12891
8992
688
1957
23211
20201
8527
27223
14918
11528
10099
5124
9610
13293
11506
4402
6890
11447
7575
20737
19687
2934
25431
17555
6572
24668
17423
14044
8192
6154
5069
1419
13288
601
24070
16505
10018
17753
8328
24935
3395
10882
17785
25804
20780
2403
24841
21214
19974
20467
19325
2374
27030
3960
19398
7095
17416
18645
24842
23228
22633
20031
13765
2015
7835
3778
4338
16550
3402
23038
17715
12552
21203
26717
21357
26575
16453
25373
12792
26008
10597
10455
982
14916
11985
8519
2017
25786
19766
5334
18709
19467
1301
23608
15
8166
7306
674
14712
11878
12356
27179
5172
12171
25701
14518
4744
24106
192
2300
25506
21159
10417
19797
1182
11410
16380
21667
447
27282
15441
12064
8518
6462
2494
27511
7004
21264
19999
19192
27240
1128
10110
7
19811
20140
5257
19365
9844
16197
2678
10734
14283
999
17346
5911
10358
7486
18301
22721
11407
11494
8956
14219
1699
8195
26270
8075
23764
18364
2473
19649
14766
14650
9977
5401
4020
16399
5579
21102
9570
27307
16182
1983
15937
22108
5890
27464
15408
5769
12869
22037
4576
11072
11537
24775
17417
27241
13810
16654
18781
