26847
12038
14449
5911
9152
14248
10468
15616
986
25159
11726
7725
287
18808
8730
18746
8469
6386
6553
5939
701
17191
9612
8967
14350
3814
19345
25047
15199
7031
1797
21876
15657
2581
199
3530
19124
4399
20161
1897
12316
18059
4972
10551
25370
13518
196
12107
17790
3712
18443
13282
27249
23323
22829
16270
19822
2968
25148
20429
16020
550
603
26972
4217
25590
3593
16165
14142
20870
7386
24507
6023
21734
19892
6154
23346
12729
5142
8599
20504
8224
13881
24883
27320
857
10069
19490
14920
1655
11669
26802
24309
16113
18603
27013
21920
25508
14338
25542
20803
21686
24496
25067
9931
477
15320
7336
22780
9647
9332
24464
21311
26797
20738
17034
8280
20843
13614
27116
23944
21973
554
20643
8166
18336
1566
21662
14616
4218
10705
23457
1455
4504
13236
2623
15112
3900
22288
7602
2199
6598
1586
24967
15453
27145
14120
2934
21276
5634
7253
10995
24389
9143
19626
21147
15715
18422
23432
18864
576
4645
6207
22765
12981
9230
720
8733
23390
921
2595
26819
1684
12578
6514
6941
22729
4060
1059
18368
9927
25318
22280
17879
8507
17874
11625
11041
12958
3333
10902
26811
2298
26348
24105
17128
8746
15039
14115
7831
25242
23348
23522
3906
13335
16071
22106
14053
3492
7768
22715
14409
400
20191
4428
5807
84
19749
9799
23492
14893
2181
10832
5531
4016
22629
27335
27139
15091
5753
27057
6685
8931
906
22533
22683
23444
26147
9209
22935
23328
6465
6249
26194
22128
26575
27319
20264
4699
9902
11376
9780
7675
22950
26286
6810
7148
7888
17379
21225
252
27178
18175
27405
27304
4199
8506
4758
23605
7489
19240
6426
27183
3350
277
4707
26746
15928
405
8455
15944
4588
2535
9793
10902
6638
11481
2864
596
24766
25368
24094
16143
11862
12864
15810
24175
3780
1216
7944
1891
17376
5202
16377
27511
8707
21860
12232
13967
8933
4632
9178
697
18395
5705
22135
311
24975
26569
23203
22977
8638
8730
4548
11473
8221
4421
26870
4962
26982
4148
26684
4966
1475
15706
643
465
5130
22257
790
22764
18623
25372
9103
22645
11743
24220
8258
5810
524
27176
24051
3921
10893
22589
21443
10235
20784
3210
5662
4420
7539
15554
8496
16962
10277
25600
16373
300
3586
17117
17100
22078
11136
1935
25431
18748
16571
6813
27169
8470
1274
2243
22539
612
18347
23750
2473
21114
3158
15121
10663
14465
7465
18007
15364
10842
18609
3886
19808
522
10519
10145
24500
26124
27090
8373
22260
16178
17396
5694
16995
5483
884
12119
7731
10260
16836
23909
356
9111
16681
4903
20471
23114
20028
23432
17884
5506
17422
3204
2564
16551
6218
26406
7118
26834
22539
11716
14534
13578
11333
10877
2038
12497
10091
14486
15261
8306
25887
2867
9524
9832
22651
19052
21043
11324
10954
26861
20292
22499
7757
2314
3140
12347
1922
22050
16562
4510
1585
16132
18071
12137
24451
17571
7255
27147
1342
24990
23897
18775
17653
9746
22285
22271
17161
7534
15857
6300
19480
8305
7759
15245
11564
8027
17530
2147
15500
23424
22102
18323
15551
626
27049
2086
14991
22774
25354
6245
26724
25604
3257
9670
16035
12243
16077
15776
2047
28
22397
15782
20495
11734
773
15871
13891
19732
11586
7726
23538
18174
20707
71
12451
5222
17383
24762
19475
16643
17818
19038
27038
26520
21126
20325
16539
15585
6432
1055
7102
1637
5331
2145
9829
2626
25730
24655
13834
17713
17125
13435
9095
513
9769
9839
26662
26824
2029
23886
22178
19472
13995
10352
8922
6232
11500
717
1740
23177
12026
12302
2781
11678
24738
18459
15389
27168
13099
1677
23841
13116
19639
1787
829
9809
7406
12216
3392
3396
606
27052
5361
3306
18498
19432
9396
16692
27285
10158
11716
9450
6573
21901
345
4281
22150
25065
20590
15015
19600
8327
24255
25253
717
17524
9353
1782
26511
24902
24181
26402
26487
24520
16704
20232
18813
4029
14772
18301
15744
24249
13559
19115
8694
6761
19046
24452
20198
17107
12662
24552
5669
491
11291
11537
23370
20283
2011
2047
2260
5679
22455
21423
5002
21219
7702
24887
23574
23862
1794
12810
24868
22286
22010
4160
972
1716
2694
20742
6581
14532
6485
21012
23954
24508
7712
9371
8568
17827
13553
7979
24697
19655
6222
14102
19158
24883
12020
15754
27261
9018
4300
1372
10360
2399
7515
19260
20123
20870
20078
8302
11913
1463
6834
25261
13174
26703
16360
25695
19399
19939
22651
17987
19553
13950
18088
20523
16390
24898
23843
14377
6893
11373
540
18940
18672
19891
15206
25888
9841
4553
17015
17781
375
24730
21587
8081
9712
4358
17525
25724
25537
21764
6189
9569
8337
25799
19600
16628
25177
23436
13623
17275
20359
19806
10135
1926
17002
4069
4375
4562
11359
11634
14441
15326
9458
24947
6409
18113
4331
27402
16589
20911
3806
22249
1508
7439
20576
16400
3187
2329
11143
3217
10044
342
7563
3697
7816
21908
19088
26885
13921
7155
5477
6311
12544
3194
19721
4313
5675
14614
18655
595
3037
10693
12234
961
14371
17682
10614
4732
20152
17729
22215
11733
3786
3817
19236
1775
1734
22917
16444
1307
8067
18074
4744
15554
8781
21622
19512
26090
26112
11453
17606
27399
5634
18332
20494
10303
16311
27557
19810
14216
7143
12054
15019
2900
25912
24669
18796
8569
23731
9520
24412
8290
4295
13613
18582
9662
10150
10008
6370
4413
22854
1473
18749
14198
24604
23938
11746
24542
10840
20740
8172
11381
7650
22793
2090
2822
1602
15857
549
6486
14551
19526
12870
23282
15912
23348
27107
24336
4220
25706
17923
2700
9862
19882
23357
18310
16458
11272
8221
6149
21470
22732
15121
14613
14142
25947
16215
4168
5481
13207
10730
11895
11039
9501
23520
12424
18151
12188
22892
9921
16677
18427
27307
12522
14591
23006
19545
21291
497
10762
19156
15221
21832
6566
15030
10649
19261
10734
17517
21956
24773
10779
9478
6398
3888
24926
24758
22059
14020
8554
13144
16978
12253
11789
1070
17729
12622
13062
23459
21179
26864
11259
16167
3237
9853
1985
8931
25127
21281
10613
27494
19415
10632
22823
22958
24592
8847
13677
27561
19735
7614
4232
7750
13346
8498
22001
12325
