6724
25070
1663
15859
1419
3944
15249
23456
16494
18298
5431
6160
9452
13230
7884
23323
10124
15604
7939
99
11777
5050
897
17288
20588
20178
16691
3454
9538
328
21870
22419
21435
2482
12273
1212
8946
13698
12249
6732
14248
7862
9635
8217
7577
10983
685
1584
13006
21551
17799
23119
3468
22655
1762
19505
26009
26641
16919
12126
4148
17810
16458
16912
8533
16029
12591
24261
9472
1802
21313
22894
21270
5543
24788
132
22362
16389
9495
12379
11604
6431
7676
23118
10751
24839
25782
10108
14607
13228
10323
10086
22283
19619
22926
23319
12427
25561
25487
8911
20668
16803
11966
15030
15090
22891
5479
10010
5000
12011
5841
25171
2629
4770
14947
10488
8605
17417
26733
18188
5101
22783
26709
1122
2422
20173
7285
13448
6516
12387
6702
8479
13204
2526
12957
10399
10032
19184
19799
12878
25143
13186
16460
2088
11280
11576
27034
24537
10620
327
24216
21740
25191
2258
2609
25228
6439
9937
20420
26596
19495
25692
9074
8435
4174
4704
17525
1366
7315
16653
4432
23444
336
24286
3747
17316
16089
5425
22861
1594
5930
1453
11525
10526
3881
6442
7444
21117
22075
6422
17860
19247
19365
24969
11876
16014
4120
16292
3463
6854
19573
21554
19176
4361
22179
11659
11366
2986
283
15672
832
14208
866
12571
12644
23649
26364
8384
22683
23185
1885
26424
4094
2447
26237
18271
14316
22799
25903
22122
414
8519
17908
16281
15900
26542
21045
13892
2286
13240
17729
19761
7687
4118
17510
15386
19056
2278
10426
10152
14639
5220
14291
26317
2438
19111
1342
27241
3716
12331
16221
2979
327
21101
16054
14352
6052
11571
20531
19222
22980
7442
26425
14045
16313
10426
4511
23363
7627
6153
5061
17965
2046
21327
8368
27495
17011
15969
9123
8626
13419
19342
15987
20083
17
5157
21754
808
2133
1135
14324
21806
9025
17324
7457
11664
20466
14561
21968
14293
4533
22720
15867
23340
10026
8500
25226
9653
14013
12392
3758
15229
9206
9560
24956
3295
14594
12055
5720
25288
11424
5519
10851
4353
12227
25781
20113
1456
6467
19645
20286
26644
12451
1658
6319
23551
14352
23883
16184
595
8495
17208
7956
18678
4096
22643
12620
20294
13429
4466
22643
7034
18019
21697
15201
16591
17213
2714
3437
179
19678
4553
20882
11697
16001
11381
2915
14605
15877
10404
4115
6494
420
25079
25529
20669
22681
1092
18232
11525
10557
14169
9602
21187
25151
8277
27532
22894
12542
12271
16298
25719
7034
9170
962
14694
19036
13598
7017
16797
5715
11430
23851
18375
5109
15445
16714
26415
1570
5432
1232
17161
5028
13825
13766
26140
22973
23597
3418
21313
10098
539
12051
2396
8286
6063
25533
970
25013
2768
14600
4143
9948
10537
27261
11285
20858
1049
2910
14870
23799
16790
14864
7691
6419
12698
9826
6257
9820
15226
1730
24208
10846
8143
11667
7463
8666
6379
26725
24633
5762
16080
23306
13453
23101
11857
24073
21712
22641
14171
20397
11488
1564
24747
14998
3953
10077
4634
14682
9971
24177
11300
10437
16699
18441
23565
11781
22567
3715
8322
5708
20056
17157
22585
21652
5364
19265
13998
19781
883
26162
2196
1978
172
15286
3663
24576
8371
12019
24922
9693
5573
17788
22932
16134
13772
19882
10164
16194
2682
14364
15438
22473
7571
11640
5060
11656
17551
7576
2810
11072
8368
10318
11306
2491
26036
23154
6791
27486
8812
23495
3509
24912
2282
7257
22715
26731
2553
22006
13048
18163
17401
10513
11660
25076
19025
10188
24372
24272
509
19841
8996
2269
25691
21937
25183
5435
1697
22043
18999
14012
9446
6545
27298
7506
5356
26881
19892
6577
26876
2494
4907
9140
15105
552
14188
24317
8706
7586
19392
12254
24586
17553
5882
16778
15559
2845
11369
16550
15038
21976
16089
3007
9444
25274
14799
11805
9659
4909
16674
27384
18183
21909
23440
21850
443
18037
2073
2243
20317
16569
3136
14921
9933
23846
16376
8256
9131
16715
13971
6593
11913
25050
7712
10013
2257
25575
9687
19566
1378
15479
6446
24989
27070
11306
13276
9935
1620
1714
23121
26700
16069
2513
2900
17021
2713
11506
4542
13802
11096
22926
17569
805
17647
17890
13880
10249
14726
11036
18474
785
24504
14607
19700
16965
11141
3411
14427
11337
17511
3358
26122
10276
18096
22923
12487
16676
4546
27152
8167
1288
295
26501
790
9947
14814
3788
19138
26178
12921
9085
14684
23941
26563
17214
11662
18143
13
16254
15305
13608
25095
11123
21897
10033
16646
12580
12817
11774
20889
25870
6470
15751
5198
5313
15944
10167
13093
9747
17239
3976
16373
5990
4251
17715
1155
23833
19646
3942
7285
27007
9477
27211
3800
14475
54
16560
2130
1534
26709
17006
27473
9086
7324
8610
17502
21098
17203
9289
24044
3102
2824
9601
16523
26826
6077
20133
1656
19078
1144
5503
17640
9772
10626
24414
2539
1144
15110
2700
20816
20978
12878
14640
24383
24119
16522
3239
4296
5581
11911
4227
7778
17059
6580
17316
23834
9736
16956
2521
1188
15212
12501
14399
5550
10392
11503
18368
26623
10659
16645
26670
21902
2038
10437
7113
25303
12387
15514
13084
2547
27129
6058
7297
17615
7637
14021
23599
16661
18710
2966
13405
17656
20235
6597
1936
13341
14383
14255
24530
13771
22421
3973
6068
4523
3878
10989
10440
9935
5531
19946
12711
1250
10848
26912
6628
21894
22340
12262
22975
6018
10721
1450
23963
11740
7697
23513
3938
11236
25479
17520
5898
18201
15803
8025
21956
25750
13096
15664
23653
20661
5732
21567
17779
9033
6636
11229
8651
13577
373
12801
9507
10905
19967
2287
18296
22772
24641
23231
19302
15118
18298
9696
9952
13700
10770
22266
23286
3483
3057
10739
6290
12963
22933
12228
2506
4885
25339
14701
71
5216
20687
17351
15218
18397
6405
4237
17458
5725
17007
20577
19212
17143
16079
284
9356
6209
6514
19435
8686
18807
4025
26055
3995
1175
25296
5248
22294
18503
2707
4746
3292
6762
12118
11750
11306
14851
14289
5237
22966
16094
26905
9034
26098
16618
8493
11225
11789
4340
22554
2213
10311
16681
2319
10197
2153
24303
9910
16207
7806
6676
6185
17168
17096
2759
4849
21421
13699
23805
20406
9588
