13550
15982
23723
14775
16039
27074
2770
3747
16047
16675
22642
1120
25995
14988
4762
10078
15974
17288
14785
13153
11547
12265
22681
14271
26688
2762
19639
93
26579
1487
5122
16542
5733
11715
14315
18338
9582
11345
12378
8061
3879
11428
23
1050
7632
12982
12379
18097
23116
6262
24983
11593
6188
5058
27107
20507
25980
10137
22266
6322
17643
17219
15303
21585
19793
20651
13523
23018
15702
2314
775
26981
548
27046
14055
25501
7174
3936
14408
24690
6348
10789
1074
15376
24325
14926
12688
18814
7203
9804
16252
18642
8318
12949
11918
6839
15615
12575
2348
26766
19042
15713
1227
7591
26381
6100
20733
22260
1495
7492
1847
3538
1674
7465
11247
19294
21220
392
27123
24268
7619
2002
435
19474
816
26139
1854
13922
5846
11254
13362
12973
6461
19501
17889
27139
23887
397
12054
370
16403
4469
3853
21087
23757
11200
4006
12244
12241
26323
11136
9184
907
19046
26705
2840
9678
5554
24239
11033
14868
13937
24377
7993
832
22598
1427
19664
25412
10450
21483
3501
14360
5882
25580
3012
23034
23268
23875
15597
13258
20289
7731
8873
1802
16548
4205
21455
19332
12728
17557
9411
3003
6556
15798
14016
22489
19619
6537
3188
24193
13685
24854
27146
6854
7282
16370
16912
7163
11003
11859
11449
495
17103
24240
1150
13590
21585
23115
22069
12610
742
3630
1424
3899
834
24227
27353
4365
10357
6894
24534
19300
10421
5288
7296
17219
17603
19663
25551
9750
22282
11304
14435
6732
15244
8114
18421
13655
24570
9575
1472
10890
14106
16322
22894
8713
24307
26610
7034
3574
8948
27171
7272
5152
19541
12344
13112
1935
18430
25683
24514
15248
24687
1957
17592
23851
19816
25408
5617
3582
15286
6557
12195
22015
24913
12055
7218
19211
24246
19202
8018
23457
10937
27196
27284
10487
11651
14753
26169
6700
26838
11485
2643
8056
26540
4138
2530
18351
11019
10148
26948
6290
23638
22723
12393
6423
10946
20381
1141
9906
14644
18162
13135
7440
11660
25696
10883
16404
5301
1573
3497
435
8154
3082
17981
2008
12503
14148
3157
1683
19862
6205
4794
2323
2224
19419
15558
9414
16229
14165
25214
15008
4569
3142
21993
16064
7828
14082
16515
17740
22113
24238
13933
21889
15747
9022
17932
5260
14920
3559
18185
25252
1633
2421
14025
17252
25570
19299
24772
4798
10942
1149
27551
19076
23121
26011
23085
4050
20599
637
20665
4204
23237
17426
8669
21311
324
9832
18495
11289
1180
10360
8114
27356
18617
22521
24169
16459
12575
6668
10857
20468
14897
8132
11562
12763
21744
8598
24457
17611
2522
17337
3581
6362
15760
16762
10515
2995
10067
16297
15469
12790
19937
8863
14010
25187
17043
23203
16687
14632
3100
13850
25782
4083
20199
8909
15891
27014
3252
1896
3726
27236
4532
8904
1650
16403
15645
9231
11567
460
21359
15103
22908
19956
7992
10851
12366
3478
715
10291
16394
15346
6553
20150
6432
19098
17255
10919
25971
10803
23035
24240
4584
11871
1814
16239
15277
24759
977
3799
3841
15038
23315
2699
9400
11994
7498
25157
3693
24475
7941
9452
601
23386
20389
12796
5069
22090
16924
4402
22851
471
12644
23045
19578
24056
1849
11240
17603
16685
12404
2100
1681
23936
19882
25752
11295
22778
27452
14280
5150
1686
1689
23321
3792
1372
19863
16211
18224
11258
1068
14535
22178
8043
2133
3422
23660
3093
17375
11301
5186
14811
23287
16358
25644
20059
12238
18095
2282
3366
7767
25610
27302
25804
20375
6138
13166
25907
13769
25473
14486
14532
24043
20350
24724
19213
7419
11872
4669
3162
20060
13832
26023
1999
20190
4892
24017
1312
19271
24002
10943
10902
15698
13491
21512
9776
104
10791
15637
20750
5926
9603
21161
2483
17881
26653
4449
26030
14911
17284
15767
7977
23553
12783
26052
11948
20273
8776
8843
16967
19745
14870
460
6606
4492
6040
5066
8625
12104
9001
8726
11940
12155
24836
26687
2428
25943
11077
6373
6363
18236
20142
15273
24182
16080
17100
17113
1894
18551
6910
17895
25917
7566
13815
23589
23987
10771
7921
14854
5178
1246
16727
19551
24740
4540
2042
25514
21356
19769
16092
13251
8328
25606
2310
17430
21018
22705
13403
25599
23807
14823
19668
4589
4408
21279
8
13197
21390
21104
13732
2296
19861
10356
4638
19978
5325
18152
22235
6482
3790
19770
20429
11046
24093
11229
24363
4985
10794
22902
2954
17582
24684
27259
24272
6232
9884
10061
1387
8376
15121
6437
20925
10306
25717
17262
10855
13004
26085
26016
26495
26659
22283
5698
11411
3417
19194
20610
15595
6510
4766
14288
503
29
23101
23964
20074
12575
7442
18658
14606
19494
1969
10275
17315
25370
23796
144
12597
8141
15913
9968
10549
3262
11106
26118
10800
3512
26354
4707
23057
10431
27145
12587
1819
16670
636
1673
15440
4304
2669
26438
21502
3555
26485
15730
3753
11385
610
2924
15635
2121
9885
24274
11616
8302
7487
13071
2125
23901
23049
4408
26390
25384
5864
6997
18903
16644
6013
6181
1950
3217
27129
19687
5902
24459
16831
10285
1621
21996
14128
18693
5913
6579
23258
8510
4633
14047
7024
19488
13971
14551
265
22786
8344
2701
6160
22587
13312
11510
6563
11247
14771
11038
4520
18487
20185
4387
615
24109
17741
11791
23390
1801
10947
16758
10731
21419
24106
14629
6127
17633
23688
9369
4874
8511
11254
19604
25765
983
25220
16520
1943
8016
26347
25641
26872
5452
26429
24986
9815
16162
1007
642
16892
17035
8562
23760
3507
24544
16550
4898
8422
9947
6683
18708
25970
24061
14602
463
1675
7160
7129
10611
13170
2145
7962
26645
17638
23860
10209
19475
1061
15603
22763
4395
4709
23180
17991
2306
4196
14086
26685
394
1135
23286
6965
9640
16006
15593
4071
13837
4309
169
23523
14103
9697
27139
27503
26084
22388
26458
10626
250
12686
19538
18387
16859
24149
7234
16740
10622
7012
577
19062
11598
10893
13175
13068
5584
13362
24805
13803
20610
26290
6484
12016
6529
15525
14904
15296
8715
19804
26110
19734
20975
26607
17140
8498
1319
577
6714
26329
8915
13950
14193
14992
1714
15097
19621
10022
26508
9488
583
754
9765
20102
2688
19730
24157
