23257
730
561
15452
3838
18258
11818
23626
22747
17729
8309
4889
7444
1600
17577
10653
19549
7402
23886
6724
1198
4874
27466
6516
1741
3479
18103
4412
14465
11749
15593
19397
6966
25981
11658
11577
23440
19639
20221
17379
3609
23617
2670
12652
18301
2238
6284
25591
8321
16306
11820
10637
5841
4336
14099
26046
9868
6436
25003
16751
26465
22490
11956
6751
8947
12289
21552
27291
20151
15416
18667
16548
21696
5855
2360
18717
6047
345
16041
8935
2448
14323
6514
5893
2184
10462
2445
23714
20016
18274
3222
6046
27285
21093
27418
18127
2263
7340
24094
18787
16400
4073
4404
21459
14142
15153
9236
8997
9084
8263
18404
23309
25831
5713
20867
11364
1515
10411
17878
622
14835
2160
10866
868
17711
7794
20590
26952
11796
10836
12877
23216
10839
25288
19319
12711
17553
12769
15704
7304
21090
3827
17734
8651
6428
25993
14922
10182
1037
19037
2479
20689
2533
12347
2983
10570
8711
17644
25353
20080
7629
4975
1855
6798
22682
18605
19622
21646
17394
10579
11259
4997
18157
4712
16857
21721
3298
13306
6809
25833
9799
4522
23717
12279
12528
13663
26806
6757
686
13495
261
22991
16603
6083
10819
1140
24991
620
16613
18995
12438
672
22278
4212
25020
1407
16405
5282
22093
25818
12848
13557
622
7019
7661
16023
8768
20599
25615
1003
11252
12117
11259
26838
19473
24946
14588
27528
426
1696
19298
16045
27100
9007
15952
18412
6537
2742
26329
5938
18998
7992
21202
958
5514
19286
20401
2925
14913
18178
22873
20297
934
1957
22856
18925
379
7342
20412
6152
1679
5926
5496
19103
25723
5614
16494
26138
8617
21863
10449
6641
19874
22898
2759
868
11831
19063
901
2580
12804
6245
20391
20569
9353
26967
2377
7979
12537
24530
20474
9232
450
11345
3560
22131
26381
22197
19496
991
8519
14281
11384
15366
26339
21060
8394
23791
27310
20453
15331
27029
25676
10178
23464
22446
17069
2421
7687
1227
12989
4459
6669
9787
14715
14742
18672
14498
447
13205
14432
4989
2181
24715
1366
4798
15324
1035
3172
23421
2467
27029
23001
9060
22912
16932
17089
2364
9488
19360
7348
11001
8766
7168
22748
18117
2529
15907
7737
26448
7935
11234
20861
12126
17303
22833
7672
15549
18902
13307
26228
25314
27153
11867
17695
4109
24140
1697
8855
26760
7200
6204
1074
25783
12079
4126
7514
15067
25994
20918
6703
18659
14157
18252
5220
285
970
8899
18795
14573
9
4461
19162
4781
12499
23955
8173
4063
1477
3615
19331
25004
24111
11780
27331
19342
10344
14632
3990
22777
24379
4943
10613
9598
4864
9833
23682
23833
18854
23072
4709
3257
8685
3140
12632
17087
20848
10195
17320
24732
25965
19927
26131
1934
26606
13723
13157
6977
5474
15517
8715
13231
26058
15704
964
23927
21928
771
27005
7386
23128
21216
10569
17448
1864
9720
18608
4283
10698
2109
26532
12829
7623
22967
6233
7391
8822
18514
13116
22127
4504
18098
19358
26542
22272
7117
23928
20868
4471
3078
7854
15090
3054
6582
4261
1722
8584
11075
24962
21899
25786
21785
4861
10599
12329
15093
5829
22706
15343
12090
17604
4725
9947
10495
13200
8220
6099
345
2161
7189
20334
12753
494
7290
23551
26299
22469
5630
2378
15985
19233
18501
248
20206
14959
3901
17963
19990
2262
4507
16526
7903
5660
11100
744
21437
18585
15100
10158
10952
1730
1059
4229
6495
5296
6943
12910
5282
2882
14150
24877
14257
13372
11422
21544
24860
20215
23594
9690
449
17681
27385
17697
23354
777
13955
21302
15419
24313
11650
26235
5567
4654
26809
1683
15664
17860
3168
5012
26613
20133
13373
16162
4974
18868
11039
1934
19709
18724
27530
14546
15842
22219
17429
21232
23017
615
9129
3520
21371
12700
3418
2960
5335
18466
12981
6897
15891
4072
20688
300
4671
6788
21109
13951
26279
25169
11892
19560
9616
11812
4
14314
12126
10305
25534
5069
10473
26587
11057
21926
4819
9075
19969
10649
17503
9505
9353
10843
10227
26138
2059
9515
6642
4331
11644
2424
1371
1056
12095
7931
25274
9641
6772
3115
19981
10286
17582
8178
4298
20270
19691
15463
23257
19373
14816
114
25374
12807
19669
2265
23706
17533
13088
15991
6319
1690
13023
25268
10872
20236
4328
7378
10971
11414
8022
17513
10563
6189
24822
15148
6502
22677
4058
26068
27395
14167
10328
9433
2972
3907
7438
4637
9467
10220
14250
8540
15297
18019
20507
20658
23235
19174
21252
4546
22372
10802
8605
1663
21656
22426
26220
13237
631
24208
26652
12760
2139
6571
4554
25505
15717
23208
17356
17827
17001
23783
1821
19621
25238
25932
9435
18758
19186
6955
22231
13463
27216
4989
18281
6319
13091
10931
23082
20408
18366
12977
8367
4738
1035
18655
12029
24201
5422
27192
1896
25630
19377
16272
22891
22207
1249
14713
9126
3909
8973
17965
18821
12378
17620
6667
11025
27219
5382
4332
9070
26966
19138
702
5583
18572
14715
16310
26318
13435
18626
18640
494
3421
12683
23075
2404
2840
7485
5558
6040
21657
2314
7852
2440
21585
26282
502
2514
16860
4041
15590
3032
432
23387
22790
21568
14981
2733
18480
1140
12463
20296
15927
13794
16049
18386
26771
21636
594
1248
25323
1339
10572
14670
23629
3293
1975
2315
10309
24881
8421
13679
22303
26886
13223
8691
598
2077
10646
5136
15174
6061
4122
6399
6970
25069
13492
15577
3957
18390
15052
8740
13222
4194
2984
6228
13656
7604
16489
10956
26030
23571
26908
25097
13152
11193
6295
1939
17383
6003
15943
14223
20970
3499
2511
19017
9674
5729
18536
20708
15180
6391
1843
10492
3510
10015
11262
25735
10762
3635
1691
4485
3845
20826
1950
9998
1695
23640
26810
11295
3027
1968
27271
8729
18455
21659
2029
17965
8339
9550
5354
2988
27022
1788
2052
8226
6149
21512
4460
4395
108
6156
9908
20394
27384
19805
14112
18964
7998
7602
20334
14513
18877
18013
20646
16268
26014
12359
22337
7796
4198
17754
6127
12825
19293
238
12025
15431
10596
20079
9591
1673
16935
16776
13424
10739
14500
24577
19859
6437
23144
22681
5448
11593
8373
12375
8886
15838
17192
18772
10127
12637
15701
25941
