7279
24559
26741
12644
1177
15113
23525
19656
22749
20204
22419
16963
22856
6311
17283
23617
11558
10543
16494
9389
22405
6118
16262
14101
14560
15795
24113
474
14745
2574
13397
22776
21197
21601
3650
11994
10240
21478
11617
4246
649
4939
14117
16286
17230
17897
9776
10014
25797
1518
23237
5231
11296
485
13377
23283
12893
13274
14120
8143
11314
8115
4833
18189
16373
7072
2601
11056
491
1607
22022
23263
6961
19046
20250
7030
742
22516
14607
24674
10730
34
14816
377
15192
14152
20647
10669
25591
3262
19472
13749
19301
7053
10881
17825
2408
10953
23836
16321
6085
21557
25904
15413
12055
19917
4015
25104
19174
15606
27427
2513
4668
17963
17594
17087
21229
21092
5878
25527
20256
7847
22999
18708
23777
2682
25163
26438
20725
18419
1483
21530
24042
726
10919
2810
15495
15612
4173
16190
19398
26607
8934
791
2358
23009
5282
7118
14269
6855
1378
8651
21860
24315
9391
21063
24151
19797
24184
598
24216
3300
26768
22095
12501
26952
6334
2366
9171
15115
26747
12154
1730
19868
7182
3629
15860
21510
14895
14464
11696
23879
5304
15229
8473
13700
23011
11034
9635
6537
10387
9093
25004
25691
3223
14234
26008
8099
16703
21272
7915
10927
21261
1
16861
19046
10558
20599
1790
20379
19500
6453
3452
3104
2824
4452
2308
13879
22800
3274
19751
15051
5486
24612
13189
3925
16299
17188
21271
347
1837
25194
14064
590
3931
19341
6179
6397
21211
1619
11716
24412
10883
20310
22909
11340
23899
18993
26522
7355
11144
5061
16537
13683
19125
4764
17144
16191
5455
1554
22471
11729
26417
4504
958
23783
14352
9125
13729
24442
5557
4420
16532
18582
8335
11142
19764
425
21575
23839
11270
19657
714
18318
4820
13302
14094
18026
4
22193
7374
12931
112
6516
2792
11450
2013
26327
25675
11028
4694
20695
8186
17829
157
8429
13467
396
13536
12583
25007
16157
21432
9358
12020
25951
9304
19551
1054
25168
10472
25264
22339
688
9988
5250
20809
13334
26900
10763
12696
23053
4486
1720
12423
25514
20281
14126
17902
5353
8715
20912
26431
20712
5952
4089
8773
11863
27299
14157
8753
21815
17546
26193
20631
2540
23516
18359
18514
18976
8951
14039
17351
309
13306
7595
7032
5030
21319
18790
13204
14654
4890
15916
13800
15390
20659
14938
21114
1018
15676
17719
2561
6371
12799
12622
26813
16822
283
4273
19847
24557
15402
27331
25884
10246
2756
13177
23637
371
23163
23928
23238
25752
23282
25328
10939
3306
11481
27385
23369
20284
22142
24180
26440
18718
5890
2111
2977
16266
5135
23881
23097
2257
26486
15917
25713
4691
19491
20113
26663
27307
12923
18418
8410
16165
12372
24492
3664
21837
8712
20082
16328
16860
17652
18303
27165
5146
10099
26537
21465
6074
18707
19301
12328
16411
24181
20126
6602
22693
16502
24922
23607
25148
22337
1148
13243
12808
10610
8530
22625
18652
1937
27069
13423
177
23862
23130
22526
14996
26652
17616
6626
2460
8283
4130
16717
10304
88
4235
10533
24866
2190
9150
21328
11674
21212
7498
17503
4502
25079
12994
17050
16085
15919
18190
17866
2572
7297
20546
2077
15867
14493
12626
13643
12628
13622
22387
16776
3760
7051
1975
3011
739
10340
2055
25998
1508
8660
6918
12598
27339
9787
9127
25896
6873
5824
15943
2598
611
20588
19692
23813
14857
2588
4750
10060
2294
11716
2355
10113
21674
2136
25387
7504
21364
5409
3612
23835
21655
2219
8621
24926
8039
16354
7819
12859
20507
26721
4404
27032
16566
25942
8638
15146
6426
7983
12516
3760
6047
9866
5160
14512
7662
7762
19146
6276
3655
17696
26274
26148
2672
26703
2329
2162
17189
18531
10850
4221
24221
21097
8342
9866
13005
26669
2434
10664
10574
16680
2525
25246
23349
27530
2082
4821
25975
26537
10383
8299
10533
23179
17858
9994
7884
16115
1611
1290
16522
2925
25361
19929
10936
4845
14878
2452
18826
12537
24147
6740
21250
8922
12925
15252
15092
14791
26599
11488
21881
23935
9572
17680
6681
27087
8787
24871
22189
24260
11235
15976
774
18326
23187
24675
24925
10251
15696
4428
14749
15521
21436
13379
26679
3340
19956
8605
23392
7819
4273
3820
17682
15539
4832
3503
5944
17451
24676
8625
20445
2938
26872
15351
21256
20577
11512
17118
6060
10119
18414
19341
9357
12641
1638
20630
9973
609
13002
22817
7555
9248
10432
14704
10094
24668
14474
15905
15673
16297
12463
4581
25698
10438
8220
9001
4025
19776
4178
400
704
18478
7873
19772
26503
26748
24454
22533
2140
19442
6651
2678
22042
8005
20300
4674
24841
3799
12498
5706
6412
18688
2742
18596
20645
21075
18582
17843
1814
19897
23466
2614
5602
741
20079
2591
21441
6206
18844
15566
17684
20658
2758
14665
4909
3817
17508
27250
20032
23601
2323
10534
27317
17770
13625
6000
8222
17422
13495
12749
16658
379
27325
1218
12349
13465
20862
7438
16753
22561
18988
3088
20149
14775
26749
10898
16756
15020
8426
5950
7365
6152
11265
26269
20214
26775
20369
18141
13835
14352
24058
25976
19781
50
6425
17894
19399
17260
8681
6418
24313
25455
12100
17964
25739
24568
26
15953
16478
21292
7409
13752
15010
8794
704
24382
8236
19081
12654
14047
9442
21087
3043
19834
21328
24540
20170
987
22489
10090
8518
12390
15297
24414
14212
4654
11911
24826
738
13511
18328
8888
19680
3566
20454
20456
11241
20136
21313
20573
4780
524
6857
1747
14341
10798
21585
16371
25831
15182
1167
7534
14777
14856
13446
25505
13953
6054
15082
8407
14951
16808
19511
23826
3772
21939
25915
4581
8665
15981
17161
16673
6609
3945
3434
195
27057
17003
24813
18823
14797
10526
10530
5553
5529
24829
8187
24242
3707
13590
10308
2691
3255
3515
16825
23306
781
8790
11733
22385
16746
27072
2522
18484
24916
12919
4865
24643
881
6018
8286
20480
21614
11171
14317
20643
23032
13510
13970
18524
21610
22904
3255
4478
8970
142
26178
22067
11413
12307
4752
16266
15958
14823
16932
1867
27502
2630
1385
16646
5871
557
22127
16168
9738
13841
3057
7525
24951
6548
26248
19028
860
812
4065
26182
418
22697
1262
394
18129
15804
4078
