3906
14668
2736
6272
1112
16457
27381
17761
2899
25003
21096
21577
18453
3503
19386
6660
7510
7687
13287
20216
14426
12862
17316
20975
7601
26241
26701
21450
26971
14907
17066
12168
9621
24374
21374
24050
20300
23209
20553
8565
23684
347
3109
8948
9451
16110
10857
18747
21049
26245
2700
5432
13392
16267
561
17633
1385
16980
3411
6253
10669
17929
5705
12207
1406
27214
27032
25243
11895
16759
22197
6898
2864
16010
13745
11590
15082
11068
12588
4482
23989
286
14828
3910
19975
23788
11665
8032
20895
20561
18029
8950
8124
394
13420
24720
12265
25159
3704
26373
16716
22228
7811
22391
7274
16382
5368
10311
16689
19486
18741
8383
15465
20057
15818
7924
11240
18547
8364
6072
23682
25717
6363
12004
13909
17434
21349
13439
23865
473
23935
20096
15554
5922
18856
7629
12382
21649
17254
21367
6202
13056
1113
7353
1819
27550
22014
20309
149
16163
3106
3859
6283
23307
7036
17537
14662
5681
7001
11392
1110
11885
21846
24412
4806
12181
24678
9096
12750
24234
23473
12408
21407
21568
21948
25332
10072
8449
4244
21821
24235
1520
24773
17756
25958
4590
9167
8462
19174
14209
1493
19629
4251
6493
14004
7190
22389
5001
27297
14612
8585
11780
2599
10473
20258
12405
12104
11549
17612
7206
19358
18170
3007
13449
1307
21357
6443
12765
25663
306
21659
27046
1795
17016
5043
19373
867
4619
1351
8020
6725
20232
18545
8991
6857
1914
22888
16226
4939
21665
2310
12542
4075
23039
12838
14855
24601
17623
15120
4555
12487
18820
5126
8600
20964
12535
5349
19882
23223
18204
2515
14861
4635
11330
21264
22427
9215
1937
499
17470
10333
26093
19505
20603
14460
3076
11202
8925
19280
24416
13796
6484
10161
23421
21983
25378
24908
20612
23184
20533
18206
660
22805
21529
215
22523
17690
26916
22787
27300
14544
12257
9081
17795
2806
18933
17103
14757
20462
1904
23323
18897
3190
9331
14620
21603
18897
22984
18401
9348
9441
18832
8730
17510
157
1933
18155
10980
5061
6413
16522
14493
25073
4014
8936
59
9284
16405
19872
25179
25234
15063
6661
14604
17516
25729
4718
12284
7510
25289
27353
227
3830
10672
12549
7750
19871
5465
23286
5017
20885
27471
4295
11266
7002
24696
1987
3570
15156
23633
15797
27496
19958
23756
15452
22523
11859
2919
4910
27401
25434
14906
24055
3172
22162
16962
11377
17994
1757
10323
19481
8755
19361
6450
21864
2380
20874
18651
18467
27072
26175
13240
9912
27463
6704
13361
10696
588
22824
22037
7812
10131
2081
9700
26355
8023
12599
8721
15147
21175
17998
2205
1712
6641
22889
15964
27492
24419
347
978
17740
5016
13606
4501
27037
1541
5461
26666
23280
19913
24193
23681
2912
2
16642
19545
14220
25766
23175
9036
661
1534
19582
22694
4105
14812
5027
16596
16144
9071
24246
2291
24176
12332
12460
3822
16517
17557
24703
19134
25003
20039
11566
2331
13014
23752
22815
17717
19098
3752
11287
18057
10728
11356
25851
16029
318
245
4975
15950
18941
10085
18103
631
24831
17625
15901
8096
14553
10843
14588
637
6324
7446
5553
19001
19082
19295
4969
25813
19687
21189
20350
27112
19468
8516
25315
227
10996
26440
20100
22797
9434
25952
26959
21615
24417
19419
25087
6099
19716
27102
4761
14508
16384
17998
5019
15260
4794
25447
17478
1736
25700
9591
17672
11638
14635
19290
8369
3986
20525
26290
14142
8521
7
21753
16604
7105
5140
6484
21357
25412
7603
1452
12753
7898
24182
9663
11495
12179
17073
13771
16
1319
13702
417
26596
18401
18299
26231
18655
2787
18930
21722
3075
5697
17277
26260
18516
16652
7940
27222
2920
2314
26379
9409
7429
6630
25454
9174
27193
21859
2817
11219
13403
15256
24030
11494
7552
12824
5516
22845
11287
7511
17048
24286
1131
5219
23979
18639
6994
12375
6310
8462
11574
26012
5407
26602
2044
20605
18748
15468
12913
15947
6843
8456
13201
835
3680
20941
12927
17986
17575
7780
4860
2954
21474
2265
20333
5210
23406
14421
12679
15184
20021
10124
7362
10802
25096
16596
12612
622
16295
1259
14628
10351
10559
14691
1604
15765
15171
11395
2424
11861
17164
8067
24004
9434
19496
18090
22026
21093
19944
25455
23228
27346
6255
21450
9084
11823
20646
2212
20572
16932
17852
1075
13127
20211
19170
25658
1384
8323
9786
17656
24532
17434
3260
14499
1263
24210
6426
25993
22662
20318
12629
8004
10886
26976
8186
16053
1246
1917
6308
214
6381
10916
17944
2163
22294
12141
6667
5564
5666
12593
20699
23069
5372
7166
15299
25662
3483
19166
13089
9323
22049
26781
25102
14603
12928
4148
14050
19756
17557
6655
27049
19487
10399
6828
16070
13213
10900
8795
25718
11238
10880
23843
5210
5526
7089
7756
23787
15228
8915
24592
6127
22867
5603
22328
13892
20759
18979
15745
9560
18856
6566
5007
11804
5361
12397
11728
5514
15621
17095
26185
2091
11485
12181
91
13715
23710
23628
3437
3820
9490
8361
12580
19428
25319
9205
17170
18043
3011
24122
27249
26268
2306
8937
15130
6553
6222
22351
8386
26414
16667
2479
8682
16345
2528
21470
4721
22859
21185
12920
8907
1662
18891
24868
6227
11348
24269
3915
26440
9943
10887
23634
24725
27209
23051
1007
12766
20794
15406
4458
17012
4294
11460
2738
13354
8293
18420
19871
25991
13886
3600
21961
15463
24105
18769
11146
8343
1113
16239
27502
5162
19929
192
1823
2870
4205
8627
17524
875
8975
18877
11078
18375
3899
3439
22809
24477
2060
11079
975
13382
1219
10238
3548
5307
18820
6151
20607
19832
26579
24380
10532
16169
1912
26412
4551
11758
3766
3182
2626
25746
1105
15233
23881
320
18302
25730
24256
4945
15041
8514
1596
4634
16791
2984
13943
3353
7193
13099
23086
8701
12874
18607
5182
6579
23509
22986
26259
24556
2868
3376
26852
21909
8139
21417
13332
10973
19075
12974
11242
3878
15874
3501
24206
21255
24670
14705
24078
17558
3794
1336
23799
7117
23826
4037
5538
23311
11554
2585
23944
9295
8530
21021
2327
13544
10366
10020
24359
23162
9114
3052
15875
27510
8120
4754
19085
23502
4759
9488
20727
24846
2721
26007
24972
16534
16876
22463
