9029
12765
16678
10082
16571
11948
11884
23772
19488
11894
4030
1609
13924
15172
26701
6782
27283
9217
24382
23635
16452
16669
27232
7930
7260
16616
19866
6741
2909
13489
7687
4485
8459
17088
7194
12331
19014
1746
11310
21493
19280
10355
12499
18377
11844
15701
6455
23459
27028
344
20401
22774
15821
15836
27443
6518
11346
10285
6349
22898
5412
8436
12239
20786
21401
16207
2619
23562
1019
20860
14273
15174
4707
8692
24270
27321
16163
5871
19119
10177
18475
9229
16189
16370
18693
22899
14833
9215
23348
8715
10082
18933
4662
6609
3619
11587
15843
3065
13582
13584
13121
14991
12407
16094
21991
511
2322
8230
23188
998
11678
26589
13251
17383
23782
6203
3824
6197
7571
11605
16803
87
4438
5259
21957
4466
17124
7995
10389
3994
1713
7615
3896
23823
9435
17396
23830
23868
9982
16564
13112
15081
7381
16550
8796
16373
4820
17877
25046
10882
7314
18708
23785
497
11460
2337
26691
15222
27539
16475
24979
19282
2536
19756
4626
25624
23878
11132
10383
19668
18547
14666
26936
15190
6993
26924
26321
20185
18918
23145
1958
2045
9463
24903
22341
22933
8774
17645
18850
9823
10201
24040
21638
673
15371
741
4948
13906
6047
5238
15399
22403
9668
11175
22393
2725
26180
16096
8113
10023
26250
7516
19344
13196
19349
16455
1601
21275
7112
4353
3569
1463
6299
16662
17204
12561
2899
15579
18487
23043
10927
10723
392
17655
23307
7092
12180
13628
6513
15951
27458
15021
22900
2249
4185
19029
8561
5708
23315
1997
10214
26245
24111
8179
24131
14477
22564
19998
6542
22196
26199
23174
21057
19369
17033
21279
4027
6158
26074
2144
26822
14304
23321
22120
1011
17997
13796
6576
3209
1294
10454
2719
21994
3475
25472
23227
10154
11892
25212
24160
20497
18161
12398
11071
15295
15188
15016
16890
24133
24339
4916
25571
15654
23808
22032
24728
994
22675
23637
5390
6357
19545
22144
2208
10426
16613
21172
21180
24178
2746
25057
22931
12741
26631
13246
9776
22304
5321
12710
25315
7161
173
6079
2974
6217
6634
9150
15278
10170
4858
20954
1841
3966
4934
18325
15237
5504
22575
22113
26846
17411
21390
7089
15575
21694
16110
4183
23586
5587
11008
11681
8911
2777
21123
2555
16130
23802
22252
5064
1350
23018
17713
7328
13930
9781
20689
27513
9947
26641
24776
3127
13389
16829
8947
14257
25670
5002
24390
18903
10943
27385
2226
25492
20900
16870
12580
11140
7781
4116
7213
197
18935
1723
11674
17367
19254
6105
25707
21425
6706
9547
556
17064
16256
8276
19302
5364
13178
10295
19551
12098
16611
10057
14464
19373
1490
384
11971
8898
22435
12317
20110
17075
1844
24156
2135
23968
13865
19349
20277
25399
19860
11038
6751
18377
7757
11350
3358
20532
24190
14539
19452
25661
20104
9415
15191
10902
12576
16674
23086
8377
11715
2447
16603
9939
24657
1499
17731
12300
10968
7695
15286
49
6621
16376
14397
17370
10554
14030
8163
24896
11979
5734
25063
21354
13706
15413
3231
18690
19659
23779
21694
18275
3014
17746
930
24308
5821
17236
5381
27011
18612
10008
23273
18566
11587
6052
23426
22070
5786
17124
6050
8019
12694
11205
5252
567
9202
3350
9735
3660
9578
18570
21527
25573
25061
11087
8781
6827
14629
4725
1762
25147
9786
12644
205
12242
13942
12375
19531
8536
4845
12026
3182
14425
24486
9215
16611
23819
6316
4389
10115
21841
8435
14423
4472
22871
21190
3968
26979
15370
4345
16401
2514
18010
9904
19546
11210
23546
18854
1212
7273
12969
11008
13679
13445
13623
14577
3420
10398
12622
18725
15263
4606
12502
19734
20809
22619
17826
3679
12503
27517
9844
26160
20879
18151
11819
6370
26031
8380
6278
9900
14145
6088
23821
15940
23582
2677
4825
7276
20449
25434
16817
12718
23724
22154
19408
364
14354
20137
10198
19589
20889
13653
547
23173
20832
6491
18157
13139
15770
15274
18790
2048
7193
2598
20631
4076
15188
15763
9610
23638
17150
5845
15496
6262
12485
18678
12320
18433
13988
20613
397
6841
18547
14341
3743
21706
12159
20424
18816
17683
24658
11731
27514
2485
8566
17922
25489
4232
20238
19761
27241
21298
10524
11731
24257
22936
257
12711
11657
16790
18590
7176
15752
22445
20674
18398
22056
19301
14481
7749
20187
23873
26780
26623
10368
4214
25441
19130
17896
21953
12954
228
7446
21164
2731
7943
2811
5579
18066
27294
27442
8401
23538
23504
8756
4400
14714
9560
22369
25916
8392
10405
3889
23277
1407
5362
11156
11393
3464
16107
12081
14147
16037
6064
3803
23522
6187
8529
18557
18515
14264
19084
26158
11619
7917
1668
26009
23365
20265
15134
8089
23688
21777
3278
15791
8353
21094
19531
5460
22361
16085
23197
11849
12513
27269
13889
1525
10690
17071
22302
16275
3965
7070
10957
7196
11259
10083
21049
23558
25036
3703
11324
8000
4946
1414
17986
18748
7915
4813
10736
23403
12628
24541
19628
680
915
26376
16113
17522
13767
8690
16438
22047
11665
2394
9654
24216
13604
4668
19753
15848
7122
27349
4039
23040
17714
4629
2539
14138
27023
12513
17204
13106
18586
7585
25513
9680
24487
12730
24814
25767
3952
18644
3602
15652
10818
22748
23839
1751
20449
26506
11525
16080
15554
27253
25338
4625
24103
1076
5981
8020
18439
1496
27319
22981
1989
2909
712
20412
13967
6810
10827
8789
6361
23234
9619
11330
11143
18574
12361
24176
7303
18925
19125
20333
10519
22862
23168
9582
27050
18464
1388
12928
15930
10878
24272
3726
13734
11998
16545
3923
22660
3734
11207
20021
2440
18784
16641
387
14082
10734
21481
21069
16781
4722
23231
27283
18759
5375
20055
1998
10028
14051
22637
6928
4030
23575
20819
1294
14940
7
14205
18143
18362
8840
716
24733
11361
21501
15771
21410
8310
804
19314
10554
19721
3027
19943
15473
20417
5523
12586
9452
24703
8639
12289
2006
22726
6117
9947
23940
13689
24043
211
2244
19971
26973
14823
4330
10913
6490
11647
8944
5106
13736
23926
9520
4363
9075
6868
23369
12603
19458
14123
22942
7031
6158
22728
22008
6471
1881
1336
22160
3756
13153
99
12770
11709
17734
9967
8287
6093
15052
9560
4077
20205
6674
10491
