14700
27475
2314
3112
10426
12738
19480
14264
20323
5875
11656
10763
2736
4524
12463
16011
12426
13481
10157
4853
4445
8495
6290
7441
11364
14769
12148
19137
8452
19762
13546
24415
19474
9332
18522
4604
20937
27545
19124
18027
1639
14146
6133
26246
17826
7198
4414
4398
27470
26996
7617
9999
13898
25497
22968
20017
16389
19384
7075
26397
19737
20189
17933
25639
18508
17866
7869
7402
25931
26541
7872
739
9627
6687
117
8685
20999
19255
5361
5657
25469
418
4046
20335
7365
16671
10251
7860
11660
7625
16921
23725
14271
22785
11173
18520
993
5455
11271
10290
4191
22584
22966
24549
13853
5993
2746
11025
19134
15506
8969
12638
23145
16177
13597
10887
14231
11776
15317
1565
17651
5983
10003
17499
7199
3522
20640
12035
6936
25265
12524
11141
2440
10513
4622
25400
23028
27558
15580
2541
20042
23058
2431
4345
14387
26014
9270
10017
6989
25810
14122
25864
8654
13577
27561
9260
7910
21966
17702
2859
11774
16340
27434
26102
6506
2575
4187
15234
1943
12974
18780
22030
9954
17613
131
13761
24521
6927
26692
13011
10690
6624
14118
6344
9385
16466
714
13259
14353
2943
6295
4230
411
26019
15652
11733
22627
8867
17736
24989
15008
15976
11576
24331
494
18562
3520
9091
5219
2555
25299
23905
22207
25081
4668
4876
16961
22250
4208
5602
27176
21135
24823
23329
23280
3786
5390
21997
4183
27561
2267
6718
19398
13376
22357
965
4073
7815
20830
2085
4122
10587
7222
10595
6050
25460
3078
12693
1931
23050
27031
13612
15573
19180
25597
12043
6622
18691
18190
5801
10243
11768
2838
11500
18351
12020
5863
5433
25660
20401
3383
15550
23551
24164
9213
14269
25495
6064
17149
20198
4630
17394
17092
6579
23696
10873
11888
24271
3992
22486
23390
1739
25301
9070
23258
25386
1301
20275
4181
25550
328
18405
4713
12480
2381
26463
22504
12851
12932
26148
26903
20280
10117
25697
15104
5765
18381
6290
21976
14749
12258
1233
25513
8961
662
6639
1874
6103
4680
26678
23285
12739
22203
2727
23776
23055
21812
14983
12177
9620
15991
1430
13693
12988
25049
27458
3855
11596
26844
704
9143
27486
7106
25816
13595
17058
19049
2201
7415
26290
24040
26187
19295
26472
18374
7095
10773
9693
8040
24136
17553
3224
24496
1868
26085
21574
8987
21186
13887
13973
7528
26793
12386
16387
1088
3098
14091
12177
24167
24024
26084
21223
7639
3255
4140
7135
16665
20093
17394
21641
10456
8740
8753
14863
24036
11004
24680
15725
22630
6165
26334
20423
2112
13219
5812
9998
10626
20988
18073
1301
12838
12356
1853
26701
22783
26420
417
6319
2043
14343
6283
11301
7140
25536
8278
9001
25983
26076
15487
26722
13714
5354
2518
23878
22818
2212
15564
6239
789
6086
4262
4957
19154
21075
10669
6876
5043
3380
17659
18557
21759
3990
18623
21105
8211
16130
8342
16545
13698
20582
21951
10646
27309
21433
13161
3684
6285
20705
26550
18010
14109
11442
16322
24585
7385
17039
23931
17308
5444
24882
18804
12987
11079
3239
18551
6894
2366
16406
552
20313
11885
10476
9461
11026
3167
12439
26678
9562
434
12499
3937
25091
11149
6363
13250
27325
27054
17538
11042
14488
9525
491
18310
23339
22773
14524
6055
455
19048
16755
6924
2013
1165
27275
12052
11397
21439
20918
21789
9922
15758
6219
1212
20717
24356
24507
6500
4949
3989
24706
21443
6903
12968
8151
24420
17551
9010
12819
12437
6442
19844
6169
10405
7634
4744
13018
16373
18427
17373
12915
22076
2538
2313
14048
10343
26355
16253
5865
15991
3933
14122
10555
8328
14040
25653
13667
15453
24033
14984
15531
6925
8392
9422
4369
20613
18574
518
17056
2456
15948
18769
25791
7316
6760
11116
11522
5419
16457
16504
1814
254
18615
26756
637
22148
7722
22655
23799
3652
10116
25243
16533
17161
305
2300
365
8184
826
4437
20410
1627
6566
11058
19935
5135
4450
26983
5296
3379
22889
26295
25821
14027
18380
16754
16716
9362
20892
943
21524
12707
25475
5682
23050
21571
19028
10593
2539
9888
13681
27328
24870
24643
3778
15180
27249
342
3778
10247
15608
7575
26151
14283
20392
13359
4729
9938
472
6523
12902
13243
23551
16776
26921
12820
17117
22488
9526
19749
10665
10836
2849
19707
18350
5596
19296
4343
6469
14671
8911
25606
11662
26629
1528
15248
9837
13257
3754
2576
5104
9009
1114
20085
9045
8547
669
18244
16965
26582
14316
9936
16816
6644
25097
3829
17701
12783
27403
19398
25580
10192
9008
182
19115
4140
12187
1054
17184
2481
24427
16388
4195
9413
15640
4552
1836
20764
7647
25353
24564
26381
10406
13243
20838
12065
9940
9380
6018
13918
16256
24928
7654
18771
11307
10407
13949
2793
21606
22209
6892
7378
19543
2023
197
21095
15218
11264
4009
15580
2073
5086
13592
5969
10598
11888
11931
9110
4360
12966
12793
10435
17509
8684
11228
1874
1854
10395
6210
14281
14399
12537
26425
17863
18545
21762
22269
21516
8469
15909
25663
2441
24510
12206
24674
13843
15227
18
23041
281
23782
26021
19822
17465
23083
7673
25939
22599
10419
12708
25854
10704
6143
13242
18467
23486
22610
132
18812
10438
26968
22859
6058
25570
17917
23590
8361
2198
12827
25853
24725
17513
11467
16965
17826
4582
23630
18402
8242
3804
6645
2799
12616
5543
19965
6080
2458
11333
12756
7285
20821
477
18243
4195
14627
679
6056
21115
11366
1287
14845
23251
7874
571
26278
26443
9312
23090
26905
17581
4210
9027
8426
6079
23352
16531
25457
24135
12922
25973
18677
20125
9281
12373
20823
22894
21056
8928
24819
6741
18201
2607
9173
17952
6687
4684
13413
770
17838
6671
481
13135
6522
8069
23358
9041
19297
22831
23498
574
17211
2823
7636
19130
18597
15433
25537
11957
10855
24016
18375
6412
15820
16523
14493
16087
8737
6967
1431
8410
27469
16563
2733
10705
9902
8718
21875
2785
3606
24034
15456
22730
5265
16933
2264
25050
21012
12002
18196
1837
16521
24157
10468
19686
8032
17346
3655
26855
2312
14177
15984
18334
6141
26896
21251
2386
25293
5991
21777
20013
12484
13548
24870
9577
5591
12491
10661
24028
18315
26038
8231
