4777
1223
14194
17842
8852
4385
4335
1149
6079
15618
10901
4278
9946
16326
26513
27327
1842
6150
7275
22200
26887
4
12558
12632
3332
9871
12894
22014
18508
504
3459
17285
11131
1950
23748
9505
23739
8900
18850
17510
15182
25433
15958
11046
13998
24087
12265
11588
16089
1960
886
7826
20590
20930
2314
8169
5379
324
17566
19155
21307
23245
18303
18594
22339
93
24151
11891
22512
22728
23926
7257
2313
121
25645
19859
22530
3695
19034
18927
10041
15393
10017
16807
18844
9980
10221
9388
20965
2789
18092
24876
21819
5457
15240
16250
14589
9050
3916
6979
18145
14678
8486
23256
10524
5772
2290
3104
7178
22788
17942
25852
26105
11544
13796
1470
23871
8637
13173
16322
16155
8105
19437
21248
27287
12912
14330
18420
2196
2747
11378
8478
23541
13952
16301
5353
20734
6754
18643
17168
14497
19999
25242
24620
19011
19891
19546
18033
8687
13775
11595
1624
20383
2025
4228
22302
23096
6151
3341
2240
5331
8452
600
20959
7124
7816
7436
15004
12915
20339
26334
3060
21735
935
27017
13569
4366
1247
7062
1353
21678
4992
10891
2482
21849
9419
24890
5104
14959
4230
5614
17838
26481
20342
27100
16571
15813
21650
10174
21490
7877
14911
25193
17134
2865
4433
4427
21799
7083
1949
22883
3217
22736
15885
13291
2586
2660
12916
23866
2406
18730
3379
19124
12286
13698
24187
928
23483
10370
3423
18044
7226
11183
11366
22063
19317
3255
20857
14099
20174
9412
27471
14017
21304
676
6390
19385
11596
13087
4846
6390
1830
25241
7426
27353
24814
18022
16501
15527
6300
8304
11665
12478
14489
24031
12196
17694
27484
2141
11011
15693
21257
8445
8716
4771
3680
4558
6287
6587
19240
14401
21952
11574
9625
5589
24392
1117
8665
3846
16317
25354
10919
26732
11172
26319
12066
2067
19541
5169
20009
16232
3331
2336
18214
11479
6725
10686
8288
9051
13955
6096
27452
1580
9523
7488
11582
9442
22678
13392
9237
24475
13072
26697
19319
24190
15897
11143
17160
11323
8004
20912
22806
22466
7225
22112
11793
11324
20025
26755
19311
12968
23713
5577
19322
9229
4067
18998
25350
21256
24656
9573
909
23489
9118
20055
12164
3892
21210
8468
2780
27153
8617
27183
4862
8003
26763
24487
17969
17739
9539
18865
13982
6617
9462
4673
18629
4905
23845
9557
19711
23156
23660
26282
24019
10870
6092
12544
11970
12744
4588
10252
9893
11388
6251
17049
2055
23909
7429
13260
2876
17997
15481
3745
2074
13456
14218
20491
20135
4594
8021
7691
21451
6354
14787
5768
18027
21088
26255
21656
9476
17551
1602
2475
18618
25148
10841
4670
1776
1843
24784
11389
11139
14595
22308
13118
10744
9240
24643
7129
19172
12278
16507
25036
17706
17775
26203
27431
17680
19122
5788
4971
7543
17513
16653
23921
7397
6185
6863
15518
25725
25774
4092
4165
6323
21878
13597
26890
2416
8804
27451
13187
12300
12156
27139
9087
18445
10006
21534
1325
2818
20296
8667
13019
2188
10788
4485
8691
10434
21022
11623
18718
27339
2696
12979
22245
1847
17062
24278
22901
9469
4291
14553
20586
7367
22350
20301
12180
13342
4259
26662
2377
25114
2796
20882
13047
26084
11254
5439
17772
22409
23069
7276
1016
11915
26792
19442
13098
14698
7654
4341
17821
13531
26253
17086
24242
23261
9491
20598
11345
24430
5993
15578
3601
2545
11715
18434
11011
8708
26899
18138
6623
18116
5359
11654
23175
214
16086
25756
7614
22786
3567
21744
4231
840
6697
20649
25118
7998
497
18592
26884
6644
10112
20625
10401
9705
21616
20658
1842
7761
23227
560
20411
17558
17020
5445
21025
8998
27390
4715
15212
3189
15580
18641
3501
13968
16201
3793
25132
16919
20336
21220
11984
1560
8811
688
15218
8243
11841
13719
24324
2817
19117
4462
7341
19467
4292
18829
5761
14666
27507
7163
26882
19471
20766
9155
10785
23544
2607
11162
21599
13972
4005
4248
8546
9222
10984
10384
13866
25598
758
14612
13525
10613
253
27024
24604
19791
11131
1136
23369
21991
13913
5696
26147
3614
17469
10907
588
14784
7704
25874
20686
577
4153
15747
15876
21118
6349
14105
14976
9062
24298
4904
15991
3523
19781
6772
16223
1200
2720
4990
14780
14528
13131
3903
8694
967
1840
853
15233
14327
15889
6475
20468
21117
14722
23012
5554
11396
3087
18736
24411
4052
11796
27311
15112
14033
21274
24313
2757
17244
8960
5746
68
179
13867
9426
6802
22706
7212
20942
2355
19131
23465
11131
27160
15331
10683
18540
5212
4727
22252
18827
2147
17974
13659
4386
1313
10736
1905
15837
2180
18740
2768
2069
25987
12916
678
16951
6467
10357
7958
3755
3387
1771
21979
12128
16296
8948
5710
15179
24014
12232
22726
16614
19174
3140
7994
18505
20467
14727
19605
12317
1097
1270
17952
23682
13096
11396
21673
10547
12655
4351
15047
1275
18472
25877
17962
2932
4069
7812
25429
22146
15569
15235
14946
25805
17861
8674
895
26781
12347
16010
19549
321
22781
17008
27481
1419
8651
27159
21275
19554
19984
2729
24011
23796
1590
21159
2559
21028
21331
813
10866
5120
16175
17806
13353
6711
6116
6536
11391
7972
2068
5201
4577
2147
17371
6037
26078
3890
10802
10990
16113
11319
24757
242
18320
25769
17238
15536
13624
10335
23828
16664
19021
26269
6056
19746
5210
11727
9086
18143
27080
18154
3670
12253
539
9823
8937
25440
8536
17206
19808
5539
10353
2988
3323
18543
19295
10885
175
9333
15536
14324
6054
27023
6324
12409
17176
27418
23013
13326
5174
980
15599
6195
11514
2077
24242
12486
14578
2953
22279
12565
16982
15519
14503
16579
4169
21621
3824
16798
8677
18842
16580
9652
4113
6765
12463
6161
1423
14071
25224
12113
12476
10515
27143
1546
21518
10299
16458
14850
14427
8311
24421
5044
5324
19931
4135
21273
773
11295
4057
13567
4546
10827
25697
7744
3772
25048
25368
4581
940
10355
20713
13607
13296
17884
4123
19204
15313
22893
21724
595
11890
7894
1058
22114
18395
12544
5885
7994
14458
6668
6642
20446
6809
322
12189
5947
23497
17441
3600
21606
15404
3128
15754
7525
25505
10008
749
24947
4350
11259
9449
13616
683
5862
