17777
19934
20014
26821
7051
17482
10545
9608
16213
9575
536
4429
22481
2575
12838
21516
21349
16975
6829
17018
20872
9397
8755
3662
2854
27375
11731
9797
3229
5076
6679
21702
2828
12742
17860
8497
10848
75
12216
22616
3404
21485
26291
5713
5545
26778
5885
9201
23633
15873
20060
18858
14963
8141
6827
26695
12
19587
20894
5801
13118
15994
11292
17893
21245
11296
16098
9299
7966
3977
6061
19969
1040
14708
23756
6461
14209
22386
3700
5430
11974
8242
25269
12105
20519
26668
26050
10363
13037
6304
13507
11591
22110
25394
4432
24675
646
4940
19785
9278
18876
2211
124
26114
22491
10604
1357
18141
10904
3730
21210
15258
6863
19660
10275
20973
19402
6352
2615
21919
7586
23730
10719
20453
23586
27490
4546
14598
11467
22408
9062
9148
1190
19681
22996
5808
5868
11578
5187
14662
10909
25701
5522
21666
6089
20365
4231
5958
9440
26530
2499
8012
2511
23327
23231
5515
8475
16013
6045
21872
27038
10752
8651
27446
2545
8248
946
11446
5267
23160
14738
7975
6323
8603
26994
11157
16538
7612
22816
14692
2788
18570
12609
4513
22412
25766
18474
13360
563
17563
8145
16230
403
6054
25224
25859
12681
9994
12578
17290
2283
15538
11713
16892
16223
11457
15603
9774
6088
7331
21149
23055
24618
13978
17271
19108
27094
23268
3969
17977
8982
27240
13626
6148
21716
10506
1268
21174
4936
6249
11900
24096
15874
3679
1645
8384
13112
27501
7859
9795
13595
27500
8044
11520
2671
15197
2725
621
13807
22856
1320
23920
19296
22654
11548
7969
23297
16105
4491
27212
14616
19489
16085
2255
3609
26589
21186
19986
14645
22403
2992
2665
11347
25106
13006
22672
20135
7956
2301
17359
20960
16389
25386
4783
9987
22086
4700
19321
2016
4546
8794
5033
27303
9579
4579
27199
16988
20418
14934
8958
22946
17525
15403
1915
20994
14152
24098
4178
15017
12963
21022
5273
24370
21742
14624
4049
5321
24457
7036
20548
19345
5584
16134
8506
26818
17753
6142
9552
26761
8037
14374
24763
6638
18535
23950
14477
25471
9660
11729
18279
13811
23968
15781
8886
4626
24587
3692
8681
766
16898
17806
5186
4382
20208
7226
12397
22804
16863
18556
18995
10175
4138
4548
24290
2180
15085
21143
17795
25325
2810
3350
2882
11460
8311
11868
3423
13443
2193
14664
9454
22177
26364
24542
23363
25647
17861
11115
24412
7657
21910
2453
24922
26976
3816
687
19831
5337
13311
6597
3813
7365
17664
18880
598
18009
7478
8291
4023
1764
115
12240
25110
11111
10117
1780
3062
6319
27064
18607
10400
6398
20905
10237
18132
5541
21484
8603
10854
11156
11574
14779
22462
4477
14419
23834
23924
801
9639
3768
24300
26294
13162
4733
26977
4894
389
8978
9062
19765
9479
1937
1879
16298
10453
12107
23897
26556
2466
23247
20201
15006
13974
22202
6155
2662
18467
1090
6645
1220
16956
20192
25429
13150
16573
18859
15742
23786
8512
9666
5195
17278
913
17487
10863
14945
11136
24053
2413
7856
18047
13004
20635
24442
14624
3832
7528
10234
14996
17878
26254
21536
6294
23240
625
3922
16262
27300
16439
5222
7634
24232
1355
18880
27454
24842
22538
2575
10902
18143
4351
22723
19046
1177
7943
637
10622
6331
9015
23444
20085
150
7966
16180
25173
5360
25128
11414
1963
5881
25630
6758
19448
25818
13863
3954
20735
23432
24680
8344
3851
26765
20078
4399
24822
23278
12249
24008
19241
1837
25616
16532
2416
25508
24641
21678
2305
9929
3006
23358
10243
11596
8026
9317
5026
7442
14537
6307
27154
15843
18256
7231
4954
19812
22907
610
14883
23501
2283
8223
6544
2392
24581
11443
9011
4198
18448
22037
20301
18459
20874
10094
7875
4350
20549
25925
24409
1945
11874
27001
21407
11882
18063
14454
13684
3874
16205
304
853
20261
1238
2447
22629
27544
577
19889
1275
25981
18128
8385
11498
16089
24189
13445
8581
22831
21043
21744
15433
17409
26901
19762
25632
10095
4988
24035
13438
6864
21488
12714
3515
6510
5770
21145
18047
13765
12298
26932
13845
18804
9450
2314
3357
1521
891
4351
8056
13561
13543
1145
21045
24359
15247
8301
25172
12482
20895
19028
5937
10839
4261
19057
15530
18786
12031
11268
25864
22620
178
15508
11115
4665
13393
18300
6633
5617
9577
24253
3521
14234
13408
12071
16602
16650
6217
22347
23143
25058
21338
5910
24730
6001
17395
6572
21299
7756
503
8872
2907
18598
7086
7231
23401
6465
3762
7523
16562
25127
14486
8748
21679
222
11523
14338
4690
4323
17249
15535
15601
18752
11701
495
9946
1419
15657
9561
9021
11221
11413
16183
25669
24733
11398
17212
23796
25579
11009
7648
9038
9027
8831
25268
2757
24075
3529
25053
11952
3720
19590
12626
8998
8902
4360
22325
26782
17374
25249
27356
7694
7084
23950
20224
11426
19291
22910
4827
16548
12864
11910
6279
14618
22272
2301
11384
25595
26379
3676
10283
3240
19636
21712
2513
10887
11884
5100
10699
8878
4778
4261
21230
20348
9361
27554
312
7131
20543
23326
2416
6290
16800
24714
1516
24032
2965
2685
12542
25439
7325
8597
19953
2439
903
4250
651
6004
22115
3933
9544
11716
10699
10488
23403
25598
3894
18115
26720
16747
13209
18494
771
6950
1802
1225
20496
6408
10857
20962
4872
23777
1588
439
1126
17294
18793
9032
24092
12606
3041
13729
12195
16404
2327
22531
1742
11558
3828
27257
6427
22699
6731
11366
5209
14386
613
9652
5150
11138
7674
9353
11301
19658
1470
20458
17755
13511
1161
22455
16401
16200
15752
6744
2607
26920
9322
8990
13166
8626
26425
2560
3020
2779
17178
25195
22642
7798
15929
6649
11994
12287
23258
5650
22170
17180
15789
14189
17215
9341
17248
12933
15666
22793
4733
252
13772
13826
12959
6759
15491
9829
13536
16505
2471
20215
25045
784
5699
26374
3652
11994
4892
21678
413
17131
11760
19430
21356
22271
13304
19769
15316
1204
19981
1203
24031
21584
16080
14213
17296
11771
10424
12651
17163
9418
9496
7575
6306
10762
14816
20654
15331
15325
7758
26169
19327
17804
14786
21921
16153
11647
9671
2477
18687
12202
7891
15026
17117
20879
1448
13174
12071
3252
