22342
24836
3262
25051
17141
2475
7362
14766
26346
26576
4150
26734
26336
12918
21913
3712
11287
25104
21670
26407
17795
885
23288
25634
18400
20614
20191
10594
17787
4441
19153
772
7314
1158
2468
22600
18831
8506
26122
846
11662
10285
20861
21765
4868
13050
11841
17535
19245
20523
7286
18426
17775
4256
3036
13289
26416
9128
15848
5942
20421
6700
13512
18956
24430
26401
14777
3616
3917
6761
23067
6674
22329
6409
25500
9410
5140
6588
16712
12581
9458
22797
15848
14849
25146
7578
20598
20494
10255
15357
1984
1372
14274
21279
25634
3350
15387
12479
326
9038
4247
21737
8337
14209
4336
16319
6914
17746
18678
20325
11972
2207
6074
25049
4002
22666
14502
27462
2047
11756
2711
26480
129
21146
22414
23832
2223
10784
6830
21907
11504
24976
4722
6936
3814
3547
23848
15706
14852
3800
23385
16873
9436
13739
10833
1988
6325
3159
4778
6326
11182
1245
24737
25953
13079
13034
9057
24656
9950
2826
21311
10515
6368
10876
2453
3418
25874
26302
15569
1545
6232
9503
22530
391
1075
4402
17612
19865
17574
11983
14771
7895
20231
4932
18617
4767
9933
16958
21311
2132
25503
21172
12964
11595
11871
8198
13592
13659
22425
21754
17482
10203
22248
14336
9432
25779
24029
14862
16884
15899
5467
8043
12512
6112
23160
5086
6000
4432
6045
11593
8334
25332
11480
4807
24806
27008
11663
2823
6777
10967
16123
6896
16345
19294
5877
2991
7906
8551
11341
13571
2250
6903
21934
698
25489
19820
13015
15669
6283
12203
26520
14764
13980
6143
13024
16920
18412
10686
9902
27240
934
24286
25047
21796
2503
6886
8993
18427
3562
19566
2714
17738
13174
21276
19393
24769
24430
8966
18944
5175
733
20216
13336
12768
24801
16534
16754
23562
22070
15615
4751
6326
24317
685
13055
4376
26978
19332
13350
12517
1541
18492
1059
1878
13998
2458
22439
22423
19603
3934
17884
13908
26805
17608
21915
12062
11524
22653
2195
3455
4498
10556
22816
22006
1566
10770
14158
11168
17826
17023
7763
11508
394
27131
4364
2698
10044
5185
13047
9100
26166
25240
1334
20038
7087
11307
14794
25896
11196
27100
8050
19022
18067
14528
18925
18073
4620
3295
27536
4439
793
15161
24196
18146
4966
9945
12251
27064
4117
23457
17495
10142
4981
11424
12824
3082
15971
6008
10365
15796
6609
7717
16738
6981
22628
27090
19817
9230
15815
2736
24854
24126
22429
6854
16105
536
11366
8379
4233
4637
11308
2411
16222
12512
18862
18983
17318
824
1813
8571
14276
17759
10940
22494
19489
26676
14290
8726
2683
16561
21267
11324
2333
7014
4041
7437
11689
14166
12162
24012
13891
25925
17295
26352
6347
18331
7680
18210
18840
1791
6690
5947
18109
23163
9248
21319
18309
183
16325
10426
25112
29
12303
11345
12257
20996
8656
21448
12526
886
4560
19581
12588
4013
9151
16466
5003
20055
6393
25151
7085
20861
4923
7630
2341
15599
18533
14757
11376
17486
17571
18409
17241
25966
5504
19242
6266
3048
16464
11959
12199
17950
21000
9416
17952
11156
23098
22856
6738
16636
15776
14578
23866
6966
8531
3043
25805
17516
12756
17338
14698
17563
14676
19560
14024
27391
5789
2688
2787
1659
10885
11913
9851
20796
17021
21054
25598
26797
5010
3624
18871
2404
14115
14264
23612
12903
10626
18198
20134
13951
9346
3939
15872
6894
1113
20530
6391
11748
18645
9665
19992
10664
18534
19104
11746
475
8876
11345
7117
5151
22547
11472
24349
10564
20965
10719
22158
20535
10170
5714
21617
26092
8783
18193
11660
22868
20956
4365
23638
27287
13777
24260
15925
4074
5233
10924
20340
22660
21605
8544
14367
2317
2839
3554
18398
13203
4950
13200
3871
1400
23324
15146
25505
18882
15793
22357
24111
27262
15
23734
16607
27289
14183
12758
21944
6049
13280
24681
15553
23183
20060
15868
6480
18070
2195
16967
17923
19802
24428
27079
20962
15755
25472
15718
427
3091
23659
12887
23175
5517
14925
17075
776
16674
9755
1241
13044
5022
3154
5401
3841
4934
1066
17223
7461
14510
18841
13314
14420
11827
3178
13067
23384
23977
7118
5489
15277
17365
11174
5417
26048
2153
2685
3716
4352
16847
15531
1317
25552
19770
20038
1653
23589
25647
27141
23549
21471
13743
4605
10758
3479
743
25783
8045
7870
8934
12423
17587
597
23106
15109
23415
9349
11852
1377
4591
17969
8876
24614
3012
27251
14552
19180
27550
7642
11119
12361
20812
22441
2538
4620
9673
1452
14005
9001
4554
5504
24815
18310
12458
25017
2636
20256
19992
15182
4787
16191
8004
3486
5612
24536
1878
6388
1367
11732
347
24585
5140
2394
8227
12125
2575
27443
8909
7925
1613
7953
1163
13494
20726
17108
2316
2124
21220
24815
14360
2778
22666
9067
7823
20279
283
1213
18112
16364
14133
19800
19189
21347
7647
18762
15042
10712
1599
21309
9052
16479
20133
2658
3291
14844
12913
24421
21875
19936
1295
1920
2305
21858
25904
18538
3422
19613
2804
2993
17378
8818
17739
20353
15798
20096
6233
19951
26734
23778
2265
9871
9949
18574
16209
21586
9908
5418
2270
21053
5407
10471
14911
6073
17416
12893
3988
21362
2550
7825
6283
14277
2351
10896
2660
2852
21439
7750
16366
26564
11526
18829
20625
11531
17788
2789
25628
4885
7007
21843
12987
20959
10699
7198
922
18254
11462
12004
16533
1533
8472
21075
18874
3217
3359
2374
211
11315
17790
19620
14286
2767
17126
3247
3491
2499
3715
4383
5129
8516
8491
5755
6587
24487
19083
15025
4795
5593
2024
25061
19174
15076
8401
4346
16885
27239
4428
6769
10720
1943
18549
10845
27095
10841
16838
4062
10282
4226
20626
23897
9433
18586
7828
14270
22844
16197
8992
7984
12026
11304
9673
15089
20173
11345
11456
3207
574
7711
8517
17736
26328
25685
12174
6340
20810
20660
20114
20207
2691
18480
12327
5598
2498
22604
4539
4286
18057
24522
13845
19069
4039
26219
14583
18427
902
22178
20337
3071
14102
8740
14752
10762
11131
4692
6709
494
25341
17736
25591
4284
25263
21749
15637
11688
6763
20441
6065
1676
20911
18191
19397
17420
11231
10550
22379
8515
22336
21578
23366
13501
17237
26143
11795
1553
23773
24221
13695
10140
24247
6459
4298
17864
6715
4149
7303
7969
163
6064
18161
27065
6729
16797
26773
13116
8036
16187
14660
3348
14923
3912
6793
14214
22302
19494
13360
24512
26137
12300
7634
25416
13232
24063
5629
2909
3190
15538
12405
10085
20521
12111
19152
25505
22511
983
26602
24356
17325
301
26931
10390
10781
13644
14907
26389
23453
12679
24079
10520
1233
8229
8591
12269
13002
19174
9897
25855
7061
20252
24930
15831
24856
1451
15044
79
4027
10937
6197
14405
8347
19229
15900
6311
1672
91
4934
13089
16723
3146
3451
8423
2294
10968
7477
17095
5820
17752
5051
2420
25180
15086
11194
2806
14939
2829
6263
3617
8803
9307
25486
24366
21608
1950
11247
10718
11077
26836
6289
2759
21907
1120
26422
21953
26442
20867
16489
27266
15203
13221
6644
5122
13132
19285
27230
8978
5832
9273
2354
17122
10193
24337
11394
24428
5953
21819
23532
11403
15950
2356
6575
16087
13965
25065
17983
13326
17213
2266
1010
20428
8691
1744
25327
1381
1790
15525
11669
648
1246
6298
3271
17087
12671
2795
11589
24710
15302
19829
27043
15930
13431
14297
16434
20824
16279
19608
11585
17543
4581
24042
6606
9596
8108
26649
5017
2480
18798
2446
5218
16456
19251
24421
16340
23651
18326
21455
14447
122
5199
11662
15088
10381
17552
15859
20884
4527
13429
10315
26929
25696
24482
11782
20427
24942
10070
2962
14105
9151
23297
4848
5498
14266
2219
6348
17205
2822
16465
24407
13073
8404
20750
26253
17525
12916
11647
4853
11771
13001
23612
19435
16827
2314
2839
15580
12279
14721
942
15692
17055
12822
4216
20515
21711
7744
13565
6290
5028
22163
1750
5119
26860
15566
15798
26116
2534
24103
24446
5654
4362
17529
4680
2969
9837
10845
2314
18540
14767
27183
5617
25201
18035
20202
10200
12626
2699
24247
11825
18120
19758
7574
16085
9990
21777
1934
27367
21183
199
24383
23698
18907
24281
12383
10018
2180
27493
23864
3
18433
17769
11049
12669
10471
12013
631
11366
2688
1078
15030
16571
20066
6750
19706
19350
13445
24483
21286
13196
20728
18088
26959
2983
23849
15358
3071
26726
23045
1621
7349
10992
16991
25204
11133
19301
26742
11590
17228
24700
23912
3734
5255
16846
21150
6482
9955
9150
12134
4436
20258
2483
24417
2153
21350
23279
11982
16405
9541
20655
15968
16578
23132
12147
24220
13157
16894
15191
19578
14763
21439
11858
25009
2270
27532
19745
15092
3738
22978
19676
11186
7205
8440
15762
18682
23691
5560
13537
11363
6320
20608
21662
10401
8531
12799
7362
4164
10683
7569
6399
17433
26327
4852
24945
15385
5052
19108
17679
8904
13995
583
530
21863
2738
18673
21150
21650
19248
26004
7945
27454
14988
17804
25971
5966
27061
4432
25844
26329
4539
1380
7062
14738
21155
16372
8481
11551
23121
16972
7186
13781
24368
4520
22497
4707
2472
756
281
26640
24358
1246
18162
26912
5836
2212
9659
19903
16324
11995
25037
85
13638
3786
13470
15370
17423
5445
9122
8781
16680
16015
18649
4351
17698
20949
10692
10705
18749
6286
26077
3538
13683
1031
8369
8634
26060
5457
13037
11815
22521
435
21564
14580
1137
13758
11842
13094
17893
13492
20152
25930
21885
11636
2323
25621
10198
20652
22018
22032
16149
8723
20332
12673
13814
12774
11336
4564
7425
24074
23974
13045
16434
19472
3661
15797
5094
1651
1668
25806
13954
3943
17545
15810
8368
18218
10724
5812
6349
10414
821
9317
14919
15093
1755
15769
12654
17949
21488
4956
26466
14397
25072
17520
4036
1319
383
5133
14184
3873
1925
14999
27053
4263
4123
4288
2056
19490
11858
13639
16401
24228
3121
7712
1622
3759
1791
4815
20950
24599
13898
23169
6068
11427
9928
18865
25945
5764
20471
13946
20683
24167
6284
25801
642
15171
24420
4362
11366
8763
15350
22692
10579
16857
26583
22730
22302
26271
4758
18166
19971
22481
18463
8853
851
3072
7516
22996
24696
11955
27254
828
23562
14210
26880
24060
4230
9509
1491
11800
11715
8760
25067
13187
19268
18019
22829
6776
20967
11019
1420
23884
26785
2980
13586
20552
2795
831
11716
3348
26765
25816
25606
27122
18777
19062
10011
1673
11780
14646
14558
21493
16300
26018
17113
24106
3143
22306
26943
6132
25035
18338
19671
18595
21812
14243
20521
13441
24875
3168
23364
4540
20819
12216
16428
9799
10836
19812
26272
24105
16530
26649
17192
21221
24614
6018
2564
22725
11346
19730
25712
7902
8363
14848
14934
17368
16174
4228
11200
9947
2108
6267
27408
24938
21629
3519
14868
1370
18343
22563
24997
3857
8153
21299
12977
14832
24087
27249
465
9449
14386
20316
26715
18841
7207
26150
24895
12162
19902
15086
27397
10500
24190
24496
10405
19744
25032
24782
2140
816
15491
254
5192
498
21672
4979
26179
20998
22393
11384
8013
18443
23539
23919
24581
23142
12910
13013
1711
12147
16142
2798
9227
6942
15721
11588
11132
1376
6827
6425
19240
17866
3042
3329
2040
19960
15031
22892
2695
6741
1374
17817
7330
19240
3364
14074
1149
2566
12468
19279
16299
5383
16786
18958
8441
22049
4617
6358
16117
23817
22457
15986
59
25949
21678
10770
23964
18288
6385
4388
23612
8758
8727
10791
20796
4300
18659
17456
22535
10202
2844
23563
19347
15563
20130
20492
15006
21932
18165
14398
18597
26273
17018
22469
4932
20426
5872
11162
21632
10786
1129
5268
1071
17334
6609
11250
4458
24266
9148
5389
21769
576
981
14248
25614
16326
16296
17470
25287
5804
24278
1224
22261
793
11130
16115
5145
21792
5564
4523
16649
25844
17943
5681
25057
10248
861
6039
24869
23839
15783
15152
28
3258
5674
22690
10451
8531
6883
7902
11422
5020
15346
17842
18588
9522
26324
6415
20330
10532
23172
10031
19201
9283
24058
20396
11572
10802
10060
11774
10251
1915
11695
16439
8150
10919
2561
12684
7776
412
24264
5546
18536
4063
26845
13414
24445
19713
13253
16461
9389
14137
21819
7218
7784
9356
24030
2394
5438
8091
9454
19721
24316
1312
2058
371
5046
618
12463
6406
25227
19415
13017
2044
14256
18058
16476
11242
2816
22395
6540
13609
22028
13630
8089
23636
1474
19833
24682
12347
12478
8216
18794
19607
22807
1112
15941
16444
6277
13450
14495
1388
9560
7465
19426
20113
21401
12499
20071
27251
494
13453
23424
10881
21991
3850
13254
17830
10450
7472
8242
4682
24689
8919
22981
5694
9441
23092
10515
10959
5680
15800
24177
24344
27009
7735
1150
24860
20464
16872
5775
19138
4001
11668
5599
16768
3103
27371
895
7172
21180
23926
25857
2610
9139
13327
12539
16309
18773
3470
17392
10460
5970
2715
15385
6583
6352
7503
26849
7610
24730
18439
22374
10354
23439
275
25082
18096
24783
25318
21910
23893
25692
24276
4843
8990
14281
8329
17330
20557
9203
6408
7698
21638
13195
72
25900
3084
17986
302
24521
14996
11965
11889
13434
6295
10777
7747
13104
3519
25919
25214
14398
16592
21880
24237
1403
11274
14455
20762
18769
19243
24323
3098
2316
8887
17700
6709
7098
1883
6012
27153
22644
24690
9363
6711
5751
21114
15008
25375
11678
2712
26587
7473
26546
9825
19698
1189
10292
11903
24643
2470
2424
6694
17357
26671
6630
2880
15982
4008
3829
17355
9646
5909
2754
19928
190
18994
25271
18394
26868
9595
21161
12344
12649
24780
20568
25404
7459
12740
15046
21596
4534
19102
3307
164
15498
407
8259
26013
8977
9335
18431
12974
27113
3775
8992
11226
20055
3053
14257
20551
27186
8092
10176
10983
18045
10086
17837
17233
4710
21903
21963
16985
22708
14845
19157
885
1143
25687
5412
6314
6425
20107
9279
4077
11364
15465
19133
23736
27229
1539
14507
16983
11349
23120
11514
26729
14591
18630
19490
7863
27208
7545
4893
23337
22649
9342
19030
25860
8739
14217
10368
11546
21193
9793
12864
24572
23215
9120
2508
9448
16201
3486
11564
3573
12060
10405
20033
23238
835
10000
19363
5360
4772
16689
9994
15262
17930
21173
17083
18070
1652
4149
10990
21334
25982
22143
5833
25717
2585
5880
4268
26633
10751
9099
286
20320
7423
12686
22532
5939
11598
18458
27194
18826
19257
17447
26765
13330
22866
22649
1588
5883
17587
11227
281
13188
11438
15852
25091
2497
1507
17434
11141
12090
18048
17522
16270
23436
2799
13132
19921
9827
26675
3852
7224
20166
23183
16006
23010
19114
4842
25259
7075
25055
21014
9434
20797
4336
11665
6252
672
21903
11427
20380
6884
11596
12299
2284
2353
10549
25784
24452
20555
12150
3685
10464
22933
3716
15694
17514
19487
14258
13513
17838
20729
17741
21629
16968
26048
17868
20082
549
23725
4250
13227
5036
971
13338
18123
27500
6243
8909
10762
26758
22926
7816
3181
10352
9849
3418
336
2376
14827
980
19062
577
6434
9629
6571
4522
23034
10035
3840
23295
14274
5086
2535
26397
19407
4296
15153
17392
15581
15539
16393
2497
17384
7500
6378
7008
16128
19495
20619
10976
23349
8711
8403
27489
26723
14150
11824
14226
2921
17550
5554
11913
292
2779
11650
8834
14929
20378
22110
18541
432
16775
24263
2864
4081
10008
10836
20839
8988
19264
20781
2852
3125
23447
15534
25742
5801
20588
16233
12701
26311
23679
2019
1365
4329
9049
11407
8349
26170
1985
2751
6050
3485
8886
4208
5778
6252
7612
19450
10017
24231
17984
14675
6444
27427
6377
13562
4485
12867
7896
24418
16995
19938
19942
8593
44
11990
7232
106
26344
7735
21935
21820
16376
23361
6283
10302
11435
24245
8805
335
11937
20378
27060
12207
5458
18534
347
13889
20868
13220
8962
1819
18123
12100
23815
17113
14634
23261
4935
10160
18249
16749
11526
4154
20323
27054
16630
22972
6612
9284
9794
23733
14082
24311
16239
17527
16328
5110
11901
22901
1784
8676
4490
2890
9008
4996
5674
23677
14199
1113
5148
26450
4354
4933
22582
20120
708
7839
10110
17237
6910
11870
18926
20086
281
306
17
16275
11514
7606
17372
15302
2535
6924
15104
5310
1800
17977
4896
3845
4
1435
4502
4631
25207
1864
248
4908
10426
6312
17024
17569
22535
25785
21024
26200
2699
18836
19740
17345
12249
19628
23424
20341
20113
27242
1076
477
4963
17225
20718
21069
20029
26351
15993
6954
25045
16335
25982
27359
16392
16903
2419
17000
15994
1632
19150
25934
24532
16415
11518
8842
27522
4973
3954
24688
24943
23642
13231
20160
8751
1480
9010
22937
14157
4275
10485
561
6375
8979
24543
16330
17396
9905
16644
2186
16875
19776
24476
11596
20034
2124
25049
24969
24210
15220
12762
2988
9535
24158
18669
8982
17330
24366
3659
723
12054
5364
15542
26796
5232
15856
8361
7549
13985
24699
242
19801
6892
24932
21381
2848
3604
22217
4135
23669
16383
8987
15342
20804
16409
513
14987
21078
18963
5720
1885
27101
12055
17599
8291
17469
22122
16372
27365
21776
5857
7075
23328
12554
20440
23663
20635
11887
24029
4482
11142
10076
10285
19509
1388
6296
22501
15951
24358
25595
26107
22567
16877
16717
1393
13120
8653
13282
20933
17944
7607
10812
16052
4148
26596
2114
9089
8413
2758
8740
26739
26686
18687
23926
20266
20146
25999
5176
3757
27100
16939
3377
10772
13121
2954
10730
17839
19728
4460
11331
26434
5569
677
5624
2440
14100
17383
13417
15193
17670
5172
16077
7807
9075
6352
26700
23192
11372
2123
9038
21335
21887
26919
26718
16754
2462
26441
13378
23599
22713
2852
16542
17071
15854
10518
23905
7093
23495
8586
9346
12765
1077
18456
17656
23685
25065
6614
1818
4015
13382
22553
13339
25431
21464
127
3568
15023
4018
4251
16834
11395
7858
8460
4406
27044
15859
14740
24216
19197
18267
26634
23383
14027
12316
16671
24984
26739
22351
26531
20725
6769
17416
24004
19756
18782
26148
15384
12815
3548
10449
5394
23286
19692
6661
1871
9178
19770
4126
19373
18671
5792
25340
9157
14286
4277
21812
25981
14556
12500
7912
16508
19360
9353
5934
17593
5561
26882
3313
11593
21039
12377
1037
2154
18919
8005
15856
9663
25959
10732
20600
27101
2863
24003
10439
27078
22827
26596
6113
435
3141
23441
21214
6050
2464
26707
18597
15033
21523
8831
4249
15631
6929
6285
9332
12767
26507
10995
3035
252
11491
27228
6709
24094
14298
20609
18385
21931
3844
2913
6780
5764
2180
23592
2534
26165
7061
23021
6470
7239
8390
11833
16390
14640
3450
4581
3451
12630
22140
24713
2418
7794
15848
25398
24685
24356
17860
21604
15874
21660
26703
17972
19481
17901
2229
23471
17803
10131
2881
4813
404
26552
730
21058
7781
980
27500
460
23718
23320
1318
7672
6625
19633
21845
4846
5966
12149
1561
25570
15869
2474
19499
26431
3721
8222
23814
10626
15880
14728
21806
23955
6914
7166
14614
18409
9709
17198
19618
7764
9892
25725
6585
3870
26359
16474
24462
23749
10869
8377
21097
14115
6811
13420
16373
5156
1121
2297
15173
631
10619
8393
10654
12505
14600
21060
13185
8852
27133
6672
6233
2586
22188
25928
23292
23350
18901
945
6768
715
10975
24599
3627
22681
16457
726
24501
15949
25210
2857
9843
20616
18877
6079
26877
11008
304
11528
3108
9
19648
2412
22935
19892
25717
1703
6613
139
19988
15877
18960
23837
15238
14333
23
15504
1078
8174
21756
8095
23419
11808
13890
8078
18727
17373
9408
8270
10542
26577
25364
5792
5849
22088
26728
12587
9971
1856
7567
17398
17333
24956
6920
2102
8658
10677
2155
1041
10366
4754
6284
1921
1243
11246
22062
7123
22650
3039
15086
17548
26823
6309
2131
586
23175
21669
24981
3530
1943
24720
11398
11245
12651
7729
10217
9421
14600
27192
18758
24534
1608
10006
12356
12622
5439
14732
22848
8872
21762
11038
14836
8518
6205
9264
10003
10131
1774
23316
21765
8852
1328
19676
21645
17825
10845
22377
22140
12353
25711
13855
22517
23406
27433
13550
7684
9025
12023
490
26635
9383
18077
24315
13110
17850
9177
12478
13042
1611
13794
20983
5991
5122
6050
13051
1106
7632
8046
12944
929
500
18608
4892
10621
11706
11268
19472
18859
14398
9624
21394
7147
5778
3987
15684
20025
8266
13444
23482
22912
24992
16187
26345
11558
26503
24043
23782
8589
21558
8425
193
7992
5879
14251
23209
18506
21842
7895
13838
6089
3733
7040
27454
17872
6369
24061
3370
21161
12635
25779
10175
22812
22919
24841
22215
23156
10931
417
27341
18176
5235
17761
503
10997
22798
27011
13342
22370
8494
27145
18828
24818
7825
12297
19407
15033
15628
17861
19724
18559
10732
3096
27494
10278
5868
1477
27120
7918
4954
23485
25065
7759
11259
21367
16107
17561
6405
11724
18013
15926
4500
9982
24445
6278
7660
14313
10277
9419
10004
1715
24584
22887
1067
18591
1363
5048
23091
24200
26345
20712
26354
7124
12004
21820
1854
9111
1892
17411
23941
22088
19556
978
4036
8780
25287
25218
22394
7370
20882
19886
1368
12336
3892
26860
12365
14089
5069
25809
2911
925
9859
2265
22179
10902
17620
11736
22440
69
25169
22956
13538
1795
9169
11111
3424
2007
501
22013
14413
22707
2407
19989
18873
12907
9163
6176
22585
17514
4997
6701
16354
5888
18459
5061
8085
25446
4417
13105
363
14893
3012
11047
5305
11202
19915
2058
22822
4672
201
22156
13194
20183
20320
737
12349
24646
7864
4579
2806
13045
17780
19763
22014
14077
16635
13023
27040
11258
14328
9420
20312
25361
5190
10951
3902
190
27503
24370
11580
17071
12274
411
21262
18428
15298
16001
9165
24597
26432
4589
11495
24506
18087
115
22401
26405
1943
17031
18131
26269
24145
17525
16439
15835
19939
18324
15533
13393
24926
5936
3947
16701
26407
11580
8823
1644
5150
13566
8735
9120
3233
1617
1906
8487
24685
12700
9482
5376
15937
27486
17223
3599
18963
3962
4619
8883
25972
7986
24128
13001
12439
3488
13225
971
26282
6056
2154
10870
6590
13659
7247
14445
4376
2639
16312
21907
19699
22279
9109
645
1848
7743
16914
14822
2137
25455
4094
23809
467
7449
19054
20447
6866
4739
4432
17000
1491
17986
22568
7211
11588
17634
13826
4298
8323
586
11897
20623
8396
19600
17087
2305
21702
8296
3184
20433
10677
9666
1360
1323
6289
24261
1605
12463
6990
25294
21279
577
12817
9152
10478
6868
22564
23762
11494
12470
11272
20346
17608
8806
22376
11343
5407
1011
24202
4842
1822
22080
14745
6781
6802
10075
21482
15664
5710
21419
21334
12295
739
18519
15052
3345
16951
23104
20077
7226
18794
8764
18055
15800
4283
11875
17640
23126
3470
16035
12011
18029
5690
17096
1788
15849
15823
398
20732
425
4631
9165
9721
26583
9555
7140
1363
3176
4836
9069
1120
3420
9988
7986
26199
12572
2549
2359
26735
19939
19293
14201
25986
24832
939
19798
18757
7435
23548
5316
25665
26953
13757
9159
17005
536
3539
18871
42
15217
8611
5185
14398
27328
6873
18105
7150
9258
19874
3335
2974
415
22538
179
6390
18939
2475
571
20027
24568
7792
27389
8830
18303
27482
25485
8336
18604
2643
25128
22952
25209
430
7597
15121
13037
20991
23722
7465
9204
27454
12089
26313
18965
8540
8641
11462
18044
8344
26927
24892
14795
12681
7180
26991
3911
23980
7945
22427
10285
26570
13502
20922
11697
26882
1560
6749
2719
14480
15778
7215
24922
19262
11389
13984
24681
25356
26387
21554
14066
11707
22001
23346
5441
1845
17419
19169
2424
2879
26281
23032
16035
5249
8285
3377
10999
14039
11175
13873
9806
23302
7734
23871
789
15197
17272
8070
3207
25269
6394
6283
12331
12176
8229
14821
25031
6678
7197
6448
17
3585
20595
16156
1881
25457
27424
21828
25046
7758
10034
22931
1656
18951
21287
10576
2253
17805
24050
19105
9687
26978
5036
24748
954
14985
11190
1695
17209
20536
22517
9714
13667
2477
22602
25018
25575
24332
5355
4826
13451
18955
7666
6903
19316
13794
20236
10864
19967
6621
25406
26635
958
5253
18454
23482
11368
11268
17473
23868
6069
1288
6765
8941
22514
464
16430
20435
15008
22865
7253
9393
7366
15370
5319
2077
12196
15172
23397
10320
1063
18361
5711
9550
21625
8461
24953
6842
557
2575
14826
12516
22502
26613
1317
16018
24212
11723
26599
5507
12484
18937
21325
19556
18274
17460
17641
21613
16027
19507
11689
19109
7966
1788
2473
26753
15965
17792
4669
17974
17215
2704
11097
23551
835
8859
3491
27255
16296
24794
17474
8255
446
20063
627
18557
24737
24312
18065
24126
22271
4684
10868
20660
15416
3822
7247
23903
26441
21548
16717
23186
24620
26803
15989
902
17923
14016
22856
27236
24403
5741
13984
18892
18601
7329
16894
12058
7011
9970
2548
15342
17652
23241
6436
622
17525
23280
10738
25537
6940
7475
18413
12802
22246
25679
1093
5085
6711
11141
12987
18445
9643
5528
9814
25567
16393
10341
25758
26870
26550
6774
10074
14082
7549
7768
15234
4635
22410
6452
6284
7216
22646
22003
20333
24226
25317
24106
9604
12963
8514
4667
2214
6576
17264
10243
22925
24445
22346
18928
23541
14633
21032
15797
26138
21100
21201
7636
11712
24849
8781
11814
12758
19960
383
1856
18909
9076
27281
1797
22049
17270
26126
6419
4705
7603
22483
6634
15751
21489
16341
27401
10719
7679
7954
15241
2774
6766
8814
8297
6484
3276
864
16810
20089
2913
18030
1806
23193
4209
20687
6638
9074
23953
20637
1593
22392
15872
8302
3037
19306
8025
9387
6192
18937
19198
16024
25861
4148
20181
2619
22191
16339
17369
2581
23293
9898
15061
20987
12011
3876
7192
4033
22102
14860
8944
1852
1212
11873
2034
21052
6465
4707
14505
24271
20506
24965
4954
2700
17074
26347
18854
24308
2215
23082
603
19651
7370
26017
16900
12630
17370
24549
9053
432
124
11653
19112
5987
24749
372
4978
19275
20811
5319
25568
10723
4017
19040
16264
5573
9316
24466
17458
27139
16095
20208
25464
27506
13327
11403
21614
23357
27405
7532
2966
21121
19770
12687
2415
10579
575
10722
15098
11432
10699
17073
13950
21224
18149
289
10097
27380
24907
16354
9363
13742
9271
25387
24143
14499
24555
26830
6123
4815
8485
340
21439
9400
15853
20230
4181
6721
23461
4402
23067
20273
11620
11717
24610
16534
14517
1212
15513
20965
12797
24677
17166
12853
894
7222
13092
8340
11282
24788
18491
16551
22127
24698
9055
26852
2862
13841
23112
27468
282
26781
26419
22282
11076
24708
11953
20336
22711
24262
9824
8013
22509
3975
27232
3200
19449
2310
9603
10466
10311
27284
585
20025
8176
5823
16002
17245
21266
1413
24585
5133
24244
8691
6058
11966
3200
17675
282
14986
24183
22128
1675
7409
23119
9586
457
14528
7731
25918
9380
24351
6287
25893
15992
7717
16227
18278
22486
631
2213
18599
13476
26929
26771
19083
2445
202
4546
15952
8228
1696
25076
559
22066
22494
16839
24281
15941
342
20241
21823
5375
15070
23286
21251
895
2799
17799
10586
13370
14378
16259
1579
7936
10197
6050
1155
1614
24043
19988
14535
9750
16773
8342
1936
17163
23930
10517
4345
26038
12866
7469
22856
10904
15623
16521
25094
17578
19245
6477
18307
15254
18517
11842
18265
11696
8144
19559
9639
22364
24435
20094
597
11384
9674
23818
14613
18643
11743
6941
19875
5303
6288
8496
2405
17738
15000
18434
6300
25712
18997
11280
235
22022
9142
3749
16787
5721
11679
26134
15648
23397
13680
11759
4401
16331
1970
19816
2830
12966
10514
22460
15172
5369
10884
1668
21395
8346
19057
25087
19094
16922
8732
25644
5230
6460
9379
13689
24237
2475
27432
25683
7351
21987
20627
8629
10402
7470
6976
20488
11578
13919
7538
10637
3182
2954
18388
8603
12267
12220
18509
21871
5946
6309
740
12562
8130
25846
21977
9908
2986
6426
20903
20224
13887
11345
19608
5734
5482
18585
26828
11695
22497
14126
17466
15228
12441
5072
21177
17388
22189
9746
8237
18732
13106
19816
3757
7524
1617
16615
5577
3683
6001
5026
20682
26518
5219
14248
477
11574
16551
5727
23926
24323
11159
21853
7571
26072
3617
8762
7085
16884
21340
3393
27158
16932
15798
2512
6979
13226
13558
10491
23127
9814
13619
18391
8111
23782
15084
20956
16969
16962
173
342
16603
1507
6372
2821
663
5845
8823
8677
19882
7901
27384
10426
20732
23663
15998
8061
9798
9245
735
22112
6370
9370
524
14573
2204
26276
16098
14507
10046
12719
18849
3731
15814
26241
23226
25543
9026
12960
3759
5558
13175
22009
12663
10417
7536
26552
1522
18301
27312
4432
27509
9635
14126
2458
19706
19547
16509
10641
4159
13535
9159
24881
13900
22746
5154
26793
17642
18508
24140
4178
13388
23497
4008
5091
6383
12766
23263
23054
10579
11716
4450
10935
16968
26664
17276
23831
3517
17395
5713
15964
18097
24526
335
11021
4168
25754
23173
12034
22333
9798
13365
13707
24140
12444
19135
20231
1867
4860
19683
23199
14570
1464
18847
11104
2962
27439
11398
19954
19162
5596
24620
11960
22431
5681
9700
2473
17621
22845
20114
4083
13113
23532
6946
25346
1942
23917
8254
16569
16330
16857
24612
24872
13804
13850
18152
21114
718
20361
24696
24393
10070
24473
23168
16736
22823
23389
4279
3844
9045
9867
22384
13947
10831
657
12843
10829
13782
11938
1355
11307
3566
1555
10422
1558
11500
17606
9711
16291
2456
6424
10915
6940
3222
2835
20963
10424
21516
4244
24392
21302
892
16034
1925
13661
17406
14616
10271
3492
11388
809
18301
25211
10486
14220
11696
6750
74
22766
11657
8968
4935
8814
5783
6895
25392
23348
19057
21706
6758
23301
14933
13227
15074
27170
355
23755
17870
22367
20967
14179
10454
20815
4775
20394
5069
17927
26859
11281
26054
12710
4196
25537
11693
8245
20133
19298
12164
11198
512
21936
16969
12516
13775
17734
24058
23311
5510
19762
25412
15344
20450
3218
26053
10011
15810
23115
276
24778
24614
18371
25561
4193
2882
19694
8980
3022
14204
4769
17508
11481
4695
10726
18003
19756
25297
11158
2089
24960
25090
1116
6265
17734
18432
360
15622
13696
12376
18570
17153
20798
15114
21384
6875
4138
25386
22200
11856
12720
1419
10762
27179
7716
11191
26071
17934
21935
15218
17618
22436
17363
24216
6442
10847
27028
1018
24255
13079
1408
6160
3507
7796
11628
20993
25936
11115
2975
17563
22733
20292
20978
24879
2143
11876
14756
20266
10451
1087
1176
17965
25324
8228
24412
27333
3960
15045
23283
27047
2903
4411
7392
10660
1659
26230
3752
24856
7378
14256
21292
1463
22742
13773
9357
25908
13068
6049
6670
25705
20483
18811
22328
18797
18624
14874
23627
8941
25876
14756
26390
3863
21331
1128
7863
24534
903
26045
4395
13282
7670
24623
549
8849
12289
20674
4749
23406
25018
3271
12671
5310
13287
26791
3194
13329
7763
17326
23320
9623
9651
15957
5796
19574
9678
10512
16069
6251
