22342
24836
3262
25051
17141
2475
7362
14766
26346
26576
4150
26734
26336
12918
21913
3712
11287
25104
21670
26407
17795
885
23288
25634
18400
20614
20191
10594
17787
4441
19153
772
7314
1158
2468
22600
18831
8506
26122
846
11662
10285
20861
21765
4868
13050
11841
17535
19245
20523
7286
18426
17775
4256
3036
13289
26416
9128
15848
5942
20421
6700
13512
18956
24430
26401
14777
3616
3917
6761
23067
6674
22329
6409
25500
9410
5140
6588
16712
12581
9458
22797
15848
14849
25146
7578
20598
20494
10255
15357
1984
1372
14274
21279
25634
3350
15387
12479
326
9038
4247
21737
8337
14209
4336
16319
6914
17746
18678
20325
11972
2207
6074
25049
4002
22666
14502
27462
2047
11756
2711
26480
129
21146
22414
23832
2223
10784
6830
21907
11504
24976
4722
6936
3814
3547
23848
15706
14852
3800
23385
16873
9436
13739
10833
1988
6325
3159
4778
6326
11182
1245
24737
25953
13079
13034
9057
24656
9950
2826
21311
10515
6368
10876
2453
3418
25874
26302
15569
1545
6232
9503
22530
391
1075
4402
17612
19865
17574
11983
14771
7895
20231
4932
18617
4767
9933
16958
21311
2132
25503
21172
12964
11595
11871
8198
13592
13659
22425
21754
17482
10203
22248
14336
9432
25779
24029
14862
16884
15899
5467
8043
12512
6112
23160
5086
6000
4432
6045
11593
8334
25332
11480
4807
24806
27008
11663
2823
6777
10967
16123
6896
16345
19294
5877
2991
7906
8551
11341
13571
2250
6903
21934
698
25489
19820
13015
15669
6283
12203
26520
14764
13980
6143
13024
16920
18412
10686
9902
27240
934
24286
25047
21796
2503
6886
8993
18427
3562
19566
2714
17738
13174
21276
19393
24769
24430
8966
18944
5175
733
20216
13336
12768
24801
16534
16754
23562
22070
15615
4751
6326
24317
685
13055
4376
26978
19332
13350
12517
1541
18492
1059
1878
13998
2458
22439
22423
19603
3934
17884
13908
26805
17608
21915
12062
11524
22653
2195
3455
4498
10556
22816
22006
1566
10770
14158
11168
17826
17023
7763
11508
394
27131
4364
2698
10044
5185
13047
9100
26166
25240
1334
20038
7087
11307
14794
25896
11196
27100
8050
19022
18067
14528
18925
18073
4620
3295
27536
4439
793
15161
24196
18146
4966
9945
12251
27064
4117
23457
17495
10142
4981
11424
12824
3082
15971
6008
10365
15796
6609
7717
16738
6981
22628
27090
19817
9230
15815
2736
24854
24126
22429
6854
16105
536
11366
8379
4233
4637
11308
2411
16222
12512
18862
18983
17318
824
1813
8571
14276
17759
10940
22494
19489
26676
14290
8726
2683
16561
21267
11324
2333
7014
4041
7437
11689
14166
12162
24012
13891
25925
17295
26352
6347
18331
7680
18210
18840
1791
6690
5947
18109
23163
9248
21319
18309
183
16325
10426
25112
29
12303
11345
12257
20996
8656
21448
12526
886
4560
19581
12588
4013
9151
16466
5003
20055
6393
25151
7085
20861
4923
7630
2341
15599
18533
14757
11376
17486
17571
18409
17241
25966
5504
19242
6266
3048
16464
11959
12199
17950
21000
9416
17952
11156
23098
22856
6738
16636
15776
14578
23866
6966
8531
3043
25805
17516
12756
17338
14698
17563
14676
19560
14024
27391
5789
2688
2787
1659
10885
11913
9851
20796
17021
21054
25598
26797
5010
3624
18871
2404
14115
14264
23612
12903
10626
18198
20134
13951
9346
3939
15872
6894
1113
20530
6391
11748
18645
9665
19992
10664
18534
19104
11746
475
8876
11345
7117
5151
22547
11472
24349
10564
20965
10719
22158
20535
10170
5714
21617
26092
8783
18193
11660
22868
20956
4365
23638
27287
13777
24260
15925
4074
5233
10924
20340
22660
21605
8544
14367
2317
2839
3554
18398
13203
4950
13200
3871
1400
23324
15146
25505
18882
15793
22357
24111
27262
15
23734
16607
27289
14183
12758
21944
6049
13280
24681
15553
23183
20060
15868
6480
18070
2195
16967
17923
19802
24428
27079
20962
15755
25472
15718
427
3091
23659
12887
23175
5517
14925
17075
776
16674
9755
1241
13044
5022
3154
5401
3841
4934
1066
17223
7461
14510
18841
13314
14420
11827
3178
13067
23384
23977
7118
5489
15277
17365
11174
5417
26048
2153
2685
3716
4352
16847
15531
1317
25552
19770
20038
1653
23589
25647
27141
23549
21471
13743
4605
10758
3479
743
25783
8045
7870
8934
12423
17587
597
23106
15109
23415
9349
11852
1377
4591
17969
8876
24614
3012
27251
14552
19180
27550
7642
11119
12361
20812
22441
2538
4620
9673
1452
14005
9001
4554
5504
24815
18310
12458
25017
2636
20256
19992
15182
4787
16191
8004
3486
5612
24536
1878
6388
1367
11732
347
24585
5140
2394
8227
12125
2575
27443
8909
7925
1613
7953
1163
13494
20726
17108
2316
2124
21220
24815
14360
2778
22666
9067
7823
20279
283
1213
18112
16364
14133
19800
19189
21347
7647
18762
15042
10712
1599
21309
9052
16479
20133
2658
3291
14844
12913
24421
21875
19936
1295
1920
2305
21858
25904
18538
3422
19613
2804
2993
17378
8818
17739
20353
15798
20096
6233
19951
26734
23778
2265
9871
9949
18574
16209
21586
9908
5418
2270
21053
5407
10471
14911
6073
17416
12893
3988
21362
2550
7825
6283
14277
2351
10896
2660
2852
21439
7750
16366
26564
11526
18829
20625
11531
17788
2789
25628
4885
7007
21843
12987
20959
10699
7198
922
18254
11462
12004
16533
1533
8472
21075
18874
3217
3359
2374
211
11315
17790
19620
14286
2767
17126
3247
3491
2499
3715
4383
5129
8516
8491
5755
6587
24487
19083
15025
4795
5593
2024
25061
19174
15076
8401
4346
16885
27239
4428
6769
10720
1943
18549
10845
27095
10841
16838
4062
10282
4226
20626
23897
9433
18586
7828
14270
22844
16197
8992
7984
12026
11304
9673
15089
20173
11345
11456
3207
574
7711
8517
17736
26328
25685
12174
6340
20810
20660
20114
20207
2691
18480
12327
5598
2498
22604
4539
4286
18057
24522
13845
19069
4039
26219
14583
18427
902
22178
20337
3071
14102
8740
14752
10762
11131
4692
6709
494
25341
17736
25591
4284
25263
21749
15637
11688
6763
20441
6065
1676
20911
18191
19397
17420
11231
10550
22379
8515
22336
21578
23366
13501
17237
26143
11795
1553
23773
24221
13695
10140
24247
6459
4298
17864
6715
4149
7303
7969
163
6064
18161
27065
6729
16797
26773
13116
8036
16187
14660
3348
14923
3912
6793
14214
22302
19494
13360
24512
26137
12300
7634
25416
13232
24063
5629
2909
3190
15538
12405
10085
20521
12111
19152
25505
22511
983
26602
24356
17325
301
26931
10390
10781
13644
14907
26389
23453
12679
24079
10520
1233
8229
8591
12269
13002
19174
9897
25855
7061
20252
24930
15831
24856
1451
15044
79
4027
10937
6197
14405
8347
19229
15900
6311
1672
91
4934
13089
16723
3146
3451
8423
2294
10968
7477
17095
5820
17752
5051
2420
25180
15086
11194
2806
14939
2829
6263
3617
8803
9307
25486
24366
21608
1950
11247
10718
11077
26836
6289
2759
21907
1120
26422
21953
26442
20867
16489
27266
15203
13221
6644
5122
13132
19285
27230
8978
5832
9273
2354
17122
10193
24337
11394
24428
5953
21819
23532
11403
15950
2356
6575
16087
13965
25065
17983
13326
17213
2266
1010
20428
8691
1744
25327
1381
1790
15525
11669
648
1246
6298
3271
17087
12671
2795
11589
24710
15302
19829
27043
15930
13431
14297
16434
20824
16279
19608
11585
17543
4581
24042
6606
9596
8108
26649
5017
2480
18798
2446
5218
16456
19251
24421
16340
23651
18326
21455
14447
122
5199
11662
15088
10381
17552
15859
20884
4527
13429
10315
26929
25696
24482
11782
20427
24942
10070
2962
14105
9151
23297
4848
5498
14266
2219
6348
17205
2822
16465
24407
13073
8404
20750
26253
17525
12916
11647
4853
11771
13001
23612
19435
16827
2314
2839
15580
12279
14721
942
15692
17055
12822
4216
20515
21711
7744
13565
6290
5028
22163
1750
5119
26860
15566
15798
26116
2534
24103
24446
5654
4362
17529
4680
2969
9837
10845
2314
18540
14767
27183
5617
25201
18035
20202
10200
12626
2699
24247
11825
18120
19758
7574
16085
9990
21777
1934
27367
21183
199
24383
23698
18907
24281
12383
10018
2180
27493
23864
3
18433
17769
11049
12669
10471
12013
631
11366
2688
1078
15030
16571
20066
6750
19706
19350
13445
24483
21286
13196
20728
18088
26959
2983
23849
15358
3071
26726
23045
1621
7349
10992
16991
25204
11133
19301
26742
11590
17228
24700
23912
3734
5255
16846
21150
6482
9955
9150
12134
4436
20258
2483
24417
2153
21350
23279
11982
16405
9541
20655
15968
16578
23132
12147
24220
13157
16894
15191
19578
14763
21439
11858
25009
2270
27532
19745
15092
3738
22978
19676
11186
7205
8440
15762
18682
23691
5560
13537
11363
6320
20608
21662
10401
8531
12799
7362
4164
10683
7569
6399
17433
26327
4852
24945
15385
5052
19108
17679
8904
13995
583
530
21863
2738
18673
21150
21650
19248
26004
7945
27454
14988
17804
25971
5966
27061
4432
25844
26329
4539
1380
7062
14738
21155
16372
8481
11551
23121
16972
7186
13781
24368
4520
22497
4707
2472
756
281
26640
24358
1246
18162
26912
5836
2212
9659
19903
16324
11995
25037
85
13638
3786
13470
15370
17423
5445
9122
8781
16680
16015
18649
4351
17698
20949
10692
10705
18749
6286
26077
3538
13683
1031
8369
8634
26060
5457
13037
11815
22521
435
21564
14580
1137
13758
11842
13094
17893
13492
20152
25930
21885
11636
2323
25621
10198
20652
22018
22032
16149
8723
20332
12673
13814
12774
11336
4564
7425
24074
23974
13045
16434
19472
3661
15797
5094
1651
1668
25806
13954
3943
17545
15810
8368
18218
10724
5812
6349
10414
821
9317
14919
15093
1755
15769
12654
17949
21488
4956
26466
14397
25072
17520
4036
1319
383
5133
14184
3873
1925
14999
27053
4263
4123
4288
2056
19490
11858
13639
16401
24228
3121
7712
1622
3759
1791
4815
20950
24599
13898
23169
6068
11427
9928
18865
25945
5764
20471
13946
20683
24167
6284
25801
642
15171
24420
4362
11366
8763
15350
22692
10579
16857
26583
22730
22302
26271
4758
18166
19971
22481
18463
8853
851
3072
7516
22996
24696
11955
27254
828
23562
14210
26880
24060
4230
9509
1491
11800
11715
8760
25067
13187
19268
18019
22829
6776
20967
11019
1420
23884
26785
2980
13586
20552
2795
831
11716
3348
26765
25816
25606
27122
18777
19062
10011
1673
11780
14646
14558
21493
16300
26018
17113
24106
3143
22306
26943
6132
25035
18338
19671
18595
21812
14243
20521
13441
24875
3168
23364
4540
20819
12216
16428
9799
10836
19812
26272
24105
16530
26649
17192
21221
24614
6018
2564
22725
11346
19730
25712
7902
8363
14848
14934
17368
16174
4228
11200
9947
2108
6267
27408
24938
21629
3519
14868
1370
18343
22563
24997
3857
8153
21299
12977
14832
24087
27249
465
9449
14386
20316
26715
18841
7207
26150
24895
12162
19902
15086
27397
10500
24190
24496
10405
19744
25032
24782
2140
816
15491
254
5192
498
21672
4979
26179
20998
22393
11384
8013
18443
23539
23919
24581
23142
12910
13013
1711
12147
16142
2798
9227
6942
15721
11588
11132
1376
6827
6425
19240
17866
3042
3329
2040
19960
15031
22892
2695
6741
1374
17817
7330
19240
3364
14074
1149
2566
12468
19279
16299
5383
16786
18958
8441
22049
4617
6358
16117
23817
22457
15986
59
25949
21678
10770
23964
18288
6385
4388
23612
8758
8727
10791
20796
4300
18659
17456
22535
10202
2844
23563
19347
15563
20130
20492
15006
21932
18165
14398
18597
26273
17018
22469
4932
20426
5872
11162
21632
10786
1129
5268
1071
17334
6609
11250
4458
24266
9148
5389
21769
576
981
14248
25614
16326
16296
17470
25287
5804
24278
1224
22261
793
11130
16115
5145
21792
5564
4523
16649
25844
17943
5681
25057
10248
861
6039
24869
23839
15783
15152
28
3258
5674
22690
10451
8531
6883
7902
11422
5020
15346
17842
18588
9522
26324
6415
20330
10532
23172
10031
19201
9283
24058
20396
11572
10802
10060
11774
10251
1915
11695
16439
8150
10919
2561
12684
7776
412
24264
5546
18536
4063
26845
13414
24445
19713
13253
16461
9389
14137
21819
7218
7784
9356
24030
2394
5438
8091
9454
19721
24316
1312
2058
371
5046
618
12463
6406
25227
19415
13017
2044
14256
18058
16476
11242
2816
22395
6540
13609
22028
13630
8089
23636
1474
19833
24682
12347
12478
8216
18794
19607
22807
1112
15941
16444
6277
13450
14495
1388
9560
7465
19426
20113
21401
12499
20071
27251
494
13453
23424
10881
21991
3850
13254
17830
10450
7472
8242
4682
24689
8919
22981
5694
9441
23092
10515
10959
5680
15800
24177
24344
27009
7735
1150
24860
20464
16872
5775
19138
4001
11668
5599
16768
3103
27371
895
7172
21180
23926
25857
2610
9139
13327
12539
16309
18773
3470
17392
10460
5970
2715
15385
6583
6352
7503
26849
7610
24730
18439
22374
10354
23439
275
25082
18096
24783
25318
21910
23893
25692
24276
4843
8990
14281
8329
17330
20557
9203
6408
7698
21638
13195
72
25900
3084
17986
302
24521
14996
11965
11889
13434
6295
10777
7747
13104
3519
25919
25214
14398
16592
21880
24237
1403
11274
14455
20762
18769
19243
24323
3098
2316
8887
17700
6709
7098
1883
6012
27153
22644
24690
9363
6711
5751
21114
15008
25375
11678
2712
26587
7473
26546
9825
19698
1189
10292
11903
24643
2470
2424
6694
17357
26671
6630
2880
15982
4008
3829
17355
9646
5909
2754
19928
190
18994
25271
18394
26868
9595
21161
12344
12649
24780
20568
25404
7459
12740
15046
21596
4534
19102
3307
164
15498
407
8259
26013
8977
9335
18431
12974
27113
3775
8992
11226
20055
3053
14257
20551
27186
8092
10176
10983
18045
10086
17837
17233
4710
21903
21963
16985
22708
14845
19157
885
1143
25687
5412
6314
6425
20107
9279
4077
11364
15465
19133
23736
27229
1539
14507
16983
11349
23120
11514
26729
14591
18630
19490
7863
27208
7545
4893
23337
22649
9342
19030
25860
8739
14217
10368
11546
21193
9793
12864
24572
23215
9120
2508
9448
16201
3486
11564
3573
12060
10405
20033
23238
835
10000
19363
5360
4772
16689
9994
15262
17930
21173
17083
18070
1652
4149
10990
21334
25982
22143
5833
25717
2585
5880
4268
26633
10751
9099
286
20320
7423
12686
22532
5939
11598
18458
27194
18826
19257
17447
26765
13330
22866
22649
1588
5883
17587
11227
281
13188
11438
15852
25091
2497
1507
17434
11141
12090
18048
17522
16270
23436
2799
13132
19921
9827
26675
3852
7224
20166
23183
16006
23010
19114
4842
25259
7075
25055
21014
9434
20797
4336
11665
6252
672
21903
11427
20380
6884
11596
12299
2284
2353
10549
25784
24452
20555
12150
3685
10464
22933
3716
15694
17514
19487
14258
13513
17838
20729
17741
21629
16968
26048
17868
20082
549
23725
4250
13227
5036
971
13338
18123
27500
6243
8909
10762
26758
22926
7816
3181
10352
9849
3418
336
2376
14827
980
19062
577
6434
9629
6571
4522
23034
10035
3840
23295
14274
5086
2535
26397
19407
4296
15153
17392
15581
15539
16393
2497
17384
7500
6378
7008
16128
19495
20619
10976
23349
8711
8403
27489
26723
14150
11824
14226
2921
17550
5554
11913
292
2779
11650
8834
14929
20378
22110
18541
432
16775
24263
2864
4081
10008
10836
20839
8988
19264
20781
2852
3125
23447
15534
25742
5801
20588
16233
12701
26311
23679
2019
1365
4329
9049
11407
8349
26170
1985
2751
6050
3485
8886
4208
5778
6252
7612
19450
10017
24231
17984
14675
6444
27427
6377
13562
4485
12867
7896
24418
16995
19938
19942
8593
44
11990
7232
106
26344
7735
21935
21820
16376
23361
6283
10302
11435
24245
8805
335
11937
20378
27060
12207
5458
18534
347
13889
20868
13220
8962
1819
18123
12100
23815
17113
14634
23261
4935
10160
18249
16749
11526
4154
20323
27054
16630
22972
6612
9284
9794
23733
14082
24311
16239
17527
16328
5110
11901
22901
1784
8676
4490
2890
9008
4996
5674
23677
14199
1113
5148
26450
4354
4933
22582
20120
708
7839
10110
17237
6910
11870
18926
20086
281
306
17
16275
11514
7606
17372
15302
2535
6924
15104
5310
1800
17977
4896
3845
4
1435
4502
4631
25207
1864
248
4908
10426
6312
17024
17569
22535
25785
21024
26200
2699
18836
19740
17345
12249
19628
23424
20341
20113
27242
1076
477
4963
17225
20718
21069
20029
26351
15993
6954
25045
16335
25982
27359
16392
16903
2419
17000
15994
1632
19150
25934
24532
16415
11518
8842
27522
4973
3954
24688
24943
23642
13231
20160
8751
1480
9010
22937
14157
4275
10485
561
6375
8979
24543
16330
17396
9905
16644
2186
16875
19776
24476
11596
20034
2124
25049
24969
24210
15220
12762
2988
9535
24158
18669
8982
17330
24366
3659
723
12054
5364
15542
26796
5232
15856
8361
7549
13985
24699
242
19801
6892
24932
21381
2848
3604
22217
4135
23669
16383
8987
15342
20804
16409
513
14987
21078
18963
5720
1885
27101
12055
17599
8291
17469
22122
16372
27365
21776
5857
7075
23328
12554
20440
23663
20635
11887
24029
4482
11142
10076
10285
19509
1388
6296
22501
15951
24358
25595
26107
22567
16877
16717
1393
13120
8653
13282
20933
17944
7607
10812
16052
4148
26596
2114
9089
8413
2758
8740
26739
26686
18687
23926
20266
20146
25999
5176
3757
27100
16939
3377
10772
13121
2954
10730
17839
19728
4460
11331
26434
5569
677
5624
2440
14100
17383
13417
15193
17670
5172
16077
7807
9075
6352
26700
23192
11372
2123
9038
21335
21887
26919
26718
16754
2462
26441
13378
23599
22713
2852
16542
17071
15854
10518
23905
7093
23495
8586
9346
12765
1077
18456
17656
23685
25065
6614
1818
4015
13382
22553
13339
25431
21464
127
3568
15023
4018
4251
16834
11395
7858
8460
4406
27044
15859
14740
24216
19197
18267
26634
23383
14027
12316
16671
24984
26739
22351
26531
20725
6769
17416
24004
19756
18782
26148
15384
12815
3548
10449
5394
23286
19692
6661
1871
9178
19770
4126
19373
18671
5792
25340
9157
14286
4277
21812
25981
14556
12500
7912
16508
19360
9353
5934
17593
5561
26882
3313
11593
21039
12377
1037
2154
18919
8005
15856
9663
25959
10732
20600
27101
2863
24003
10439
27078
22827
26596
6113
435
3141
23441
21214
6050
2464
26707
18597
15033
21523
8831
4249
15631
6929
6285
9332
12767
26507
10995
3035
252
11491
27228
6709
24094
14298
20609
18385
21931
3844
2913
6780
5764
2180
23592
2534
26165
7061
23021
6470
7239
8390
11833
16390
14640
3450
4581
3451
12630
22140
